1 1 1  0.809 0.991
2 1 1  0.71 0.754
3 1 1  0.807 0.812
4 1 1  0.781 0.941
5 1 1  0.811 0.719
6 1 1  0.985 0.724
7 1 1  0.984 0.878
8 1 1  0.898 0.997
9 1 1  0.758 0.875
10 1 1  0.808 0.953
11 1 1  0.807 0.921
12 1 1  0.715 0.956
13 0 0 0.0 0.0
14 0 0 0.0 0.0
15 0 0 0.0 0.0
16 0 0 0.0 0.0
17 0 0 0.0 0.0
18 0 0 0.0 0.0
19 0 0 0.0 0.0
20 0 0 0.0 0.0
21 0 0 0.0 0.0
22 0 0 0.0 0.0
23 0 0 0.0 0.0
24 0 0 0.0 0.0
25 0 0 0.0 0.0
26 0 0 0.0 0.0
27 0 0 0.0 0.0
28 0 0 0.0 0.0
29 0 0 0.0 0.0
30 0 0 0.0 0.0
31 0 0 0.0 0.0
32 0 0 0.0 0.0
33 0 0 0.0 0.0
34 0 0 0.0 0.0
35 0 0 0.0 0.0
36 0 0 0.0 0.0
37 0 0 0.0 0.0
38 0 0 0.0 0.0
39 0 0 0.0 0.0
40 0 0 0.0 0.0
41 0 0 0.0 0.0
42 0 0 0.0 0.0
43 0 0 0.0 0.0
44 0 0 0.0 0.0
45 0 0 0.0 0.0
46 0 0 0.0 0.0
47 0 0 0.0 0.0
48 0 0 0.0 0.0
49 0 0 0.0 0.0
50 0 0 0.0 0.0
51 0 0 0.0 0.0
52 0 0 0.0 0.0
53 0 0 0.0 0.0
54 0 0 0.0 0.0
55 0 0 0.0 0.0
56 0 0 0.0 0.0
57 0 0 0.0 0.0
58 0 0 0.0 0.0
59 0 0 0.0 0.0
60 1 1  0.79 0.935
61 1 1  0.979 0.801
62 1 1  0.862 0.837
63 1 1  0.817 0.795
64 1 1  0.853 0.808
65 1 1  0.923 0.86
66 1 1  0.828 0.762
67 1 1  0.799 0.793
68 1 1  0.957 0.947
69 1 1  0.989 0.757
70 1 1  0.873 0.755
71 1 1  0.729 0.965
72 1 1  0.86 0.93
73 1 1  0.726 0.907
74 1 1  0.72 0.876
75 1 1  0.995 0.83
76 1 1  0.826 0.872
77 1 1  0.719 0.906
78 1 1  0.844 0.712
79 1 1  0.707 0.741
80 1 1  0.835 0.908
81 1 1  0.736 0.992
82 1 1  0.878 0.916
83 1 1  0.745 0.781
84 1 1  0.915 0.842
85 1 1  1 0.903
86 1 1  0.741 0.867
87 1 1  0.966 0.997
88 1 1  0.745 0.768
89 1 1  0.705 0.899
90 1 1  0.918 0.864
91 1 1  0.79 0.939
92 1 1  0.75 0.702
93 1 1  0.737 0.947
94 1 1  0.942 0.708
95 1 1  0.963 0.92
96 1 1  0.87 0.776
97 1 1  0.953 0.881
98 1 1  0.769 0.833
99 1 1  0.845 0.702
100 1 1  0.889 0.793
101 1 1  0.944 0.968
102 1 1  0.946 0.702
103 1 1  0.871 0.896
104 1 1  0.752 0.833
105 1 1  0.795 0.766
106 1 1  0.71 0.773
107 1 1  0.792 0.817
108 1 1  0.706 0.967
109 1 1  0.986 0.948
110 1 1  0.862 0.789
111 1 1  0.789 0.933
112 1 1  0.736 0.72
113 1 1  0.826 0.713
114 1 1  0.817 0.863
115 1 1  0.722 0.806
116 1 1  0.794 0.979
117 1 1  0.703 0.735
118 1 1  0.719 0.962
119 1 1  0.842 0.797
120 1 1  0.842 0.754
121 1 1  0.792 0.791
122 1 1  0.86 0.902
123 1 1  0.9 0.712
124 1 1  0.836 0.917
125 1 1  0.752 0.993
126 1 1  0.763 0.804
127 1 1  0.812 0.784
128 1 1  0.746 0.899
129 1 1  0.712 0.71
130 1 1  0.802 0.99
131 1 1  0.876 0.724
132 0 0 0.0 0.0
133 0 0 0.0 0.0
134 0 0 0.0 0.0
135 0 0 0.0 0.0
136 0 0 0.0 0.0
137 0 0 0.0 0.0
138 0 0 0.0 0.0
139 0 0 0.0 0.0
140 1 1  0.886 0.908
141 1 1  0.721 0.939
142 1 1  0.776 0.807
143 1 1  0.949 0.904
144 1 1  0.983 0.888
145 1 1  0.904 0.781
146 1 1  0.856 0.91
147 1 1  0.917 0.927
148 1 1  0.823 0.86
149 1 1  0.87 0.821
150 1 1  0.977 0.843
151 1 1  0.831 0.714
152 1 1  0.752 0.89
153 1 1  0.745 0.923
154 1 1  0.942 0.794
155 1 1  0.791 0.722
156 1 1  0.815 0.982
157 1 1  0.737 0.879
158 1 1  0.753 0.725
159 1 1  0.891 0.844
160 1 1  0.861 0.798
161 1 1  0.842 0.889
162 1 1  0.899 0.795
163 1 1  0.865 0.782
164 1 1  0.855 0.842
165 1 1  0.772 0.846
166 1 1  0.76 0.916
167 1 1  0.793 0.982
168 1 1  0.863 0.966
169 1 1  0.94 0.959
170 1 1  1 0.838
171 1 1  0.861 0.773
172 1 1  0.709 0.994
173 1 1  0.843 0.742
174 1 1  0.765 0.828
175 1 1  0.784 0.754
176 1 1  0.726 0.95
177 1 1  0.933 0.841
178 1 1  0.819 0.889
179 1 1  0.925 0.808
180 1 1  0.728 0.753
181 1 1  0.858 0.995
182 1 1  0.857 0.865
183 1 1  0.787 0.956
184 1 1  0.903 0.913
185 1 1  0.92 0.832
186 1 1  0.806 0.984
187 1 1  0.949 0.768
188 1 1  0.982 0.937
189 1 1  0.97 0.861
190 1 1  0.79 0.867
191 1 1  0.974 0.788
192 1 1  0.942 0.732
193 1 1  0.758 0.904
194 1 1  0.713 0.891
195 1 1  0.71 0.959
196 1 1  0.956 0.954
197 1 1  0.891 0.978
198 1 1  0.905 0.789
199 1 1  0.973 0.836
200 1 1  0.981 0.861
201 1 1  0.765 0.835
202 1 1  0.718 0.728
203 1 1  0.964 0.935
204 1 1  0.862 0.854
205 1 1  0.891 0.9
206 1 1  0.878 0.782
207 1 1  0.869 0.853
208 1 1  0.888 0.906
209 1 1  0.716 0.972
210 1 1  0.916 0.913
211 1 1  0.853 0.852
212 0 0 0.0 0.0
213 0 0 0.0 0.0
214 0 0 0.0 0.0
215 0 0 0.0 0.0
216 0 0 0.0 0.0
217 0 0 0.0 0.0
218 0 0 0.0 0.0
219 0 0 0.0 0.0
220 0 0 0.0 0.0
221 0 0 0.0 0.0
222 0 0 0.0 0.0
223 0 0 0.0 0.0
224 0 0 0.0 0.0
225 0 0 0.0 0.0
226 0 0 0.0 0.0
227 0 0 0.0 0.0
228 0 0 0.0 0.0
229 0 0 0.0 0.0
230 0 0 0.0 0.0
231 0 0 0.0 0.0
232 0 0 0.0 0.0
233 0 0 0.0 0.0
234 0 0 0.0 0.0
235 0 0 0.0 0.0
236 0 0 0.0 0.0
237 0 0 0.0 0.0
238 0 0 0.0 0.0
239 0 0 0.0 0.0
240 0 0 0.0 0.0
241 0 0 0.0 0.0
242 0 0 0.0 0.0
243 0 0 0.0 0.0
244 0 0 0.0 0.0
245 0 0 0.0 0.0
246 0 0 0.0 0.0
247 1 1  0.82 0.732
248 1 1  0.713 0.784
249 1 1  0.951 0.811
250 1 1  0.826 0.898
251 1 1  0.792 0.847
252 1 1  0.892 0.739
253 1 1  0.796 0.967
254 1 1  0.767 0.996
255 1 1  0.749 0.896
256 1 1  0.758 0.752
257 1 1  0.987 0.871
258 1 1  0.705 0.864
259 1 1  0.759 0.878
260 1 1  0.817 0.775
261 1 1  0.987 0.956
262 1 1  0.923 0.834
263 1 1  0.834 0.878
264 1 1  0.898 0.796
265 1 1  0.803 0.75
266 1 1  0.712 0.968
267 1 1  0.945 0.895
268 1 1  0.954 0.719
269 1 1  0.802 0.884
270 1 1  0.898 0.744
271 1 1  0.897 0.72
272 1 1  0.957 0.773
273 1 1  0.74 0.98
274 1 1  0.828 0.932
275 1 1  0.911 0.997
276 1 1  0.89 0.92
277 1 1  0.729 0.915
278 1 1  0.872 0.869
279 1 1  0.942 0.794
280 1 1  0.916 0.934
281 1 1  0.799 0.935
282 1 1  0.984 0.718
283 1 1  0.908 0.736
284 1 1  0.77 0.702
285 1 1  0.737 0.764
286 1 1  0.835 0.845
287 1 1  0.917 0.902
288 1 1  0.992 0.742
289 1 1  0.914 0.827
290 1 1  0.907 0.868
291 1 1  0.82 0.88
292 1 1  0.729 0.848
293 1 1  0.826 0.801
294 1 1  0.9 0.857
295 1 1  0.734 0.915
296 1 1  0.834 0.926
297 1 1  0.703 0.836
298 1 1  0.711 0.785
299 1 1  0.788 0.932
300 1 1  0.872 0.842
301 1 1  0.986 0.831
302 1 1  0.773 0.866
303 1 1  0.713 0.981
304 1 1  0.995 0.832
305 1 1  0.944 0.847
306 1 1  0.868 0.822
307 1 1  0.974 0.953
308 1 1  0.75 0.927
309 1 1  0.708 0.891
310 1 1  0.945 0.868
311 1 1  0.79 0.873
312 1 1  0.83 0.797
313 1 1  0.932 0.918
314 1 1  0.819 0.818
315 1 1  0.927 0.944
316 1 1  0.884 0.721
317 1 1  0.899 0.912
318 1 1  0.926 0.825
319 0 0 0.0 0.0
320 0 0 0.0 0.0
321 0 0 0.0 0.0
322 0 0 0.0 0.0
323 0 0 0.0 0.0
324 0 0 0.0 0.0
325 0 0 0.0 0.0
326 0 0 0.0 0.0
327 1 1  0.737 0.721
328 1 1  0.756 0.724
329 1 1  0.862 0.856
330 1 1  0.859 0.936
331 1 1  0.778 0.931
332 1 1  0.787 0.856
333 1 1  0.848 0.908
334 1 1  0.705 0.715
335 1 1  0.952 0.867
336 1 1  0.943 0.989
337 1 1  0.996 0.826
338 1 1  0.87 0.75
339 1 1  0.832 0.714
340 1 1  0.827 0.868
341 1 1  0.897 0.925
342 1 1  0.759 0.871
343 1 1  0.967 0.709
344 1 1  0.779 0.735
345 1 1  0.752 0.755
346 1 1  0.831 0.932
347 1 1  0.899 0.913
348 1 1  0.901 0.709
349 1 1  0.77 0.919
350 1 1  0.776 0.934
351 1 1  0.914 0.872
352 1 1  0.744 0.906
353 1 1  0.875 0.79
354 1 1  0.86 0.794
355 1 1  0.719 0.979
356 1 1  0.839 0.915
357 1 1  0.896 0.993
358 1 1  0.84 0.887
359 1 1  0.717 0.765
360 1 1  0.872 0.77
361 1 1  0.738 0.839
362 1 1  0.953 0.821
363 1 1  0.724 0.904
364 1 1  0.922 0.993
365 1 1  0.895 0.961
366 1 1  0.721 0.71
367 1 1  0.742 0.966
368 1 1  0.726 0.978
369 1 1  0.817 0.862
370 1 1  0.841 0.764
371 1 1  0.893 0.798
372 1 1  0.832 0.966
373 1 1  0.761 0.88
374 1 1  0.727 0.915
375 1 1  0.768 0.99
376 1 1  0.749 0.71
377 1 1  0.895 0.851
378 1 1  0.747 0.931
379 1 1  0.85 0.862
380 1 1  0.813 0.835
381 1 1  0.704 0.894
382 1 1  0.964 0.806
383 1 1  0.72 0.987
384 1 1  0.932 0.759
385 1 1  0.754 0.965
386 1 1  0.768 0.822
387 1 1  0.747 0.722
388 1 1  0.966 0.799
389 1 1  0.989 0.858
390 1 1  0.963 0.91
391 1 1  0.923 0.926
392 1 1  0.863 0.708
393 1 1  0.778 0.745
394 1 1  0.847 0.973
395 1 1  0.996 0.973
396 1 1  0.956 0.895
397 1 1  0.732 0.774
398 1 1  0.704 0.737
399 0 0 0.0 0.0
400 0 0 0.0 0.0
401 0 0 0.0 0.0
402 0 0 0.0 0.0
403 0 0 0.0 0.0
404 0 0 0.0 0.0
405 0 0 0.0 0.0
406 0 0 0.0 0.0
407 0 0 0.0 0.0
408 0 0 0.0 0.0
409 0 0 0.0 0.0
410 0 0 0.0 0.0
411 0 0 0.0 0.0
412 0 0 0.0 0.0
413 0 0 0.0 0.0
414 0 0 0.0 0.0
415 0 0 0.0 0.0
416 0 0 0.0 0.0
417 0 0 0.0 0.0
418 0 0 0.0 0.0
419 0 0 0.0 0.0
420 0 0 0.0 0.0
421 0 0 0.0 0.0
422 0 0 0.0 0.0
423 0 0 0.0 0.0
424 0 0 0.0 0.0
425 0 0 0.0 0.0
426 0 0 0.0 0.0
427 0 0 0.0 0.0
428 0 0 0.0 0.0
429 0 0 0.0 0.0
430 0 0 0.0 0.0
431 0 0 0.0 0.0
432 0 0 0.0 0.0
433 0 0 0.0 0.0
434 1 1  0.816 0.706
435 1 1  0.993 0.839
436 1 1  0.854 0.883
437 1 1  0.876 0.946
438 1 1  0.985 0.773
439 1 1  0.852 0.792
440 1 1  0.904 0.995
441 1 1  0.812 0.717
442 1 1  0.788 0.752
443 1 1  0.769 0.829
444 1 1  0.985 0.784
445 1 1  0.788 0.82
446 1 1  0.84 0.95
447 1 1  0.872 0.803
448 1 1  0.878 0.855
449 1 1  0.858 0.955
450 1 1  0.976 0.838
451 1 1  0.703 0.793
452 1 1  0.792 0.765
453 1 1  0.779 0.931
454 1 1  0.974 0.757
455 1 1  0.777 0.966
456 1 1  0.992 0.963
457 1 1  0.714 0.872
458 1 1  0.781 0.898
459 1 1  0.7 0.9
460 1 1  0.74 0.958
461 1 1  0.916 0.916
462 1 1  0.782 0.749
463 1 1  0.855 0.72
464 1 1  0.752 0.916
465 1 1  0.931 0.764
466 1 1  0.746 0.965
467 1 1  0.815 0.945
468 1 1  0.746 0.953
469 1 1  0.887 0.905
470 1 1  0.82 0.798
471 1 1  0.758 0.866
472 1 1  0.952 0.984
473 1 1  0.762 0.935
474 1 1  0.959 0.99
475 1 1  0.981 0.891
476 1 1  0.807 0.932
477 1 1  0.923 0.813
478 1 1  0.832 0.927
479 1 1  0.837 0.723
480 1 1  0.837 0.711
481 1 1  0.906 0.962
482 1 1  0.912 0.995
483 1 1  0.757 0.763
484 1 1  0.819 0.848
485 1 1  0.765 0.882
486 1 1  0.964 0.898
487 1 1  0.717 0.858
488 1 1  0.974 0.889
489 1 1  0.907 0.733
490 1 1  0.981 0.811
491 1 1  0.756 0.922
492 1 1  0.916 0.809
493 1 1  0.709 0.926
494 1 1  0.921 0.804
495 1 1  0.979 0.721
496 1 1  0.879 0.945
497 1 1  0.961 0.706
498 1 1  0.872 0.738
499 1 1  0.782 0.778
500 1 1  0.988 0.985
501 1 1  0.995 0.825
502 1 1  0.813 0.723
503 1 1  0.883 0.951
504 1 1  0.841 0.905
505 1 1  0.789 0.947
506 0 0 0.0 0.0
507 0 0 0.0 0.0
508 0 0 0.0 0.0
509 0 0 0.0 0.0
510 0 0 0.0 0.0
511 0 0 0.0 0.0
512 0 0 0.0 0.0
513 0 0 0.0 0.0
514 1 1  0.881 0.898
515 1 1  0.853 0.894
516 1 1  0.73 0.932
517 1 1  0.867 0.918
518 1 1  0.842 0.769
519 1 1  0.986 0.888
520 1 1  0.907 0.872
521 1 1  0.813 0.898
522 1 1  0.726 0.91
523 1 1  0.736 0.824
524 1 1  0.972 0.841
525 1 1  0.783 0.949
526 1 1  0.885 0.813
527 1 1  0.918 0.751
528 1 1  0.761 0.873
529 1 1  0.994 0.909
530 1 1  0.882 0.955
531 1 1  0.86 0.942
532 1 1  0.728 0.998
533 1 1  0.997 0.71
534 1 1  0.709 0.899
535 1 1  0.841 0.828
536 1 1  0.969 0.927
537 1 1  0.783 0.907
538 1 1  0.899 0.764
539 1 1  0.852 0.907
540 1 1  0.934 0.772
541 1 1  0.881 0.738
542 1 1  0.986 0.72
543 1 1  0.77 0.83
544 1 1  0.915 0.883
545 1 1  0.928 0.831
546 1 1  0.821 0.895
547 1 1  0.938 0.917
548 1 1  0.91 0.908
549 1 1  0.937 0.811
550 1 1  0.745 0.706
551 1 1  0.876 0.758
552 1 1  0.8 0.773
553 1 1  0.991 0.9
554 1 1  0.783 0.74
555 1 1  0.975 0.801
556 1 1  0.898 0.862
557 1 1  0.732 0.893
558 1 1  0.712 0.961
559 1 1  0.85 0.73
560 1 1  0.94 0.939
561 1 1  0.827 0.955
562 1 1  0.712 0.909
563 1 1  0.851 0.994
564 1 1  0.936 0.929
565 1 1  0.73 0.782
566 1 1  0.998 0.913
567 1 1  0.856 0.825
568 1 1  0.915 0.876
569 1 1  0.771 0.817
570 1 1  0.905 0.851
571 1 1  0.904 0.762
572 1 1  0.701 0.914
573 1 1  0.947 0.704
574 1 1  0.771 0.712
575 1 1  0.932 0.785
576 1 1  0.829 0.845
577 1 1  0.985 0.935
578 1 1  0.919 0.853
579 1 1  0.724 0.999
580 1 1  0.786 0.898
581 1 1  0.804 0.915
582 1 1  0.974 0.948
583 1 1  0.794 0.936
584 1 1  0.918 0.707
585 1 1  0.714 0.75
586 0 0 0.0 0.0
587 0 0 0.0 0.0
588 0 0 0.0 0.0
589 0 0 0.0 0.0
590 0 0 0.0 0.0
591 0 0 0.0 0.0
592 0 0 0.0 0.0
593 0 0 0.0 0.0
594 0 0 0.0 0.0
595 0 0 0.0 0.0
596 0 0 0.0 0.0
597 0 0 0.0 0.0
598 0 0 0.0 0.0
599 0 0 0.0 0.0
600 0 0 0.0 0.0
601 0 0 0.0 0.0
602 0 0 0.0 0.0
603 0 0 0.0 0.0
604 0 0 0.0 0.0
605 0 0 0.0 0.0
606 0 0 0.0 0.0
607 0 0 0.0 0.0
608 0 0 0.0 0.0
609 0 0 0.0 0.0
610 0 0 0.0 0.0
611 0 0 0.0 0.0
612 0 0 0.0 0.0
613 0 0 0.0 0.0
614 0 0 0.0 0.0
615 0 0 0.0 0.0
616 0 0 0.0 0.0
617 0 0 0.0 0.0
618 0 0 0.0 0.0
619 0 0 0.0 0.0
620 0 0 0.0 0.0
621 1 1  0.824 0.778
622 1 1  0.962 0.974
623 1 1  0.759 0.951
624 1 1  0.902 0.744
625 1 1  0.933 0.812
626 1 1  0.78 0.869
627 1 1  0.861 0.922
628 1 1  0.906 0.937
629 1 1  0.772 0.77
630 1 1  0.827 0.864
631 1 1  0.74 0.833
632 1 1  0.888 0.844
633 1 1  0.703 0.872
634 1 1  0.794 0.828
635 1 1  0.75 0.77
636 1 1  0.735 0.969
637 1 1  0.844 0.808
638 1 1  0.994 0.916
639 1 1  0.969 0.749
640 1 1  0.761 0.991
641 1 1  0.908 0.701
642 1 1  0.999 0.873
643 1 1  0.855 0.843
644 1 1  0.79 0.865
645 1 1  0.991 0.727
646 1 1  0.985 0.712
647 1 1  0.992 0.884
648 1 1  0.947 0.779
649 1 1  0.825 0.819
650 1 1  0.808 0.946
651 1 1  0.951 0.95
652 1 1  0.768 0.953
653 1 1  0.964 0.881
654 1 1  0.783 0.755
655 1 1  0.73 0.797
656 1 1  0.727 0.975
657 1 1  0.846 0.979
658 1 1  0.816 0.804
659 1 1  0.844 0.798
660 1 1  0.832 0.716
661 1 1  0.943 0.882
662 1 1  0.805 0.859
663 1 1  0.881 0.898
664 1 1  0.838 0.863
665 1 1  0.802 0.975
666 1 1  0.935 0.863
667 1 1  0.751 0.889
668 1 1  0.778 0.759
669 1 1  0.943 0.773
670 1 1  0.703 0.864
671 1 1  0.989 0.776
672 1 1  0.813 0.748
673 1 1  0.858 0.793
674 1 1  0.875 0.808
675 1 1  0.784 0.784
676 1 1  0.756 0.855
677 1 1  0.928 0.879
678 1 1  0.74 0.846
679 1 1  0.754 0.817
680 1 1  0.804 0.756
681 1 1  0.96 0.876
682 1 1  0.723 0.911
683 1 1  0.886 0.889
684 1 1  0.708 0.813
685 1 1  0.897 0.798
686 1 1  0.782 0.964
687 1 1  0.811 0.969
688 1 1  0.842 0.883
689 1 1  0.77 0.845
690 1 1  0.868 0.819
691 1 1  0.777 0.713
692 1 1  0.764 0.722
693 0 0 0.0 0.0
694 0 0 0.0 0.0
695 0 0 0.0 0.0
696 0 0 0.0 0.0
697 0 0 0.0 0.0
698 0 0 0.0 0.0
699 0 0 0.0 0.0
700 0 0 0.0 0.0
701 1 1  0.782 0.961
702 1 1  0.968 0.793
703 1 1  0.746 0.997
704 1 1  0.98 0.947
705 1 1  0.844 0.726
706 1 1  0.821 0.745
707 1 1  0.94 0.937
708 1 1  0.945 0.723
709 1 1  0.914 0.938
710 1 1  0.899 0.995
711 1 1  0.781 0.889
712 1 1  0.97 0.89
713 1 1  0.997 0.93
714 1 1  0.987 0.735
715 1 1  0.927 0.758
716 1 1  0.924 0.753
717 1 1  0.807 0.912
718 1 1  0.801 0.882
719 1 1  0.995 0.949
720 1 1  0.83 0.982
721 1 1  0.813 0.848
722 1 1  0.933 0.831
723 1 1  0.807 0.853
724 1 1  0.909 0.717
725 1 1  0.901 0.797
726 1 1  0.908 0.707
727 1 1  0.922 0.84
728 1 1  0.935 0.868
729 1 1  0.942 0.993
730 1 1  0.898 0.817
731 1 1  0.821 0.709
732 1 1  0.768 0.936
733 1 1  0.831 0.726
734 1 1  0.719 0.759
735 1 1  0.872 0.715
736 1 1  0.907 0.927
737 1 1  0.846 0.756
738 1 1  0.711 0.856
739 1 1  0.888 0.972
740 1 1  0.877 0.914
741 1 1  0.951 0.98
742 1 1  0.979 0.979
743 1 1  0.942 0.999
744 1 1  0.728 0.971
745 1 1  0.923 0.916
746 1 1  0.745 0.811
747 1 1  0.723 0.767
748 1 1  0.924 0.79
749 1 1  0.986 0.894
750 1 1  0.728 0.971
751 1 1  0.841 0.958
752 1 1  0.943 0.951
753 1 1  0.786 0.854
754 1 1  0.872 0.764
755 1 1  0.999 0.938
756 1 1  0.72 0.808
757 1 1  0.738 0.795
758 1 1  0.973 0.858
759 1 1  0.708 0.719
760 1 1  0.896 0.808
761 1 1  0.722 0.829
762 1 1  0.873 0.802
763 1 1  0.914 0.754
764 1 1  0.772 0.764
765 1 1  0.917 0.825
766 1 1  0.739 0.713
767 1 1  0.946 0.881
768 1 1  0.855 0.832
769 1 1  0.799 0.756
770 1 1  0.932 0.82
771 1 1  0.718 0.835
772 1 1  0.969 0.784
773 0 0 0.0 0.0
774 0 0 0.0 0.0
775 0 0 0.0 0.0
776 0 0 0.0 0.0
777 0 0 0.0 0.0
778 0 0 0.0 0.0
779 0 0 0.0 0.0
780 0 0 0.0 0.0
781 0 0 0.0 0.0
782 0 0 0.0 0.0
783 0 0 0.0 0.0
784 0 0 0.0 0.0
785 0 0 0.0 0.0
786 0 0 0.0 0.0
787 0 0 0.0 0.0
788 0 0 0.0 0.0
789 0 0 0.0 0.0
790 0 0 0.0 0.0
791 0 0 0.0 0.0
792 0 0 0.0 0.0
793 0 0 0.0 0.0
794 0 0 0.0 0.0
795 0 0 0.0 0.0
796 0 0 0.0 0.0
797 0 0 0.0 0.0
798 0 0 0.0 0.0
799 0 0 0.0 0.0
800 0 0 0.0 0.0
801 0 0 0.0 0.0
802 0 0 0.0 0.0
803 0 0 0.0 0.0
804 0 0 0.0 0.0
805 0 0 0.0 0.0
806 0 0 0.0 0.0
807 0 0 0.0 0.0
808 0 0 0.0 0.0
809 0 0 0.0 0.0
810 0 0 0.0 0.0
811 0 0 0.0 0.0
812 0 0 0.0 0.0
813 0 0 0.0 0.0
814 0 0 0.0 0.0
815 0 0 0.0 0.0
816 0 0 0.0 0.0
817 0 0 0.0 0.0
818 0 0 0.0 0.0
819 0 0 0.0 0.0
820 0 0 0.0 0.0
821 0 0 0.0 0.0
822 0 0 0.0 0.0
823 0 0 0.0 0.0
824 0 0 0.0 0.0
825 0 0 0.0 0.0
826 0 0 0.0 0.0
827 0 0 0.0 0.0
828 0 0 0.0 0.0
829 0 0 0.0 0.0
830 0 0 0.0 0.0
831 0 0 0.0 0.0
832 0 0 0.0 0.0
833 0 0 0.0 0.0
834 0 0 0.0 0.0
835 0 0 0.0 0.0
836 0 0 0.0 0.0
837 0 0 0.0 0.0
838 0 0 0.0 0.0
839 0 0 0.0 0.0
840 0 0 0.0 0.0
841 0 0 0.0 0.0
842 0 0 0.0 0.0
843 0 0 0.0 0.0
844 0 0 0.0 0.0
845 0 0 0.0 0.0
846 0 0 0.0 0.0
847 1 1  0.935 0.987
848 1 1  0.932 0.836
849 1 1  0.943 0.767
850 1 1  0.963 0.863
851 1 1  0.76 0.745
852 1 1  0.886 0.783
853 1 1  0.936 0.752
854 1 1  0.821 0.866
855 1 1  0.712 0.785
856 1 1  0.882 0.916
857 1 1  0.719 0.877
858 1 1  0.784 0.896
859 1 1  0.861 0.838
860 1 1  0.772 0.998
861 1 1  0.849 0.736
862 1 1  0.814 0.861
863 1 1  0.958 0.985
864 1 1  0.904 0.933
865 1 1  0.847 0.977
866 1 1  0.777 0.839
867 1 1  0.797 0.718
868 1 1  0.718 0.757
869 1 1  0.876 0.768
870 1 1  0.819 0.717
871 1 1  0.858 0.765
872 1 1  0.834 0.946
873 1 1  0.812 0.891
874 1 1  0.756 0.769
875 1 1  0.772 0.706
876 1 1  0.931 0.888
877 1 1  0.911 0.778
878 1 1  0.815 0.856
879 1 1  0.836 0.889
880 1 1  0.985 0.822
881 1 1  0.741 0.831
882 1 1  0.886 0.935
883 1 1  0.958 0.931
884 1 1  0.736 0.763
885 1 1  0.764 0.92
886 1 1  0.774 0.725
887 1 1  0.923 0.771
888 1 1  0.879 0.943
889 1 1  0.962 0.823
890 1 1  0.866 0.767
891 1 1  0.995 0.895
892 1 1  0.712 0.736
893 1 1  0.754 0.863
894 1 1  0.748 0.77
895 1 1  0.903 0.965
896 1 1  0.993 0.768
897 1 1  0.745 0.873
898 1 1  0.738 0.934
899 1 1  0.883 0.804
900 1 1  0.869 0.822
901 1 1  0.806 0.953
902 1 1  0.719 0.79
903 1 1  0.863 0.74
904 1 1  0.791 0.767
905 1 1  0.871 0.839
906 1 1  0.791 0.8
907 1 1  0.715 0.896
908 1 1  0.731 0.907
909 1 1  0.902 0.889
910 1 1  0.968 0.808
911 1 1  0.818 0.783
912 1 1  0.961 0.701
913 1 1  0.872 0.733
914 1 1  0.998 0.732
915 1 1  0.9 0.733
916 1 1  0.857 0.811
917 1 1  0.936 0.875
918 1 1  0.985 0.731
919 0 0 0.0 0.0
920 0 0 0.0 0.0
921 0 0 0.0 0.0
922 0 0 0.0 0.0
923 0 0 0.0 0.0
924 0 0 0.0 0.0
925 0 0 0.0 0.0
926 0 0 0.0 0.0
927 0 0 0.0 0.0
928 0 0 0.0 0.0
929 0 0 0.0 0.0
930 0 0 0.0 0.0
931 0 0 0.0 0.0
932 0 0 0.0 0.0
933 0 0 0.0 0.0
934 0 0 0.0 0.0
935 0 0 0.0 0.0
936 0 0 0.0 0.0
937 0 0 0.0 0.0
938 0 0 0.0 0.0
939 0 0 0.0 0.0
940 0 0 0.0 0.0
941 0 0 0.0 0.0
942 0 0 0.0 0.0
943 0 0 0.0 0.0
944 0 0 0.0 0.0
945 0 0 0.0 0.0
946 0 0 0.0 0.0
947 0 0 0.0 0.0
948 0 0 0.0 0.0
949 0 0 0.0 0.0
950 0 0 0.0 0.0
951 0 0 0.0 0.0
952 0 0 0.0 0.0
953 0 0 0.0 0.0
954 1 1  0.751 0.985
955 1 1  0.741 0.987
956 1 1  0.715 0.724
957 1 1  0.727 0.708
958 1 1  0.929 0.998
959 1 1  0.872 0.969
960 1 1  0.718 0.89
961 1 1  0.707 0.717
962 1 1  0.91 0.963
963 1 1  0.956 0.703
964 1 1  0.748 0.988
965 1 1  0.704 0.778
966 1 1  0.729 0.746
967 1 1  0.729 0.868
968 1 1  0.892 0.922
969 1 1  0.907 0.938
970 1 1  0.736 0.757
971 1 1  0.931 0.779
972 1 1  0.984 0.945
973 1 1  0.747 0.82
974 1 1  0.86 0.764
975 1 1  0.883 0.807
976 1 1  0.993 0.824
977 1 1  0.789 0.85
978 1 1  0.743 0.962
979 1 1  0.828 0.828
980 1 1  0.762 0.746
981 1 1  0.938 0.951
982 1 1  0.802 0.889
983 1 1  0.904 0.809
984 1 1  0.821 0.845
985 1 1  0.754 0.85
986 1 1  0.923 0.941
987 1 1  0.852 0.863
988 1 1  0.735 0.949
989 1 1  0.987 0.936
990 1 1  0.889 0.727
991 1 1  0.887 0.757
992 1 1  0.761 0.866
993 1 1  0.868 0.755
994 1 1  0.913 0.971
995 1 1  0.779 0.85
996 1 1  0.738 0.848
997 1 1  0.921 0.85
998 1 1  0.819 0.938
999 1 1  0.717 0.982
1000 1 1  0.908 0.924
1001 1 1  0.887 0.957
1002 1 1  0.88 0.968
1003 1 1  0.864 0.956
1004 1 1  0.88 0.983
1005 1 1  0.862 0.736
1006 1 1  0.925 0.716
1007 1 1  0.921 0.773
1008 1 1  0.946 0.736
1009 1 1  0.801 0.997
1010 1 1  0.868 0.746
1011 1 1  0.957 0.824
1012 1 1  0.927 0.705
1013 1 1  0.941 0.92
1014 1 1  0.918 0.934
1015 1 1  0.774 0.941
1016 1 1  0.928 0.808
1017 1 1  0.832 0.826
1018 1 1  0.869 0.759
1019 1 1  0.707 0.75
1020 1 1  0.795 0.834
1021 1 1  0.896 0.717
1022 1 1  0.787 0.798
1023 1 1  0.7 0.707
1024 1 1  0.718 0.75
1025 1 1  0.74 0.986
1026 0 0 0.0 0.0
1027 0 0 0.0 0.0
1028 0 0 0.0 0.0
1029 0 0 0.0 0.0
1030 0 0 0.0 0.0
1031 0 0 0.0 0.0
1032 0 0 0.0 0.0
1033 0 0 0.0 0.0
1034 1 1  0.848 0.766
1035 1 1  0.978 0.983
1036 1 1  0.837 0.754
1037 1 1  0.701 0.797
1038 1 1  0.978 0.744
1039 1 1  0.723 0.741
1040 1 1  0.924 0.974
1041 1 1  0.993 0.959
1042 1 1  0.901 0.792
1043 1 1  0.936 0.823
1044 1 1  0.853 0.907
1045 1 1  0.887 0.946
1046 1 1  0.82 0.957
1047 1 1  0.809 0.826
1048 1 1  0.993 0.997
1049 1 1  0.846 0.954
1050 1 1  0.757 0.906
1051 1 1  0.87 0.955
1052 1 1  0.975 0.936
1053 1 1  0.89 0.878
1054 1 1  0.742 0.741
1055 1 1  0.862 0.97
1056 1 1  0.91 0.823
1057 1 1  0.975 0.961
1058 1 1  0.92 0.892
1059 1 1  0.972 0.765
1060 1 1  0.986 0.81
1061 1 1  0.991 0.948
1062 1 1  0.929 0.989
1063 1 1  0.814 0.747
1064 1 1  0.943 0.738
1065 1 1  0.931 0.836
1066 1 1  0.755 0.845
1067 1 1  0.746 0.706
1068 1 1  0.917 0.909
1069 1 1  0.784 0.817
1070 1 1  0.769 0.921
1071 1 1  0.962 0.89
1072 1 1  0.802 0.883
1073 1 1  0.841 0.952
1074 1 1  0.908 0.749
1075 1 1  0.99 0.836
1076 1 1  0.967 0.883
1077 1 1  0.934 0.714
1078 1 1  0.745 0.922
1079 1 1  0.903 0.7
1080 1 1  0.739 0.733
1081 1 1  0.93 0.89
1082 1 1  0.878 0.993
1083 1 1  0.997 0.809
1084 1 1  0.91 0.777
1085 1 1  0.867 0.949
1086 1 1  0.91 0.836
1087 1 1  0.817 0.719
1088 1 1  0.866 0.757
1089 1 1  0.794 0.789
1090 1 1  0.915 0.959
1091 1 1  0.727 0.844
1092 1 1  0.922 0.934
1093 1 1  0.947 0.732
1094 1 1  0.912 0.77
1095 1 1  0.747 0.912
1096 1 1  0.914 0.99
1097 1 1  0.99 0.736
1098 1 1  0.88 0.948
1099 1 1  0.912 0.836
1100 1 1  0.993 0.848
1101 1 1  0.884 0.933
1102 1 1  0.804 0.953
1103 1 1  0.725 0.822
1104 1 1  0.903 0.88
1105 1 1  0.779 0.719
1106 0 0 0.0 0.0
1107 0 0 0.0 0.0
1108 0 0 0.0 0.0
1109 0 0 0.0 0.0
1110 0 0 0.0 0.0
1111 0 0 0.0 0.0
1112 0 0 0.0 0.0
1113 0 0 0.0 0.0
1114 0 0 0.0 0.0
1115 0 0 0.0 0.0
1116 0 0 0.0 0.0
1117 0 0 0.0 0.0
1118 0 0 0.0 0.0
1119 0 0 0.0 0.0
1120 0 0 0.0 0.0
1121 0 0 0.0 0.0
1122 0 0 0.0 0.0
1123 0 0 0.0 0.0
1124 0 0 0.0 0.0
1125 0 0 0.0 0.0
1126 0 0 0.0 0.0
1127 0 0 0.0 0.0
1128 0 0 0.0 0.0
1129 0 0 0.0 0.0
1130 0 0 0.0 0.0
1131 0 0 0.0 0.0
1132 0 0 0.0 0.0
1133 0 0 0.0 0.0
1134 0 0 0.0 0.0
1135 0 0 0.0 0.0
1136 0 0 0.0 0.0
1137 0 0 0.0 0.0
1138 0 0 0.0 0.0
1139 0 0 0.0 0.0
1140 0 0 0.0 0.0
1141 1 1  0.719 0.988
1142 1 1  0.914 0.754
1143 1 1  0.862 0.714
1144 1 1  0.829 0.75
1145 1 1  0.998 0.8
1146 1 1  0.996 0.922
1147 1 1  0.759 0.846
1148 1 1  0.885 0.718
1149 1 1  0.906 0.869
1150 1 1  0.826 0.977
1151 1 1  0.939 0.716
1152 1 1  0.808 0.724
1153 1 1  0.907 0.938
1154 1 1  0.988 0.844
1155 1 1  0.846 0.913
1156 1 1  0.912 0.759
1157 1 1  0.903 0.967
1158 1 1  0.731 0.917
1159 1 1  0.744 0.912
1160 1 1  0.732 0.856
1161 1 1  0.934 0.832
1162 1 1  0.784 0.915
1163 1 1  0.834 0.761
1164 1 1  0.865 0.799
1165 1 1  0.881 0.988
1166 1 1  0.888 0.882
1167 1 1  0.733 0.966
1168 1 1  0.846 0.872
1169 1 1  0.741 0.871
1170 1 1  0.735 0.854
1171 1 1  0.991 0.749
1172 1 1  0.94 0.893
1173 1 1  0.863 0.708
1174 1 1  0.894 0.724
1175 1 1  0.753 0.771
1176 1 1  0.969 0.99
1177 1 1  0.875 0.962
1178 1 1  0.875 0.886
1179 1 1  0.91 0.749
1180 1 1  0.916 0.872
1181 1 1  0.731 0.732
1182 1 1  0.959 0.829
1183 1 1  0.968 0.911
1184 1 1  0.756 0.938
1185 1 1  0.968 0.878
1186 1 1  0.881 0.919
1187 1 1  0.951 0.858
1188 1 1  0.814 0.909
1189 1 1  0.943 0.744
1190 1 1  0.963 0.79
1191 1 1  0.918 0.734
1192 1 1  0.857 0.973
1193 1 1  0.99 0.711
1194 1 1  0.728 0.927
1195 1 1  0.834 0.826
1196 1 1  0.858 0.701
1197 1 1  0.827 0.781
1198 1 1  0.729 0.72
1199 1 1  0.761 0.745
1200 1 1  0.9 0.845
1201 1 1  0.89 0.99
1202 1 1  0.997 0.906
1203 1 1  0.933 0.748
1204 1 1  0.9 0.739
1205 1 1  0.884 0.896
1206 1 1  0.772 0.855
1207 1 1  0.937 0.816
1208 1 1  0.77 0.77
1209 1 1  0.873 0.794
1210 1 1  0.877 0.836
1211 1 1  0.724 0.787
1212 1 1  0.957 0.986
1213 0 0 0.0 0.0
1214 0 0 0.0 0.0
1215 0 0 0.0 0.0
1216 0 0 0.0 0.0
1217 0 0 0.0 0.0
1218 0 0 0.0 0.0
1219 0 0 0.0 0.0
1220 0 0 0.0 0.0
1221 1 1  0.855 0.846
1222 1 1  0.965 0.793
1223 1 1  0.71 0.924
1224 1 1  0.814 0.946
1225 1 1  0.977 0.931
1226 1 1  0.914 0.807
1227 1 1  0.841 0.953
1228 1 1  0.903 0.747
1229 1 1  0.912 0.865
1230 1 1  0.886 0.919
1231 1 1  0.844 0.995
1232 1 1  0.832 0.974
1233 1 1  0.982 0.921
1234 1 1  0.757 0.858
1235 1 1  0.779 0.809
1236 1 1  0.973 0.754
1237 1 1  0.706 0.971
1238 1 1  0.78 0.772
1239 1 1  0.956 0.88
1240 1 1  0.71 0.823
1241 1 1  0.815 0.729
1242 1 1  0.752 0.982
1243 1 1  0.805 0.745
1244 1 1  0.826 0.727
1245 1 1  0.94 0.748
1246 1 1  0.891 0.795
1247 1 1  0.991 0.936
1248 1 1  0.724 0.809
1249 1 1  0.998 0.818
1250 1 1  0.935 0.841
1251 1 1  0.722 0.771
1252 1 1  0.922 0.971
1253 1 1  1 0.967
1254 1 1  0.829 0.73
1255 1 1  0.987 0.945
1256 1 1  0.797 0.705
1257 1 1  0.879 0.947
1258 1 1  0.868 0.842
1259 1 1  0.734 0.877
1260 1 1  0.95 0.93
1261 1 1  0.905 0.881
1262 1 1  0.894 0.791
1263 1 1  0.757 0.83
1264 1 1  0.92 0.871
1265 1 1  0.816 0.878
1266 1 1  0.777 0.83
1267 1 1  0.967 0.712
1268 1 1  0.873 0.886
1269 1 1  0.825 0.959
1270 1 1  0.731 0.986
1271 1 1  0.858 0.913
1272 1 1  0.83 0.717
1273 1 1  0.938 0.746
1274 1 1  0.834 0.742
1275 1 1  0.993 0.84
1276 1 1  0.834 0.917
1277 1 1  0.715 0.701
1278 1 1  0.858 0.815
1279 1 1  0.783 0.968
1280 1 1  0.851 0.982
1281 1 1  0.859 0.928
1282 1 1  0.837 0.974
1283 1 1  0.708 0.902
1284 1 1  0.961 0.893
1285 1 1  0.809 0.973
1286 1 1  0.911 0.718
1287 1 1  0.835 0.921
1288 1 1  0.786 0.949
1289 1 1  0.776 0.972
1290 1 1  0.738 0.809
1291 1 1  0.909 0.858
1292 1 1  0.949 0.737
1293 0 0 0.0 0.0
1294 0 0 0.0 0.0
1295 0 0 0.0 0.0
1296 0 0 0.0 0.0
1297 0 0 0.0 0.0
1298 0 0 0.0 0.0
1299 0 0 0.0 0.0
1300 0 0 0.0 0.0
1301 0 0 0.0 0.0
1302 0 0 0.0 0.0
1303 0 0 0.0 0.0
1304 0 0 0.0 0.0
1305 0 0 0.0 0.0
1306 0 0 0.0 0.0
1307 0 0 0.0 0.0
1308 0 0 0.0 0.0
1309 0 0 0.0 0.0
1310 0 0 0.0 0.0
1311 0 0 0.0 0.0
1312 0 0 0.0 0.0
1313 0 0 0.0 0.0
1314 0 0 0.0 0.0
1315 0 0 0.0 0.0
1316 0 0 0.0 0.0
1317 0 0 0.0 0.0
1318 0 0 0.0 0.0
1319 0 0 0.0 0.0
1320 0 0 0.0 0.0
1321 0 0 0.0 0.0
1322 0 0 0.0 0.0
1323 0 0 0.0 0.0
1324 0 0 0.0 0.0
1325 0 0 0.0 0.0
1326 0 0 0.0 0.0
1327 0 0 0.0 0.0
1328 1 1  0.739 0.843
1329 1 1  0.764 0.903
1330 1 1  0.929 0.935
1331 1 1  0.887 0.974
1332 1 1  0.81 0.732
1333 1 1  0.97 0.762
1334 1 1  0.735 0.944
1335 1 1  0.733 0.821
1336 1 1  0.713 0.733
1337 1 1  0.772 0.712
1338 1 1  0.971 0.755
1339 1 1  0.858 0.854
1340 1 1  0.842 0.862
1341 1 1  0.915 0.886
1342 1 1  0.797 0.797
1343 1 1  0.934 0.83
1344 1 1  0.711 0.956
1345 1 1  0.988 0.78
1346 1 1  0.865 0.828
1347 1 1  0.951 0.801
1348 1 1  0.981 0.711
1349 1 1  0.775 0.889
1350 1 1  0.777 0.902
1351 1 1  0.812 0.853
1352 1 1  0.849 0.893
1353 1 1  0.994 0.926
1354 1 1  0.901 0.885
1355 1 1  0.783 0.968
1356 1 1  0.73 0.983
1357 1 1  0.992 0.716
1358 1 1  0.914 0.804
1359 1 1  0.772 0.953
1360 1 1  0.957 0.739
1361 1 1  0.814 0.836
1362 1 1  0.873 0.902
1363 1 1  0.854 0.869
1364 1 1  0.894 0.792
1365 1 1  0.854 0.841
1366 1 1  0.963 0.847
1367 1 1  0.891 0.858
1368 1 1  0.725 0.892
1369 1 1  0.946 0.983
1370 1 1  0.766 0.719
1371 1 1  0.887 0.957
1372 1 1  0.874 0.989
1373 1 1  0.967 0.929
1374 1 1  0.936 0.971
1375 1 1  0.994 0.832
1376 1 1  0.859 0.914
1377 1 1  0.763 0.933
1378 1 1  0.785 0.839
1379 1 1  0.858 0.795
1380 1 1  0.801 0.98
1381 1 1  0.704 0.904
1382 1 1  0.817 0.938
1383 1 1  0.95 0.865
1384 1 1  0.914 0.932
1385 1 1  0.84 0.891
1386 1 1  0.855 0.986
1387 1 1  0.961 0.886
1388 1 1  0.873 0.911
1389 1 1  0.716 0.978
1390 1 1  0.863 0.923
1391 1 1  0.716 0.743
1392 1 1  0.83 0.814
1393 1 1  0.954 0.936
1394 1 1  0.945 0.742
1395 1 1  0.957 0.794
1396 1 1  0.715 0.956
1397 1 1  0.731 0.804
1398 1 1  0.872 0.823
1399 1 1  0.901 0.844
1400 0 0 0.0 0.0
1401 0 0 0.0 0.0
1402 0 0 0.0 0.0
1403 0 0 0.0 0.0
1404 0 0 0.0 0.0
1405 0 0 0.0 0.0
1406 0 0 0.0 0.0
1407 0 0 0.0 0.0
1408 1 1  0.946 0.88
1409 1 1  0.798 0.787
1410 1 1  0.883 0.944
1411 1 1  0.858 0.921
1412 1 1  0.745 0.862
1413 1 1  0.91 0.88
1414 1 1  0.946 0.834
1415 1 1  0.985 0.808
1416 1 1  0.923 0.998
1417 1 1  0.883 0.869
1418 1 1  0.987 0.858
1419 1 1  0.994 0.884
1420 1 1  0.875 0.799
1421 1 1  0.889 0.97
1422 1 1  0.912 0.758
1423 1 1  0.749 0.73
1424 1 1  0.73 0.902
1425 1 1  0.745 0.902
1426 1 1  0.985 0.912
1427 1 1  0.718 0.941
1428 1 1  0.901 0.974
1429 1 1  0.875 0.794
1430 1 1  0.942 0.861
1431 1 1  0.864 0.832
1432 1 1  0.86 0.999
1433 1 1  0.936 0.993
1434 1 1  0.951 0.916
1435 1 1  0.993 0.92
1436 1 1  0.937 0.737
1437 1 1  0.742 0.717
1438 1 1  0.835 0.866
1439 1 1  0.99 0.957
1440 1 1  0.994 0.81
1441 1 1  0.833 0.854
1442 1 1  0.836 0.826
1443 1 1  0.815 0.994
1444 1 1  0.841 0.961
1445 1 1  0.865 0.819
1446 1 1  0.79 0.808
1447 1 1  0.935 0.943
1448 1 1  0.894 0.883
1449 1 1  0.819 0.915
1450 1 1  0.812 0.905
1451 1 1  0.821 0.858
1452 1 1  0.88 0.814
1453 1 1  0.959 0.86
1454 1 1  0.845 0.909
1455 1 1  0.826 0.822
1456 1 1  0.956 0.847
1457 1 1  0.886 0.97
1458 1 1  0.804 0.823
1459 1 1  0.731 0.76
1460 1 1  0.785 0.8
1461 1 1  0.963 0.72
1462 1 1  0.914 0.92
1463 1 1  0.731 0.983
1464 1 1  0.783 0.945
1465 1 1  0.914 0.716
1466 1 1  0.845 0.861
1467 1 1  0.976 0.929
1468 1 1  0.949 0.794
1469 1 1  0.82 0.85
1470 1 1  0.971 0.889
1471 1 1  0.807 0.98
1472 1 1  0.719 0.891
1473 1 1  0.967 0.826
1474 1 1  0.915 0.846
1475 1 1  0.857 0.753
1476 1 1  0.818 0.745
1477 1 1  0.809 0.777
1478 1 1  0.954 0.789
1479 1 1  0.888 0.998
1480 0 0 0.0 0.0
1481 0 0 0.0 0.0
1482 0 0 0.0 0.0
1483 0 0 0.0 0.0
1484 0 0 0.0 0.0
1485 0 0 0.0 0.0
1486 0 0 0.0 0.0
1487 0 0 0.0 0.0
1488 0 0 0.0 0.0
1489 0 0 0.0 0.0
1490 0 0 0.0 0.0
1491 0 0 0.0 0.0
1492 0 0 0.0 0.0
1493 0 0 0.0 0.0
1494 0 0 0.0 0.0
1495 0 0 0.0 0.0
1496 0 0 0.0 0.0
1497 0 0 0.0 0.0
1498 0 0 0.0 0.0
1499 0 0 0.0 0.0
1500 0 0 0.0 0.0
1501 0 0 0.0 0.0
1502 0 0 0.0 0.0
1503 0 0 0.0 0.0
1504 0 0 0.0 0.0
1505 0 0 0.0 0.0
1506 0 0 0.0 0.0
1507 0 0 0.0 0.0
1508 0 0 0.0 0.0
1509 0 0 0.0 0.0
1510 0 0 0.0 0.0
1511 0 0 0.0 0.0
1512 0 0 0.0 0.0
1513 0 0 0.0 0.0
1514 0 0 0.0 0.0
1515 1 1  0.803 0.723
1516 1 1  0.866 0.809
1517 1 1  0.704 0.892
1518 1 1  0.894 0.858
1519 1 1  0.916 0.879
1520 1 1  0.764 0.937
1521 1 1  0.802 0.973
1522 1 1  0.899 0.756
1523 1 1  0.887 0.777
1524 1 1  0.979 0.714
1525 1 1  0.954 0.777
1526 1 1  0.81 0.739
1527 1 1  0.868 0.96
1528 1 1  0.753 0.756
1529 1 1  0.817 0.895
1530 1 1  0.724 0.776
1531 1 1  0.874 0.944
1532 1 1  0.789 0.815
1533 1 1  0.835 0.82
1534 1 1  0.791 0.789
1535 1 1  0.765 0.859
1536 1 1  0.945 0.956
1537 1 1  0.957 0.748
1538 1 1  0.878 0.785
1539 1 1  0.912 0.86
1540 1 1  0.78 0.939
1541 1 1  0.788 0.796
1542 1 1  0.79 0.783
1543 1 1  0.908 0.778
1544 1 1  0.828 0.914
1545 1 1  0.756 0.774
1546 1 1  0.848 0.79
1547 1 1  0.819 0.883
1548 1 1  0.898 0.776
1549 1 1  0.81 0.951
1550 1 1  0.716 0.952
1551 1 1  0.709 0.983
1552 1 1  0.925 0.84
1553 1 1  0.874 0.793
1554 1 1  0.941 0.776
1555 1 1  0.96 0.988
1556 1 1  0.832 0.733
1557 1 1  0.908 0.758
1558 1 1  0.748 0.72
1559 1 1  0.774 0.891
1560 1 1  0.855 0.817
1561 1 1  0.772 0.998
1562 1 1  0.887 0.983
1563 1 1  0.847 0.761
1564 1 1  0.768 0.776
1565 1 1  0.886 0.969
1566 1 1  0.745 0.937
1567 1 1  0.826 0.962
1568 1 1  0.791 0.753
1569 1 1  0.725 0.878
1570 1 1  0.758 0.804
1571 1 1  0.706 0.909
1572 1 1  0.969 0.702
1573 1 1  0.807 0.708
1574 1 1  0.985 0.754
1575 1 1  0.824 0.955
1576 1 1  0.769 0.794
1577 1 1  0.846 0.896
1578 1 1  0.741 0.966
1579 1 1  0.755 0.761
1580 1 1  0.918 0.806
1581 1 1  0.789 0.859
1582 1 1  0.788 0.712
1583 1 1  0.92 0.983
1584 1 1  0.989 0.856
1585 1 1  0.86 0.797
1586 1 1  0.829 0.725
1587 0 0 0.0 0.0
1588 0 0 0.0 0.0
1589 0 0 0.0 0.0
1590 0 0 0.0 0.0
1591 0 0 0.0 0.0
1592 0 0 0.0 0.0
1593 0 0 0.0 0.0
1594 0 0 0.0 0.0
1595 1 1  0.753 0.898
1596 1 1  0.895 0.988
1597 1 1  0.872 0.705
1598 1 1  0.877 0.773
1599 1 1  0.706 0.729
1600 1 1  0.868 0.912
1601 1 1  0.786 0.986
1602 1 1  0.862 0.749
1603 1 1  0.862 0.864
1604 1 1  0.716 0.839
1605 1 1  0.823 0.847
1606 1 1  0.923 0.951
1607 1 1  0.908 0.865
1608 1 1  0.889 0.995
1609 1 1  0.867 0.813
1610 1 1  0.786 0.714
1611 1 1  0.977 0.811
1612 1 1  0.902 0.871
1613 1 1  0.909 0.884
1614 1 1  0.823 0.801
1615 1 1  0.761 0.833
1616 1 1  0.794 0.769
1617 1 1  0.91 0.843
1618 1 1  0.962 0.789
1619 1 1  0.767 0.922
1620 1 1  0.715 0.837
1621 1 1  0.807 0.973
1622 1 1  0.763 0.896
1623 1 1  0.837 0.927
1624 1 1  0.878 0.905
1625 1 1  0.97 0.834
1626 1 1  0.901 0.831
1627 1 1  0.892 0.868
1628 1 1  0.718 0.979
1629 1 1  0.988 0.838
1630 1 1  0.819 0.767
1631 1 1  0.95 0.734
1632 1 1  0.831 0.725
1633 1 1  0.849 0.787
1634 1 1  0.738 0.77
1635 1 1  0.726 0.946
1636 1 1  0.708 0.98
1637 1 1  0.732 0.882
1638 1 1  0.837 0.936
1639 1 1  0.818 0.986
1640 1 1  0.771 0.956
1641 1 1  0.939 0.718
1642 1 1  0.836 0.81
1643 1 1  0.849 0.85
1644 1 1  0.972 0.934
1645 1 1  0.719 0.723
1646 1 1  0.755 0.801
1647 1 1  0.901 0.858
1648 1 1  0.733 0.949
1649 1 1  0.973 0.794
1650 1 1  0.831 0.707
1651 1 1  0.861 0.723
1652 1 1  0.713 0.924
1653 1 1  0.748 0.748
1654 1 1  0.903 0.921
1655 1 1  0.889 0.783
1656 1 1  0.848 0.71
1657 1 1  0.732 0.795
1658 1 1  0.705 0.976
1659 1 1  0.751 0.736
1660 1 1  0.998 0.822
1661 1 1  0.841 0.791
1662 1 1  0.941 0.855
1663 1 1  0.783 0.721
1664 1 1  0.876 0.993
1665 1 1  0.746 0.836
1666 1 1  0.704 0.77
1667 0 0 0.0 0.0
1668 0 0 0.0 0.0
1669 0 0 0.0 0.0
1670 0 0 0.0 0.0
1671 0 0 0.0 0.0
1672 0 0 0.0 0.0
1673 0 0 0.0 0.0
1674 0 0 0.0 0.0
1675 0 0 0.0 0.0
1676 0 0 0.0 0.0
1677 0 0 0.0 0.0
1678 0 0 0.0 0.0
1679 0 0 0.0 0.0
1680 0 0 0.0 0.0
1681 0 0 0.0 0.0
1682 0 0 0.0 0.0
1683 0 0 0.0 0.0
1684 0 0 0.0 0.0
1685 0 0 0.0 0.0
1686 0 0 0.0 0.0
1687 0 0 0.0 0.0
1688 0 0 0.0 0.0
1689 0 0 0.0 0.0
1690 0 0 0.0 0.0
1691 0 0 0.0 0.0
1692 0 0 0.0 0.0
1693 0 0 0.0 0.0
1694 0 0 0.0 0.0
1695 0 0 0.0 0.0
1696 0 0 0.0 0.0
1697 0 0 0.0 0.0
1698 0 0 0.0 0.0
1699 0 0 0.0 0.0
1700 0 0 0.0 0.0
1701 0 0 0.0 0.0
1702 0 0 0.0 0.0
1703 0 0 0.0 0.0
1704 0 0 0.0 0.0
1705 0 0 0.0 0.0
1706 0 0 0.0 0.0
1707 0 0 0.0 0.0
1708 0 0 0.0 0.0
1709 0 0 0.0 0.0
1710 0 0 0.0 0.0
1711 0 0 0.0 0.0
1712 0 0 0.0 0.0
1713 0 0 0.0 0.0
1714 0 0 0.0 0.0
1715 0 0 0.0 0.0
1716 0 0 0.0 0.0
1717 0 0 0.0 0.0
1718 0 0 0.0 0.0
1719 0 0 0.0 0.0
1720 0 0 0.0 0.0
1721 0 0 0.0 0.0
1722 0 0 0.0 0.0
1723 0 0 0.0 0.0
1724 0 0 0.0 0.0
1725 0 0 0.0 0.0
1726 0 0 0.0 0.0
1727 0 0 0.0 0.0
1728 0 0 0.0 0.0
1729 0 0 0.0 0.0
1730 0 0 0.0 0.0
1731 0 0 0.0 0.0
1732 0 0 0.0 0.0
1733 0 0 0.0 0.0
1734 0 0 0.0 0.0
1735 0 0 0.0 0.0
1736 0 0 0.0 0.0
1737 0 0 0.0 0.0
1738 0 0 0.0 0.0
1739 0 0 0.0 0.0
1740 0 0 0.0 0.0
1741 1 1  0.892 0.858
1742 1 1  0.981 0.783
1743 1 1  0.768 0.917
1744 1 1  0.883 0.793
1745 1 1  0.804 0.928
1746 1 1  0.726 0.708
1747 1 1  0.762 0.819
1748 1 1  0.872 0.985
1749 1 1  0.798 0.949
1750 1 1  0.746 0.782
1751 1 1  0.854 0.847
1752 1 1  0.753 0.85
1753 1 1  0.911 0.893
1754 1 1  0.935 0.79
1755 1 1  0.903 0.843
1756 1 1  0.946 0.739
1757 1 1  0.994 0.74
1758 1 1  0.727 0.828
1759 1 1  0.911 0.875
1760 1 1  0.826 0.846
1761 1 1  0.944 0.772
1762 1 1  0.839 0.882
1763 1 1  0.888 0.944
1764 1 1  0.759 0.884
1765 1 1  0.957 0.742
1766 1 1  0.837 0.827
1767 1 1  0.757 0.833
1768 1 1  0.808 0.747
1769 1 1  0.968 0.983
1770 1 1  0.885 0.98
1771 1 1  0.754 0.893
1772 1 1  0.703 0.88
1773 1 1  0.773 0.935
1774 1 1  0.99 0.825
1775 1 1  0.953 0.845
1776 1 1  0.792 0.706
1777 1 1  0.755 0.707
1778 1 1  0.857 0.993
1779 1 1  0.829 0.826
1780 1 1  0.899 0.907
1781 1 1  0.954 0.997
1782 1 1  0.724 0.889
1783 1 1  0.926 0.732
1784 1 1  0.862 0.844
1785 1 1  0.954 0.846
1786 1 1  0.727 0.762
1787 1 1  0.812 0.726
1788 1 1  0.733 0.947
1789 1 1  0.878 0.701
1790 1 1  0.814 0.785
1791 1 1  0.917 0.904
1792 1 1  0.965 0.945
1793 1 1  0.711 0.788
1794 1 1  0.725 0.994
1795 1 1  0.804 0.746
1796 1 1  0.996 0.889
1797 1 1  0.793 0.957
1798 1 1  0.994 0.781
1799 1 1  0.709 0.703
1800 1 1  0.934 0.793
1801 1 1  0.865 0.824
1802 1 1  0.741 0.761
1803 1 1  0.846 0.98
1804 1 1  0.986 0.913
1805 1 1  0.932 0.828
1806 1 1  0.859 0.748
1807 1 1  0.981 0.931
1808 1 1  0.785 0.712
1809 1 1  0.902 0.781
1810 1 1  0.728 0.71
1811 1 1  0.903 0.866
1812 1 1  0.92 0.802
1813 0 0 0.0 0.0
1814 0 0 0.0 0.0
1815 0 0 0.0 0.0
1816 0 0 0.0 0.0
1817 0 0 0.0 0.0
1818 0 0 0.0 0.0
1819 0 0 0.0 0.0
1820 0 0 0.0 0.0
1821 0 0 0.0 0.0
1822 0 0 0.0 0.0
1823 0 0 0.0 0.0
1824 0 0 0.0 0.0
1825 0 0 0.0 0.0
1826 0 0 0.0 0.0
1827 0 0 0.0 0.0
1828 0 0 0.0 0.0
1829 0 0 0.0 0.0
1830 0 0 0.0 0.0
1831 0 0 0.0 0.0
1832 0 0 0.0 0.0
1833 0 0 0.0 0.0
1834 0 0 0.0 0.0
1835 0 0 0.0 0.0
1836 0 0 0.0 0.0
1837 0 0 0.0 0.0
1838 0 0 0.0 0.0
1839 0 0 0.0 0.0
1840 0 0 0.0 0.0
1841 0 0 0.0 0.0
1842 0 0 0.0 0.0
1843 0 0 0.0 0.0
1844 0 0 0.0 0.0
1845 0 0 0.0 0.0
1846 0 0 0.0 0.0
1847 0 0 0.0 0.0
1848 1 1  0.903 0.878
1849 1 1  0.787 0.995
1850 1 1  0.846 0.835
1851 1 1  0.854 0.954
1852 1 1  0.887 0.7
1853 1 1  0.76 0.735
1854 1 1  0.86 0.755
1855 1 1  0.806 0.718
1856 1 1  0.985 0.708
1857 1 1  0.93 0.788
1858 1 1  0.711 0.773
1859 1 1  0.715 0.991
1860 1 1  0.745 0.734
1861 1 1  0.876 0.96
1862 1 1  0.969 0.997
1863 1 1  0.723 0.922
1864 1 1  0.701 0.711
1865 1 1  0.837 0.718
1866 1 1  0.72 0.833
1867 1 1  0.937 0.957
1868 1 1  0.928 0.987
1869 1 1  0.877 0.794
1870 1 1  0.796 0.802
1871 1 1  0.863 0.849
1872 1 1  0.796 0.724
1873 1 1  0.737 0.942
1874 1 1  0.923 0.942
1875 1 1  0.922 0.887
1876 1 1  0.725 0.877
1877 1 1  0.822 0.986
1878 1 1  0.723 0.909
1879 1 1  0.883 0.723
1880 1 1  0.992 0.801
1881 1 1  0.751 0.876
1882 1 1  0.925 0.822
1883 1 1  0.781 0.907
1884 1 1  0.964 0.838
1885 1 1  0.866 0.753
1886 1 1  0.76 0.937
1887 1 1  0.811 0.741
1888 1 1  0.844 0.969
1889 1 1  0.878 0.767
1890 1 1  0.964 0.835
1891 1 1  0.792 0.731
1892 1 1  0.752 0.844
1893 1 1  0.9 0.917
1894 1 1  0.999 0.849
1895 1 1  0.97 0.985
1896 1 1  0.883 0.721
1897 1 1  0.997 0.803
1898 1 1  0.965 0.88
1899 1 1  0.992 0.997
1900 1 1  0.713 0.979
1901 1 1  0.737 0.903
1902 1 1  0.88 0.98
1903 1 1  0.759 0.706
1904 1 1  0.853 0.784
1905 1 1  0.747 0.919
1906 1 1  0.726 0.777
1907 1 1  0.761 0.917
1908 1 1  0.855 0.92
1909 1 1  0.991 0.857
1910 1 1  0.71 0.796
1911 1 1  0.94 0.739
1912 1 1  0.931 0.723
1913 1 1  0.926 0.831
1914 1 1  0.778 0.797
1915 1 1  0.93 0.762
1916 1 1  0.74 0.873
1917 1 1  0.911 0.914
1918 1 1  0.779 0.713
1919 1 1  0.886 0.785
1920 0 0 0.0 0.0
1921 0 0 0.0 0.0
1922 0 0 0.0 0.0
1923 0 0 0.0 0.0
1924 0 0 0.0 0.0
1925 0 0 0.0 0.0
1926 0 0 0.0 0.0
1927 0 0 0.0 0.0
1928 1 1  0.952 0.927
1929 1 1  0.865 0.762
1930 1 1  0.777 0.99
1931 1 1  0.782 0.961
1932 1 1  0.889 0.815
1933 1 1  0.807 0.795
1934 1 1  0.94 0.837
1935 1 1  0.848 0.728
1936 1 1  0.808 0.719
1937 1 1  0.92 0.91
1938 1 1  0.977 0.952
1939 1 1  0.885 0.942
1940 1 1  0.778 0.9
1941 1 1  0.823 0.754
1942 1 1  0.782 0.976
1943 1 1  0.964 0.723
1944 1 1  0.956 0.863
1945 1 1  0.941 0.995
1946 1 1  0.922 0.79
1947 1 1  0.807 0.881
1948 1 1  0.777 0.761
1949 1 1  0.71 0.745
1950 1 1  0.862 0.867
1951 1 1  0.796 0.803
1952 1 1  0.798 0.983
1953 1 1  0.86 0.952
1954 1 1  0.928 0.727
1955 1 1  0.873 0.788
1956 1 1  0.978 0.875
1957 1 1  0.747 0.946
1958 1 1  0.942 0.775
1959 1 1  0.714 0.775
1960 1 1  0.772 0.783
1961 1 1  0.852 0.807
1962 1 1  0.785 0.707
1963 1 1  0.898 0.71
1964 1 1  0.968 0.734
1965 1 1  0.952 0.803
1966 1 1  0.774 0.813
1967 1 1  0.797 0.83
1968 1 1  0.813 0.982
1969 1 1  0.922 0.796
1970 1 1  0.944 0.735
1971 1 1  0.862 0.973
1972 1 1  0.987 0.874
1973 1 1  0.85 0.934
1974 1 1  0.894 0.924
1975 1 1  0.988 0.933
1976 1 1  0.729 0.843
1977 1 1  0.954 0.963
1978 1 1  0.924 0.925
1979 1 1  0.966 0.827
1980 1 1  0.73 0.805
1981 1 1  0.833 0.839
1982 1 1  0.867 0.79
1983 1 1  0.867 0.937
1984 1 1  0.839 0.827
1985 1 1  0.797 0.706
1986 1 1  0.808 0.777
1987 1 1  0.921 0.745
1988 1 1  0.744 0.802
1989 1 1  0.766 0.988
1990 1 1  0.835 0.705
1991 1 1  0.972 0.975
1992 1 1  0.936 0.93
1993 1 1  0.811 0.804
1994 1 1  0.859 0.858
1995 1 1  0.728 0.716
1996 1 1  0.859 0.806
1997 1 1  0.796 0.704
1998 1 1  0.817 0.87
1999 1 1  0.742 0.775
2000 0 0 0.0 0.0
2001 0 0 0.0 0.0
2002 0 0 0.0 0.0
2003 0 0 0.0 0.0
2004 0 0 0.0 0.0
2005 0 0 0.0 0.0
2006 0 0 0.0 0.0
2007 0 0 0.0 0.0
2008 0 0 0.0 0.0
2009 0 0 0.0 0.0
2010 0 0 0.0 0.0
2011 0 0 0.0 0.0
2012 0 0 0.0 0.0
2013 0 0 0.0 0.0
2014 0 0 0.0 0.0
2015 0 0 0.0 0.0
2016 0 0 0.0 0.0
2017 0 0 0.0 0.0
2018 0 0 0.0 0.0
2019 0 0 0.0 0.0
2020 0 0 0.0 0.0
2021 0 0 0.0 0.0
2022 0 0 0.0 0.0
2023 0 0 0.0 0.0
2024 0 0 0.0 0.0
2025 0 0 0.0 0.0
2026 0 0 0.0 0.0
2027 0 0 0.0 0.0
2028 0 0 0.0 0.0
2029 0 0 0.0 0.0
2030 0 0 0.0 0.0
2031 0 0 0.0 0.0
2032 0 0 0.0 0.0
2033 0 0 0.0 0.0
2034 0 0 0.0 0.0
2035 1 1  0.705 0.855
2036 1 1  0.94 0.884
2037 1 1  0.919 0.725
2038 1 1  0.988 0.995
2039 1 1  0.912 0.774
2040 1 1  0.9 0.726
2041 1 1  0.921 0.757
2042 1 1  0.714 0.748
2043 1 1  0.865 0.958
2044 1 1  0.857 0.879
2045 1 1  0.936 0.739
2046 1 1  0.797 0.95
2047 1 1  0.916 0.837
2048 1 1  0.839 0.97
2049 1 1  0.798 0.789
2050 1 1  0.726 0.808
2051 1 1  0.974 0.834
2052 1 1  0.733 0.916
2053 1 1  0.965 0.729
2054 1 1  0.877 0.958
2055 1 1  0.818 0.825
2056 1 1  0.953 0.865
2057 1 1  0.906 0.792
2058 1 1  0.885 0.963
2059 1 1  0.952 0.779
2060 1 1  0.975 0.702
2061 1 1  0.808 0.744
2062 1 1  0.992 0.902
2063 1 1  0.894 0.782
2064 1 1  0.955 0.891
2065 1 1  0.926 0.769
2066 1 1  0.947 0.83
2067 1 1  0.766 0.887
2068 1 1  0.788 0.939
2069 1 1  0.92 0.751
2070 1 1  0.795 0.825
2071 1 1  0.839 0.85
2072 1 1  0.775 0.993
2073 1 1  0.884 0.832
2074 1 1  0.951 0.931
2075 1 1  0.834 0.927
2076 1 1  0.809 0.931
2077 1 1  0.85 0.933
2078 1 1  0.97 0.873
2079 1 1  0.999 0.956
2080 1 1  0.895 0.79
2081 1 1  0.921 0.771
2082 1 1  0.862 0.805
2083 1 1  0.898 0.85
2084 1 1  0.962 0.933
2085 1 1  0.764 0.919
2086 1 1  0.893 0.998
2087 1 1  0.793 0.757
2088 1 1  0.839 0.869
2089 1 1  0.773 0.871
2090 1 1  0.883 0.708
2091 1 1  0.803 0.884
2092 1 1  0.892 0.976
2093 1 1  0.787 0.821
2094 1 1  0.794 0.856
2095 1 1  0.77 0.885
2096 1 1  0.756 0.77
2097 1 1  0.901 0.869
2098 1 1  0.765 0.727
2099 1 1  0.956 0.751
2100 1 1  0.707 0.843
2101 1 1  0.733 0.909
2102 1 1  0.74 0.958
2103 1 1  0.969 0.859
2104 1 1  0.847 0.75
2105 1 1  0.92 0.765
2106 1 1  0.985 0.777
2107 0 0 0.0 0.0
2108 0 0 0.0 0.0
2109 0 0 0.0 0.0
2110 0 0 0.0 0.0
2111 0 0 0.0 0.0
2112 0 0 0.0 0.0
2113 0 0 0.0 0.0
2114 0 0 0.0 0.0
2115 1 1  0.786 0.874
2116 1 1  0.709 0.724
2117 1 1  0.956 0.976
2118 1 1  0.813 0.719
2119 1 1  0.809 0.996
2120 1 1  0.899 0.851
2121 1 1  0.895 0.955
2122 1 1  0.833 0.718
2123 1 1  0.785 0.911
2124 1 1  0.836 0.917
2125 1 1  0.887 0.757
2126 1 1  0.818 0.761
2127 1 1  0.976 0.981
2128 1 1  0.954 0.736
2129 1 1  0.824 0.943
2130 1 1  0.75 0.75
2131 1 1  0.753 0.875
2132 1 1  0.878 0.704
2133 1 1  0.793 0.932
2134 1 1  0.876 0.911
2135 1 1  0.85 0.944
2136 1 1  0.885 0.733
2137 1 1  0.887 0.958
2138 1 1  0.993 0.735
2139 1 1  0.714 0.778
2140 1 1  0.72 0.779
2141 1 1  0.914 0.984
2142 1 1  0.951 0.957
2143 1 1  0.92 0.994
2144 1 1  0.817 0.948
2145 1 1  0.792 0.95
2146 1 1  0.938 0.992
2147 1 1  0.749 0.764
2148 1 1  0.754 0.956
2149 1 1  0.837 0.94
2150 1 1  0.967 0.997
2151 1 1  0.745 0.859
2152 1 1  0.741 0.982
2153 1 1  0.778 0.701
2154 1 1  0.714 0.817
2155 1 1  0.793 0.974
2156 1 1  0.811 0.817
2157 1 1  0.742 0.861
2158 1 1  0.751 0.941
2159 1 1  1 0.979
2160 1 1  0.979 0.723
2161 1 1  0.818 0.906
2162 1 1  0.78 0.879
2163 1 1  0.849 0.983
2164 1 1  0.77 0.746
2165 1 1  0.773 0.932
2166 1 1  0.868 0.817
2167 1 1  0.771 0.717
2168 1 1  0.947 0.84
2169 1 1  0.879 0.874
2170 1 1  0.825 0.943
2171 1 1  0.866 0.782
2172 1 1  0.884 0.805
2173 1 1  0.795 0.784
2174 1 1  0.889 0.821
2175 1 1  0.735 0.709
2176 1 1  0.863 0.745
2177 1 1  0.884 0.797
2178 1 1  0.813 0.869
2179 1 1  0.738 0.729
2180 1 1  0.787 0.893
2181 1 1  0.98 0.92
2182 1 1  0.942 0.972
2183 1 1  0.978 0.84
2184 1 1  0.852 0.767
2185 1 1  0.828 0.937
2186 1 1  0.755 0.829
2187 0 0 0.0 0.0
2188 0 0 0.0 0.0
2189 0 0 0.0 0.0
2190 0 0 0.0 0.0
2191 0 0 0.0 0.0
2192 0 0 0.0 0.0
2193 0 0 0.0 0.0
2194 0 0 0.0 0.0
2195 0 0 0.0 0.0
2196 0 0 0.0 0.0
2197 0 0 0.0 0.0
2198 0 0 0.0 0.0
2199 0 0 0.0 0.0
2200 0 0 0.0 0.0
2201 0 0 0.0 0.0
2202 0 0 0.0 0.0
2203 0 0 0.0 0.0
2204 0 0 0.0 0.0
2205 0 0 0.0 0.0
2206 0 0 0.0 0.0
2207 0 0 0.0 0.0
2208 0 0 0.0 0.0
2209 0 0 0.0 0.0
2210 0 0 0.0 0.0
2211 0 0 0.0 0.0
2212 0 0 0.0 0.0
2213 0 0 0.0 0.0
2214 0 0 0.0 0.0
2215 0 0 0.0 0.0
2216 0 0 0.0 0.0
2217 0 0 0.0 0.0
2218 0 0 0.0 0.0
2219 0 0 0.0 0.0
2220 0 0 0.0 0.0
2221 0 0 0.0 0.0
2222 1 1  0.863 0.942
2223 1 1  0.909 0.846
2224 1 1  0.961 0.984
2225 1 1  0.999 0.815
2226 1 1  0.815 0.861
2227 1 1  0.902 0.888
2228 1 1  0.892 0.885
2229 1 1  0.828 0.91
2230 1 1  0.722 0.87
2231 1 1  0.781 0.923
2232 1 1  0.726 0.716
2233 1 1  0.747 0.827
2234 1 1  0.742 0.819
2235 1 1  0.913 0.995
2236 1 1  0.825 0.841
2237 1 1  0.805 0.836
2238 1 1  0.721 0.989
2239 1 1  0.946 0.735
2240 1 1  0.987 0.762
2241 1 1  0.796 0.871
2242 1 1  0.978 0.849
2243 1 1  0.993 0.992
2244 1 1  0.812 0.852
2245 1 1  0.754 0.865
2246 1 1  0.854 0.791
2247 1 1  0.851 0.953
2248 1 1  0.772 0.771
2249 1 1  0.868 0.951
2250 1 1  0.957 0.759
2251 1 1  0.958 0.924
2252 1 1  0.707 0.885
2253 1 1  0.734 0.716
2254 1 1  0.826 0.997
2255 1 1  0.964 0.76
2256 1 1  0.806 0.94
2257 1 1  0.827 0.816
2258 1 1  0.803 0.788
2259 1 1  0.97 0.966
2260 1 1  0.764 0.957
2261 1 1  0.862 0.865
2262 1 1  0.894 0.855
2263 1 1  0.851 0.793
2264 1 1  0.808 0.851
2265 1 1  0.783 0.97
2266 1 1  0.748 0.955
2267 1 1  0.777 0.825
2268 1 1  0.728 0.889
2269 1 1  0.982 0.973
2270 1 1  0.881 0.867
2271 1 1  0.89 0.914
2272 1 1  0.779 0.85
2273 1 1  0.745 0.723
2274 1 1  0.742 0.976
2275 1 1  0.704 0.806
2276 1 1  0.72 0.73
2277 1 1  0.996 0.985
2278 1 1  0.79 0.899
2279 1 1  0.846 0.78
2280 1 1  0.71 0.727
2281 1 1  0.846 0.954
2282 1 1  0.706 0.885
2283 1 1  0.934 0.784
2284 1 1  0.784 0.795
2285 1 1  0.807 0.855
2286 1 1  0.803 0.724
2287 1 1  0.876 0.94
2288 1 1  0.971 0.934
2289 1 1  0.809 0.913
2290 1 1  0.97 0.707
2291 1 1  0.738 0.849
2292 1 1  0.732 0.881
2293 1 1  0.922 0.848
2294 0 0 0.0 0.0
2295 0 0 0.0 0.0
2296 0 0 0.0 0.0
2297 0 0 0.0 0.0
2298 0 0 0.0 0.0
2299 0 0 0.0 0.0
2300 0 0 0.0 0.0
2301 0 0 0.0 0.0
2302 1 1  0.781 0.745
2303 1 1  0.899 0.73
2304 1 1  0.829 0.799
2305 1 1  0.898 0.928
2306 1 1  0.955 0.841
2307 1 1  0.808 0.758
2308 1 1  0.748 0.892
2309 1 1  0.858 0.767
2310 1 1  0.939 0.95
2311 1 1  0.897 0.898
2312 1 1  0.945 0.783
2313 1 1  0.902 0.969
2314 1 1  0.753 0.902
2315 1 1  0.729 0.747
2316 1 1  0.787 0.941
2317 1 1  0.917 0.952
2318 1 1  0.832 0.949
2319 1 1  0.777 0.922
2320 1 1  0.998 0.836
2321 1 1  0.905 0.899
2322 1 1  0.935 0.767
2323 1 1  0.756 0.866
2324 1 1  0.739 0.767
2325 1 1  0.863 0.713
2326 1 1  0.711 0.939
2327 1 1  0.868 0.762
2328 1 1  0.987 0.989
2329 1 1  0.986 0.788
2330 1 1  0.758 0.975
2331 1 1  0.83 0.765
2332 1 1  0.883 0.724
2333 1 1  0.766 0.924
2334 1 1  0.89 0.76
2335 1 1  0.781 0.902
2336 1 1  0.964 0.749
2337 1 1  0.916 0.82
2338 1 1  0.915 0.839
2339 1 1  0.902 1
2340 1 1  0.709 0.885
2341 1 1  0.848 0.759
2342 1 1  0.785 0.771
2343 1 1  0.994 0.832
2344 1 1  0.848 0.73
2345 1 1  0.871 0.952
2346 1 1  0.77 0.712
2347 1 1  0.891 0.903
2348 1 1  0.731 0.818
2349 1 1  0.795 0.993
2350 1 1  0.764 0.817
2351 1 1  0.71 0.913
2352 1 1  0.754 0.985
2353 1 1  0.952 0.773
2354 1 1  0.735 0.759
2355 1 1  0.753 0.959
2356 1 1  0.863 0.783
2357 1 1  0.778 0.827
2358 1 1  0.964 0.721
2359 1 1  0.836 0.882
2360 1 1  0.821 0.976
2361 1 1  0.817 0.918
2362 1 1  0.945 0.887
2363 1 1  0.786 0.851
2364 1 1  0.89 0.894
2365 1 1  0.727 0.997
2366 1 1  0.831 0.962
2367 1 1  0.837 0.85
2368 1 1  0.951 0.744
2369 1 1  0.816 0.776
2370 1 1  0.863 0.781
2371 1 1  0.837 0.816
2372 1 1  0.798 0.802
2373 1 1  0.726 0.703
2374 0 0 0.0 0.0
2375 0 0 0.0 0.0
2376 0 0 0.0 0.0
2377 0 0 0.0 0.0
2378 0 0 0.0 0.0
2379 0 0 0.0 0.0
2380 0 0 0.0 0.0
2381 0 0 0.0 0.0
2382 0 0 0.0 0.0
2383 0 0 0.0 0.0
2384 0 0 0.0 0.0
2385 0 0 0.0 0.0
2386 0 0 0.0 0.0
2387 0 0 0.0 0.0
2388 0 0 0.0 0.0
2389 0 0 0.0 0.0
2390 0 0 0.0 0.0
2391 0 0 0.0 0.0
2392 0 0 0.0 0.0
2393 0 0 0.0 0.0
2394 0 0 0.0 0.0
2395 0 0 0.0 0.0
2396 0 0 0.0 0.0
2397 0 0 0.0 0.0
2398 0 0 0.0 0.0
2399 0 0 0.0 0.0
2400 0 0 0.0 0.0
2401 0 0 0.0 0.0
2402 0 0 0.0 0.0
2403 0 0 0.0 0.0
2404 0 0 0.0 0.0
2405 0 0 0.0 0.0
2406 0 0 0.0 0.0
2407 0 0 0.0 0.0
2408 0 0 0.0 0.0
2409 1 1  0.709 0.984
2410 1 1  0.709 0.727
2411 1 1  0.937 0.72
2412 1 1  0.852 0.748
2413 1 1  0.887 0.795
2414 1 1  0.96 0.76
2415 1 1  0.81 0.947
2416 1 1  0.858 0.81
2417 1 1  0.869 0.985
2418 1 1  0.724 0.945
2419 1 1  0.812 0.929
2420 1 1  0.728 0.816
2421 1 1  0.987 0.854
2422 1 1  0.965 0.898
2423 1 1  0.966 0.733
2424 1 1  0.965 0.883
2425 1 1  0.779 0.735
2426 1 1  0.902 0.714
2427 1 1  0.985 0.939
2428 1 1  0.928 0.948
2429 1 1  0.745 0.808
2430 1 1  0.815 0.74
2431 1 1  0.719 0.961
2432 1 1  0.766 0.991
2433 1 1  0.912 0.986
2434 1 1  0.949 0.866
2435 1 1  0.796 0.708
2436 1 1  0.987 0.813
2437 1 1  0.925 0.898
2438 1 1  0.825 0.804
2439 1 1  0.771 0.797
2440 1 1  0.785 0.937
2441 1 1  0.904 0.7
2442 1 1  0.823 0.941
2443 1 1  0.759 0.971
2444 1 1  0.99 0.743
2445 1 1  0.741 0.97
2446 1 1  0.902 0.885
2447 1 1  0.723 0.794
2448 1 1  0.938 0.965
2449 1 1  0.834 0.771
2450 1 1  0.867 0.852
2451 1 1  0.826 0.918
2452 1 1  0.958 0.796
2453 1 1  0.863 0.703
2454 1 1  0.791 0.739
2455 1 1  0.777 0.743
2456 1 1  0.832 0.794
2457 1 1  0.974 0.866
2458 1 1  0.769 0.701
2459 1 1  0.833 0.826
2460 1 1  0.974 0.771
2461 1 1  0.917 0.996
2462 1 1  0.854 0.928
2463 1 1  0.733 0.892
2464 1 1  0.724 0.722
2465 1 1  0.75 0.964
2466 1 1  0.791 0.969
2467 1 1  0.874 0.775
2468 1 1  0.981 0.719
2469 1 1  0.92 0.949
2470 1 1  0.865 0.978
2471 1 1  0.954 0.977
2472 1 1  0.884 0.764
2473 1 1  0.966 0.808
2474 1 1  0.923 0.852
2475 1 1  0.854 0.717
2476 1 1  0.732 0.908
2477 1 1  0.813 0.816
2478 1 1  0.834 0.704
2479 1 1  0.92 0.831
2480 1 1  0.722 0.951
2481 0 0 0.0 0.0
2482 0 0 0.0 0.0
2483 0 0 0.0 0.0
2484 0 0 0.0 0.0
2485 0 0 0.0 0.0
2486 0 0 0.0 0.0
2487 0 0 0.0 0.0
2488 0 0 0.0 0.0
2489 1 1  0.753 0.754
2490 1 1  0.803 0.886
2491 1 1  0.87 0.827
2492 1 1  0.908 0.788
2493 1 1  0.93 0.854
2494 1 1  0.742 0.946
2495 1 1  0.944 0.908
2496 1 1  0.831 0.873
2497 1 1  0.777 0.842
2498 1 1  0.872 0.704
2499 1 1  0.768 0.816
2500 1 1  0.782 0.708
2501 1 1  0.863 0.732
2502 1 1  0.815 0.862
2503 1 1  0.892 0.775
2504 1 1  0.877 0.983
2505 1 1  0.866 0.956
2506 1 1  0.984 0.786
2507 1 1  0.835 0.718
2508 1 1  0.964 0.826
2509 1 1  0.762 0.848
2510 1 1  0.997 0.941
2511 1 1  0.849 0.827
2512 1 1  0.705 0.732
2513 1 1  0.902 0.707
2514 1 1  0.855 0.843
2515 1 1  0.763 0.938
2516 1 1  0.879 0.981
2517 1 1  0.728 0.901
2518 1 1  0.977 0.778
2519 1 1  0.898 0.768
2520 1 1  0.911 0.877
2521 1 1  0.927 0.706
2522 1 1  0.973 0.993
2523 1 1  0.945 0.784
2524 1 1  0.733 0.752
2525 1 1  0.851 0.97
2526 1 1  0.9 0.759
2527 1 1  0.747 0.71
2528 1 1  0.912 0.82
2529 1 1  0.923 0.864
2530 1 1  0.833 0.771
2531 1 1  0.845 0.747
2532 1 1  0.914 0.783
2533 1 1  0.835 0.75
2534 1 1  0.839 0.912
2535 1 1  0.857 0.847
2536 1 1  0.984 0.717
2537 1 1  0.994 0.976
2538 1 1  0.949 0.929
2539 1 1  0.907 0.874
2540 1 1  0.771 0.992
2541 1 1  0.864 0.992
2542 1 1  0.955 0.967
2543 1 1  0.734 0.74
2544 1 1  0.906 0.709
2545 1 1  0.93 0.732
2546 1 1  0.981 0.974
2547 1 1  0.931 0.788
2548 1 1  0.838 0.943
2549 1 1  0.862 0.707
2550 1 1  0.708 0.881
2551 1 1  0.809 0.779
2552 1 1  0.767 0.741
2553 1 1  0.774 0.816
2554 1 1  0.741 0.994
2555 1 1  0.78 0.894
2556 1 1  0.836 0.712
2557 1 1  0.989 0.765
2558 1 1  0.864 0.779
2559 1 1  0.889 0.859
2560 1 1  0.778 0.794
2561 0 0 0.0 0.0
2562 0 0 0.0 0.0
2563 0 0 0.0 0.0
2564 0 0 0.0 0.0
2565 0 0 0.0 0.0
2566 0 0 0.0 0.0
2567 0 0 0.0 0.0
2568 0 0 0.0 0.0
2569 0 0 0.0 0.0
2570 0 0 0.0 0.0
2571 0 0 0.0 0.0
2572 0 0 0.0 0.0
2573 0 0 0.0 0.0
2574 0 0 0.0 0.0
2575 0 0 0.0 0.0
2576 0 0 0.0 0.0
2577 0 0 0.0 0.0
2578 0 0 0.0 0.0
2579 0 0 0.0 0.0
2580 0 0 0.0 0.0
2581 0 0 0.0 0.0
2582 0 0 0.0 0.0
2583 0 0 0.0 0.0
2584 0 0 0.0 0.0
2585 0 0 0.0 0.0
2586 0 0 0.0 0.0
2587 0 0 0.0 0.0
2588 0 0 0.0 0.0
2589 0 0 0.0 0.0
2590 0 0 0.0 0.0
2591 0 0 0.0 0.0
2592 0 0 0.0 0.0
2593 0 0 0.0 0.0
2594 0 0 0.0 0.0
2595 0 0 0.0 0.0
2596 0 0 0.0 0.0
2597 0 0 0.0 0.0
2598 0 0 0.0 0.0
2599 0 0 0.0 0.0
2600 0 0 0.0 0.0
2601 0 0 0.0 0.0
2602 0 0 0.0 0.0
2603 0 0 0.0 0.0
2604 0 0 0.0 0.0
2605 0 0 0.0 0.0
2606 0 0 0.0 0.0
2607 0 0 0.0 0.0
2608 0 0 0.0 0.0
2609 0 0 0.0 0.0
2610 0 0 0.0 0.0
2611 0 0 0.0 0.0
2612 0 0 0.0 0.0
2613 0 0 0.0 0.0
2614 0 0 0.0 0.0
2615 0 0 0.0 0.0
2616 0 0 0.0 0.0
2617 0 0 0.0 0.0
2618 0 0 0.0 0.0
2619 0 0 0.0 0.0
2620 0 0 0.0 0.0
2621 0 0 0.0 0.0
2622 0 0 0.0 0.0
2623 0 0 0.0 0.0
2624 0 0 0.0 0.0
2625 0 0 0.0 0.0
2626 0 0 0.0 0.0
2627 0 0 0.0 0.0
2628 0 0 0.0 0.0
2629 0 0 0.0 0.0
2630 0 0 0.0 0.0
2631 0 0 0.0 0.0
2632 0 0 0.0 0.0
2633 0 0 0.0 0.0
2634 0 0 0.0 0.0
2635 1 1  0.764 0.735
2636 1 1  0.913 0.718
2637 1 1  0.872 0.744
2638 1 1  0.811 0.904
2639 1 1  0.834 0.863
2640 1 1  0.953 0.754
2641 1 1  0.995 0.925
2642 1 1  0.849 0.796
2643 1 1  0.783 0.722
2644 1 1  0.958 0.772
2645 1 1  0.797 0.977
2646 1 1  0.757 0.776
2647 1 1  0.743 0.792
2648 1 1  0.718 0.977
2649 1 1  0.866 0.843
2650 1 1  0.973 0.964
2651 1 1  0.984 0.985
2652 1 1  0.926 0.863
2653 1 1  0.705 0.921
2654 1 1  0.975 0.898
2655 1 1  0.946 0.759
2656 1 1  0.914 0.781
2657 1 1  0.96 0.93
2658 1 1  0.768 0.911
2659 1 1  0.724 0.823
2660 1 1  0.751 0.761
2661 1 1  0.835 0.975
2662 1 1  0.915 0.931
2663 1 1  0.714 0.926
2664 1 1  0.908 0.743
2665 1 1  0.909 0.908
2666 1 1  0.735 0.99
2667 1 1  0.765 0.785
2668 1 1  0.766 0.909
2669 1 1  0.816 0.949
2670 1 1  0.853 0.74
2671 1 1  0.717 0.893
2672 1 1  0.72 0.741
2673 1 1  0.98 0.732
2674 1 1  0.866 0.903
2675 1 1  0.797 0.803
2676 1 1  0.89 0.73
2677 1 1  0.994 0.782
2678 1 1  0.854 0.817
2679 1 1  0.919 0.796
2680 1 1  0.767 0.72
2681 1 1  0.989 0.729
2682 1 1  0.972 0.842
2683 1 1  0.815 0.76
2684 1 1  0.733 0.764
2685 1 1  0.844 0.821
2686 1 1  0.771 0.95
2687 1 1  0.763 0.857
2688 1 1  0.947 0.716
2689 1 1  0.717 0.907
2690 1 1  0.764 0.802
2691 1 1  0.827 0.939
2692 1 1  0.779 0.998
2693 1 1  0.907 0.878
2694 1 1  0.821 0.895
2695 1 1  0.898 0.747
2696 1 1  0.731 0.903
2697 1 1  0.778 0.793
2698 1 1  0.748 0.924
2699 1 1  0.815 0.706
2700 1 1  0.891 0.934
2701 1 1  0.902 0.945
2702 1 1  0.808 0.798
2703 1 1  0.899 0.996
2704 1 1  0.992 0.89
2705 1 1  0.797 0.826
2706 1 1  0.774 0.906
2707 0 0 0.0 0.0
2708 0 0 0.0 0.0
2709 0 0 0.0 0.0
2710 0 0 0.0 0.0
2711 0 0 0.0 0.0
2712 0 0 0.0 0.0
2713 0 0 0.0 0.0
2714 0 0 0.0 0.0
2715 0 0 0.0 0.0
2716 0 0 0.0 0.0
2717 0 0 0.0 0.0
2718 0 0 0.0 0.0
2719 0 0 0.0 0.0
2720 0 0 0.0 0.0
2721 0 0 0.0 0.0
2722 0 0 0.0 0.0
2723 0 0 0.0 0.0
2724 0 0 0.0 0.0
2725 0 0 0.0 0.0
2726 0 0 0.0 0.0
2727 0 0 0.0 0.0
2728 0 0 0.0 0.0
2729 0 0 0.0 0.0
2730 0 0 0.0 0.0
2731 0 0 0.0 0.0
2732 0 0 0.0 0.0
2733 0 0 0.0 0.0
2734 0 0 0.0 0.0
2735 0 0 0.0 0.0
2736 0 0 0.0 0.0
2737 0 0 0.0 0.0
2738 0 0 0.0 0.0
2739 0 0 0.0 0.0
2740 0 0 0.0 0.0
2741 0 0 0.0 0.0
2742 1 1  0.822 0.968
2743 1 1  0.783 0.94
2744 1 1  0.775 0.996
2745 1 1  0.821 0.913
2746 1 1  0.922 0.921
2747 1 1  0.834 0.846
2748 1 1  0.732 0.979
2749 1 1  0.903 0.745
2750 1 1  0.995 0.974
2751 1 1  0.82 0.844
2752 1 1  0.92 0.93
2753 1 1  0.871 0.778
2754 1 1  0.859 0.997
2755 1 1  0.974 0.973
2756 1 1  0.71 0.946
2757 1 1  0.825 0.854
2758 1 1  0.855 0.981
2759 1 1  0.888 0.716
2760 1 1  0.828 0.819
2761 1 1  0.81 0.984
2762 1 1  0.728 0.85
2763 1 1  0.914 0.704
2764 1 1  0.709 0.852
2765 1 1  0.993 0.804
2766 1 1  0.922 0.771
2767 1 1  0.785 0.982
2768 1 1  0.821 0.989
2769 1 1  0.989 0.801
2770 1 1  0.954 0.794
2771 1 1  0.863 0.753
2772 1 1  0.844 0.826
2773 1 1  0.815 0.736
2774 1 1  0.868 0.734
2775 1 1  0.786 0.832
2776 1 1  0.706 0.902
2777 1 1  0.798 0.799
2778 1 1  0.891 0.781
2779 1 1  0.759 0.989
2780 1 1  0.912 0.796
2781 1 1  0.956 0.808
2782 1 1  0.922 0.891
2783 1 1  0.73 0.763
2784 1 1  0.916 0.876
2785 1 1  0.94 0.72
2786 1 1  0.84 0.806
2787 1 1  0.731 0.865
2788 1 1  0.833 0.959
2789 1 1  0.898 0.911
2790 1 1  0.706 0.996
2791 1 1  0.778 0.713
2792 1 1  0.872 0.809
2793 1 1  0.893 0.857
2794 1 1  0.801 0.821
2795 1 1  0.767 0.763
2796 1 1  0.952 0.959
2797 1 1  0.91 0.811
2798 1 1  0.722 0.968
2799 1 1  0.998 0.826
2800 1 1  0.729 0.837
2801 1 1  0.701 0.771
2802 1 1  0.921 0.899
2803 1 1  0.925 0.797
2804 1 1  0.838 0.943
2805 1 1  0.781 0.868
2806 1 1  0.97 0.911
2807 1 1  0.813 0.815
2808 1 1  0.945 0.792
2809 1 1  0.957 0.925
2810 1 1  0.782 0.913
2811 1 1  0.739 0.843
2812 1 1  0.941 0.732
2813 1 1  0.861 0.778
2814 0 0 0.0 0.0
2815 0 0 0.0 0.0
2816 0 0 0.0 0.0
2817 0 0 0.0 0.0
2818 0 0 0.0 0.0
2819 0 0 0.0 0.0
2820 0 0 0.0 0.0
2821 0 0 0.0 0.0
2822 1 1  0.72 0.856
2823 1 1  0.881 0.751
2824 1 1  0.738 0.999
2825 1 1  0.817 0.749
2826 1 1  0.977 0.767
2827 1 1  0.976 0.71
2828 1 1  0.95 0.863
2829 1 1  0.759 0.997
2830 1 1  0.805 0.992
2831 1 1  0.941 0.751
2832 1 1  0.959 0.977
2833 1 1  0.795 0.823
2834 1 1  0.829 0.733
2835 1 1  0.99 0.945
2836 1 1  0.705 0.849
2837 1 1  0.955 0.978
2838 1 1  0.779 0.729
2839 1 1  0.985 0.898
2840 1 1  0.753 0.972
2841 1 1  0.902 0.9
2842 1 1  0.807 0.846
2843 1 1  0.819 0.786
2844 1 1  0.816 0.808
2845 1 1  0.869 0.997
2846 1 1  0.996 0.936
2847 1 1  0.798 0.95
2848 1 1  0.747 0.792
2849 1 1  0.861 0.832
2850 1 1  0.769 0.708
2851 1 1  0.987 0.939
2852 1 1  0.727 0.913
2853 1 1  0.74 0.794
2854 1 1  0.744 0.817
2855 1 1  0.727 0.884
2856 1 1  0.91 0.884
2857 1 1  0.763 0.947
2858 1 1  0.811 0.746
2859 1 1  0.745 0.808
2860 1 1  0.995 0.908
2861 1 1  0.867 0.898
2862 1 1  0.709 0.966
2863 1 1  0.814 0.935
2864 1 1  0.752 0.704
2865 1 1  0.801 0.827
2866 1 1  0.947 0.873
2867 1 1  0.917 0.843
2868 1 1  0.912 0.746
2869 1 1  0.757 0.767
2870 1 1  0.889 0.753
2871 1 1  0.858 0.966
2872 1 1  0.793 0.835
2873 1 1  0.848 0.832
2874 1 1  0.986 0.916
2875 1 1  0.985 0.853
2876 1 1  0.937 0.997
2877 1 1  0.736 0.817
2878 1 1  0.742 0.997
2879 1 1  0.945 0.83
2880 1 1  0.963 0.893
2881 1 1  0.91 0.834
2882 1 1  0.744 0.836
2883 1 1  0.777 0.727
2884 1 1  0.777 0.768
2885 1 1  0.763 0.961
2886 1 1  0.784 0.958
2887 1 1  0.804 0.967
2888 1 1  0.882 0.883
2889 1 1  0.82 0.79
2890 1 1  0.754 0.923
2891 1 1  0.901 0.722
2892 1 1  0.78 0.804
2893 1 1  0.814 0.935
2894 0 0 0.0 0.0
2895 0 0 0.0 0.0
2896 0 0 0.0 0.0
2897 0 0 0.0 0.0
2898 0 0 0.0 0.0
2899 0 0 0.0 0.0
2900 0 0 0.0 0.0
2901 0 0 0.0 0.0
2902 0 0 0.0 0.0
2903 0 0 0.0 0.0
2904 0 0 0.0 0.0
2905 0 0 0.0 0.0
2906 0 0 0.0 0.0
2907 0 0 0.0 0.0
2908 0 0 0.0 0.0
2909 0 0 0.0 0.0
2910 0 0 0.0 0.0
2911 0 0 0.0 0.0
2912 0 0 0.0 0.0
2913 0 0 0.0 0.0
2914 0 0 0.0 0.0
2915 0 0 0.0 0.0
2916 0 0 0.0 0.0
2917 0 0 0.0 0.0
2918 0 0 0.0 0.0
2919 0 0 0.0 0.0
2920 0 0 0.0 0.0
2921 0 0 0.0 0.0
2922 0 0 0.0 0.0
2923 0 0 0.0 0.0
2924 0 0 0.0 0.0
2925 0 0 0.0 0.0
2926 0 0 0.0 0.0
2927 0 0 0.0 0.0
2928 0 0 0.0 0.0
2929 1 1  0.71 0.928
2930 1 1  0.831 0.991
2931 1 1  0.969 0.746
2932 1 1  0.817 0.92
2933 1 1  0.91 0.878
2934 1 1  0.88 0.857
2935 1 1  0.768 0.794
2936 1 1  0.867 0.748
2937 1 1  0.786 0.939
2938 1 1  0.741 0.914
2939 1 1  0.925 0.949
2940 1 1  0.754 0.742
2941 1 1  0.808 0.967
2942 1 1  0.822 0.783
2943 1 1  0.987 0.962
2944 1 1  0.95 0.799
2945 1 1  0.946 0.86
2946 1 1  0.782 0.959
2947 1 1  0.849 0.975
2948 1 1  0.798 0.994
2949 1 1  0.727 0.875
2950 1 1  0.804 0.85
2951 1 1  0.8 0.862
2952 1 1  0.801 0.93
2953 1 1  0.763 0.824
2954 1 1  0.886 0.708
2955 1 1  0.933 0.949
2956 1 1  0.761 0.82
2957 1 1  0.993 0.916
2958 1 1  0.789 0.952
2959 1 1  0.992 0.952
2960 1 1  0.782 0.948
2961 1 1  0.737 0.935
2962 1 1  0.879 0.743
2963 1 1  0.779 0.864
2964 1 1  0.914 0.846
2965 1 1  0.798 0.951
2966 1 1  0.951 0.868
2967 1 1  0.823 0.783
2968 1 1  0.911 0.975
2969 1 1  0.838 0.711
2970 1 1  0.721 0.918
2971 1 1  0.903 0.851
2972 1 1  0.84 0.911
2973 1 1  0.799 0.764
2974 1 1  0.737 0.787
2975 1 1  0.783 0.86
2976 1 1  0.844 0.869
2977 1 1  0.979 0.803
2978 1 1  0.915 0.826
2979 1 1  0.865 0.837
2980 1 1  0.968 0.702
2981 1 1  0.961 0.842
2982 1 1  0.736 0.924
2983 1 1  0.71 0.818
2984 1 1  0.976 0.98
2985 1 1  0.85 0.851
2986 1 1  0.837 0.798
2987 1 1  0.769 0.959
2988 1 1  0.945 0.728
2989 1 1  0.992 0.716
2990 1 1  0.89 0.716
2991 1 1  0.901 0.97
2992 1 1  0.895 0.77
2993 1 1  0.76 0.815
2994 1 1  0.847 0.894
2995 1 1  0.906 0.754
2996 1 1  0.991 0.811
2997 1 1  0.822 0.701
2998 1 1  0.903 0.722
2999 1 1  0.98 0.776
3000 1 1  0.748 0.866
3001 0 0 0.0 0.0
3002 0 0 0.0 0.0
3003 0 0 0.0 0.0
3004 0 0 0.0 0.0
3005 0 0 0.0 0.0
3006 0 0 0.0 0.0
3007 0 0 0.0 0.0
3008 0 0 0.0 0.0
3009 1 1  0.957 0.848
3010 1 1  0.805 0.729
3011 1 1  0.866 0.917
3012 1 1  0.989 0.708
3013 1 1  0.963 0.902
3014 1 1  0.895 0.785
3015 1 1  0.873 0.977
3016 1 1  0.871 0.885
3017 1 1  0.76 0.738
3018 1 1  0.881 0.89
3019 1 1  0.978 0.829
3020 1 1  0.759 0.951
3021 1 1  0.822 0.917
3022 1 1  0.963 0.916
3023 1 1  0.731 0.846
3024 1 1  0.719 0.988
3025 1 1  0.951 0.892
3026 1 1  0.869 0.988
3027 1 1  0.834 0.745
3028 1 1  0.767 0.729
3029 1 1  0.798 0.708
3030 1 1  0.971 0.83
3031 1 1  0.861 0.921
3032 1 1  0.869 0.704
3033 1 1  0.892 0.796
3034 1 1  0.882 0.8
3035 1 1  0.738 0.974
3036 1 1  0.721 0.767
3037 1 1  0.822 0.964
3038 1 1  0.759 0.701
3039 1 1  0.908 0.841
3040 1 1  0.717 0.881
3041 1 1  0.702 0.81
3042 1 1  0.869 0.744
3043 1 1  0.836 0.893
3044 1 1  1 0.863
3045 1 1  0.887 0.738
3046 1 1  0.881 0.88
3047 1 1  0.842 0.859
3048 1 1  0.751 0.818
3049 1 1  0.85 0.841
3050 1 1  0.901 0.952
3051 1 1  0.767 0.972
3052 1 1  0.765 0.922
3053 1 1  0.718 0.874
3054 1 1  0.754 0.722
3055 1 1  0.896 0.876
3056 1 1  0.819 0.917
3057 1 1  0.824 0.848
3058 1 1  0.885 0.87
3059 1 1  0.906 0.724
3060 1 1  0.713 0.84
3061 1 1  0.84 0.801
3062 1 1  0.942 0.879
3063 1 1  0.912 0.743
3064 1 1  0.871 0.806
3065 1 1  0.896 0.936
3066 1 1  0.742 0.751
3067 1 1  0.823 0.869
3068 1 1  0.705 0.889
3069 1 1  0.976 0.833
3070 1 1  0.748 0.809
3071 1 1  0.735 0.773
3072 1 1  0.996 0.9
3073 1 1  0.874 0.871
3074 1 1  0.911 0.99
3075 1 1  0.824 0.822
3076 1 1  0.835 0.95
3077 1 1  0.745 0.819
3078 1 1  0.845 0.938
3079 1 1  0.914 0.841
3080 1 1  0.932 0.928
3081 0 0 0.0 0.0
3082 0 0 0.0 0.0
3083 0 0 0.0 0.0
3084 0 0 0.0 0.0
3085 0 0 0.0 0.0
3086 0 0 0.0 0.0
3087 0 0 0.0 0.0
3088 0 0 0.0 0.0
3089 0 0 0.0 0.0
3090 0 0 0.0 0.0
3091 0 0 0.0 0.0
3092 0 0 0.0 0.0
3093 0 0 0.0 0.0
3094 0 0 0.0 0.0
3095 0 0 0.0 0.0
3096 0 0 0.0 0.0
3097 0 0 0.0 0.0
3098 0 0 0.0 0.0
3099 0 0 0.0 0.0
3100 0 0 0.0 0.0
3101 0 0 0.0 0.0
3102 0 0 0.0 0.0
3103 0 0 0.0 0.0
3104 0 0 0.0 0.0
3105 0 0 0.0 0.0
3106 0 0 0.0 0.0
3107 0 0 0.0 0.0
3108 0 0 0.0 0.0
3109 0 0 0.0 0.0
3110 0 0 0.0 0.0
3111 0 0 0.0 0.0
3112 0 0 0.0 0.0
3113 0 0 0.0 0.0
3114 0 0 0.0 0.0
3115 0 0 0.0 0.0
3116 1 1  0.76 0.981
3117 1 1  0.934 0.935
3118 1 1  0.727 0.993
3119 1 1  0.987 0.854
3120 1 1  0.995 0.706
3121 1 1  0.911 0.944
3122 1 1  0.857 0.881
3123 1 1  0.977 0.983
3124 1 1  0.771 0.994
3125 1 1  0.744 0.948
3126 1 1  0.807 0.721
3127 1 1  0.816 0.761
3128 1 1  0.836 0.761
3129 1 1  0.808 0.904
3130 1 1  0.888 0.872
3131 1 1  0.866 0.759
3132 1 1  0.881 0.848
3133 1 1  0.948 0.95
3134 1 1  0.874 0.703
3135 1 1  0.929 0.852
3136 1 1  0.997 0.985
3137 1 1  0.955 0.944
3138 1 1  0.856 0.73
3139 1 1  0.948 0.702
3140 1 1  0.932 0.939
3141 1 1  0.71 0.999
3142 1 1  0.934 0.769
3143 1 1  0.882 0.764
3144 1 1  0.798 0.807
3145 1 1  0.856 0.765
3146 1 1  0.853 0.873
3147 1 1  0.737 0.74
3148 1 1  0.852 0.749
3149 1 1  0.925 0.763
3150 1 1  0.868 0.952
3151 1 1  0.781 0.727
3152 1 1  0.837 0.959
3153 1 1  0.718 0.972
3154 1 1  0.879 0.906
3155 1 1  0.961 0.944
3156 1 1  0.849 0.808
3157 1 1  0.805 0.727
3158 1 1  0.797 0.901
3159 1 1  0.904 0.949
3160 1 1  0.791 0.831
3161 1 1  0.92 0.972
3162 1 1  0.812 0.779
3163 1 1  0.874 0.954
3164 1 1  0.812 0.93
3165 1 1  0.938 0.788
3166 1 1  0.777 0.788
3167 1 1  0.712 0.911
3168 1 1  0.842 0.714
3169 1 1  0.978 0.778
3170 1 1  0.837 0.954
3171 1 1  0.882 0.739
3172 1 1  0.882 0.892
3173 1 1  0.971 0.888
3174 1 1  0.865 0.855
3175 1 1  0.999 0.797
3176 1 1  0.901 0.711
3177 1 1  0.862 0.887
3178 1 1  0.973 0.848
3179 1 1  0.722 0.729
3180 1 1  0.943 0.984
3181 1 1  0.768 0.84
3182 1 1  0.822 0.967
3183 1 1  0.92 0.738
3184 1 1  0.772 0.953
3185 1 1  0.897 0.957
3186 1 1  0.752 0.799
3187 1 1  0.856 0.871
3188 0 0 0.0 0.0
3189 0 0 0.0 0.0
3190 0 0 0.0 0.0
3191 0 0 0.0 0.0
3192 0 0 0.0 0.0
3193 0 0 0.0 0.0
3194 0 0 0.0 0.0
3195 0 0 0.0 0.0
3196 0 0 0.0 0.0
3197 0 0 0.0 0.0
3198 0 0 0.0 0.0
3199 0 0 0.0 0.0
3200 0 0 0.0 0.0
3201 0 0 0.0 0.0
3202 0 0 0.0 0.0
3203 0 0 0.0 0.0
3204 0 0 0.0 0.0
3205 0 0 0.0 0.0
3206 0 0 0.0 0.0
3207 0 0 0.0 0.0
3208 0 0 0.0 0.0
3209 0 0 0.0 0.0
3210 0 0 0.0 0.0
3211 0 0 0.0 0.0
3212 0 0 0.0 0.0
3213 0 0 0.0 0.0
3214 0 0 0.0 0.0
3215 0 0 0.0 0.0
3216 0 0 0.0 0.0
3217 0 0 0.0 0.0
3218 0 0 0.0 0.0
3219 0 0 0.0 0.0
3220 0 0 0.0 0.0
3221 0 0 0.0 0.0
3222 0 0 0.0 0.0
3223 1 1  0.973 0.798
3224 1 1  0.985 0.981
3225 1 1  0.787 0.896
3226 1 1  0.855 0.701
3227 1 1  0.809 0.866
3228 1 1  0.73 0.76
3229 1 1  0.708 0.79
3230 1 1  0.924 0.865
3231 1 1  0.91 0.895
3232 1 1  0.819 0.823
3233 1 1  0.986 0.906
3234 1 1  0.765 0.876
3235 1 1  0.81 0.95
3236 1 1  0.778 0.837
3237 1 1  0.716 0.903
3238 1 1  0.801 0.82
3239 1 1  0.793 0.903
3240 1 1  0.884 0.936
3241 1 1  0.912 0.98
3242 1 1  0.774 0.917
3243 1 1  0.901 0.914
3244 1 1  0.933 0.926
3245 1 1  0.731 0.934
3246 1 1  0.824 0.989
3247 1 1  0.709 0.802
3248 1 1  0.848 0.725
3249 1 1  0.845 0.945
3250 1 1  0.838 0.883
3251 1 1  0.972 0.915
3252 1 1  0.86 0.792
3253 1 1  0.788 0.835
3254 1 1  0.722 0.728
3255 1 1  0.712 0.733
3256 1 1  0.708 0.937
3257 1 1  0.736 0.733
3258 1 1  0.852 0.728
3259 1 1  0.886 0.959
3260 1 1  0.843 0.931
3261 1 1  0.998 0.917
3262 1 1  0.701 0.729
3263 1 1  0.855 0.994
3264 1 1  0.723 0.86
3265 1 1  0.832 0.945
3266 1 1  0.739 0.894
3267 1 1  0.748 0.998
3268 1 1  0.931 0.877
3269 1 1  0.805 0.778
3270 1 1  0.956 0.885
3271 1 1  0.89 0.867
3272 1 1  0.774 0.861
3273 1 1  0.873 0.856
3274 1 1  0.973 0.848
3275 1 1  0.748 0.999
3276 1 1  0.923 0.98
3277 1 1  0.939 0.996
3278 1 1  0.919 0.82
3279 1 1  0.985 0.923
3280 1 1  0.804 0.813
3281 1 1  0.719 0.908
3282 1 1  0.991 0.828
3283 1 1  0.76 0.806
3284 1 1  0.764 0.891
3285 1 1  0.727 0.848
3286 1 1  0.839 0.85
3287 1 1  0.9 0.866
3288 1 1  0.965 0.851
3289 1 1  0.755 0.861
3290 1 1  0.735 0.935
3291 1 1  0.72 0.865
3292 1 1  0.874 0.912
3293 1 1  0.808 0.887
3294 1 1  0.708 0.826
3295 0 0 0.0 0.0
3296 0 0 0.0 0.0
3297 0 0 0.0 0.0
3298 0 0 0.0 0.0
3299 0 0 0.0 0.0
3300 0 0 0.0 0.0
3301 0 0 0.0 0.0
3302 0 0 0.0 0.0
3303 1 1  0.79 0.849
3304 1 1  0.754 0.728
3305 1 1  0.726 0.921
3306 1 1  0.979 0.724
3307 1 1  0.754 0.956
3308 1 1  0.785 0.962
3309 1 1  0.898 0.951
3310 1 1  0.9 0.886
3311 1 1  0.765 0.729
3312 1 1  0.857 0.902
3313 1 1  0.749 0.928
3314 1 1  0.796 0.946
3315 1 1  0.888 0.979
3316 1 1  0.718 0.9
3317 1 1  0.863 0.929
3318 1 1  0.771 0.999
3319 1 1  0.871 0.702
3320 1 1  0.973 0.71
3321 1 1  0.756 0.725
3322 1 1  0.705 0.995
3323 1 1  0.809 0.947
3324 1 1  0.861 0.863
3325 1 1  0.74 0.856
3326 1 1  0.771 0.924
3327 1 1  0.735 0.768
3328 1 1  0.96 0.986
3329 1 1  0.911 0.983
3330 1 1  0.851 0.899
3331 1 1  0.711 0.938
3332 1 1  0.895 0.873
3333 1 1  0.768 0.771
3334 1 1  0.711 0.752
3335 1 1  0.823 0.979
3336 1 1  0.95 0.758
3337 1 1  0.758 0.71
3338 1 1  0.979 0.816
3339 1 1  0.979 0.852
3340 1 1  0.813 0.744
3341 1 1  0.968 0.795
3342 1 1  0.941 0.961
3343 1 1  0.974 0.816
3344 1 1  0.891 0.791
3345 1 1  0.85 0.91
3346 1 1  0.829 0.877
3347 1 1  0.875 0.725
3348 1 1  0.791 0.767
3349 1 1  0.725 0.984
3350 1 1  0.888 0.962
3351 1 1  0.837 0.854
3352 1 1  0.852 0.916
3353 1 1  0.703 0.734
3354 1 1  0.829 0.933
3355 1 1  0.851 0.849
3356 1 1  0.855 0.896
3357 1 1  0.931 0.792
3358 1 1  0.81 0.763
3359 1 1  0.883 0.852
3360 1 1  0.766 0.891
3361 1 1  0.731 0.979
3362 1 1  0.814 0.946
3363 1 1  0.865 0.949
3364 1 1  0.791 0.702
3365 1 1  0.721 0.706
3366 1 1  0.897 0.801
3367 1 1  0.833 0.727
3368 1 1  0.929 0.76
3369 1 1  0.804 0.972
3370 1 1  0.835 0.991
3371 1 1  0.833 0.965
3372 1 1  0.761 0.839
3373 1 1  0.975 0.809
3374 1 1  0.894 0.716
3375 0 0 0.0 0.0
3376 0 0 0.0 0.0
3377 0 0 0.0 0.0
3378 0 0 0.0 0.0
3379 0 0 0.0 0.0
3380 0 0 0.0 0.0
3381 0 0 0.0 0.0
3382 0 0 0.0 0.0
3383 0 0 0.0 0.0
3384 0 0 0.0 0.0
3385 0 0 0.0 0.0
3386 0 0 0.0 0.0
3387 0 0 0.0 0.0
3388 0 0 0.0 0.0
3389 0 0 0.0 0.0
3390 0 0 0.0 0.0
3391 0 0 0.0 0.0
3392 0 0 0.0 0.0
3393 0 0 0.0 0.0
3394 0 0 0.0 0.0
3395 0 0 0.0 0.0
3396 0 0 0.0 0.0
3397 0 0 0.0 0.0
3398 0 0 0.0 0.0
3399 0 0 0.0 0.0
3400 0 0 0.0 0.0
3401 0 0 0.0 0.0
3402 0 0 0.0 0.0
3403 0 0 0.0 0.0
3404 0 0 0.0 0.0
3405 0 0 0.0 0.0
3406 0 0 0.0 0.0
3407 0 0 0.0 0.0
3408 0 0 0.0 0.0
3409 0 0 0.0 0.0
3410 0 0 0.0 0.0
3411 0 0 0.0 0.0
3412 0 0 0.0 0.0
3413 0 0 0.0 0.0
3414 0 0 0.0 0.0
3415 0 0 0.0 0.0
3416 0 0 0.0 0.0
3417 0 0 0.0 0.0
3418 0 0 0.0 0.0
3419 0 0 0.0 0.0
3420 0 0 0.0 0.0
3421 0 0 0.0 0.0
3422 0 0 0.0 0.0
3423 0 0 0.0 0.0
3424 0 0 0.0 0.0
3425 0 0 0.0 0.0
3426 0 0 0.0 0.0
3427 0 0 0.0 0.0
3428 0 0 0.0 0.0
3429 0 0 0.0 0.0
3430 0 0 0.0 0.0
3431 0 0 0.0 0.0
3432 0 0 0.0 0.0
3433 0 0 0.0 0.0
3434 0 0 0.0 0.0
3435 0 0 0.0 0.0
3436 0 0 0.0 0.0
3437 0 0 0.0 0.0
3438 0 0 0.0 0.0
3439 0 0 0.0 0.0
3440 0 0 0.0 0.0
3441 0 0 0.0 0.0
3442 0 0 0.0 0.0
3443 0 0 0.0 0.0
3444 0 0 0.0 0.0
3445 0 0 0.0 0.0
3446 0 0 0.0 0.0
3447 0 0 0.0 0.0
3448 0 0 0.0 0.0
3449 0 0 0.0 0.0
3450 0 0 0.0 0.0
3451 0 0 0.0 0.0
3452 0 0 0.0 0.0
3453 0 0 0.0 0.0
3454 0 0 0.0 0.0
3455 0 0 0.0 0.0
3456 0 0 0.0 0.0
3457 0 0 0.0 0.0
3458 0 0 0.0 0.0
3459 0 0 0.0 0.0
3460 0 0 0.0 0.0
3461 0 0 0.0 0.0
3462 0 0 0.0 0.0
3463 0 0 0.0 0.0
3464 0 0 0.0 0.0
3465 0 0 0.0 0.0
3466 0 0 0.0 0.0
3467 0 0 0.0 0.0
3468 0 0 0.0 0.0
3469 0 0 0.0 0.0
3470 0 0 0.0 0.0
3471 0 0 0.0 0.0
3472 0 0 0.0 0.0
3473 0 0 0.0 0.0
3474 0 0 0.0 0.0
3475 0 0 0.0 0.0
3476 0 0 0.0 0.0
3477 0 0 0.0 0.0
3478 0 0 0.0 0.0
3479 0 0 0.0 0.0
3480 0 0 0.0 0.0
3481 0 0 0.0 0.0
3482 0 0 0.0 0.0
3483 0 0 0.0 0.0
3484 0 0 0.0 0.0
3485 0 0 0.0 0.0
3486 0 0 0.0 0.0
3487 0 0 0.0 0.0
3488 0 0 0.0 0.0
3489 0 0 0.0 0.0
3490 0 0 0.0 0.0
3491 0 0 0.0 0.0
3492 0 0 0.0 0.0
3493 0 0 0.0 0.0
3494 0 0 0.0 0.0
3495 0 0 0.0 0.0
3496 0 0 0.0 0.0
3497 0 0 0.0 0.0
3498 0 0 0.0 0.0
3499 0 0 0.0 0.0
3500 0 0 0.0 0.0
3501 0 0 0.0 0.0
3502 0 0 0.0 0.0
3503 0 0 0.0 0.0
3504 0 0 0.0 0.0
3505 0 0 0.0 0.0
3506 0 0 0.0 0.0
3507 0 0 0.0 0.0
3508 0 0 0.0 0.0
3509 0 0 0.0 0.0
3510 0 0 0.0 0.0
3511 0 0 0.0 0.0
3512 0 0 0.0 0.0
3513 0 0 0.0 0.0
3514 0 0 0.0 0.0
3515 0 0 0.0 0.0
3516 0 0 0.0 0.0
3517 0 0 0.0 0.0
3518 0 0 0.0 0.0
3519 0 0 0.0 0.0
3520 0 0 0.0 0.0
3521 0 0 0.0 0.0
3522 0 0 0.0 0.0
3523 0 0 0.0 0.0
3524 0 0 0.0 0.0
3525 0 0 0.0 0.0
3526 0 0 0.0 0.0
3527 0 0 0.0 0.0
3528 0 0 0.0 0.0
3529 0 0 0.0 0.0
3530 0 0 0.0 0.0
3531 0 0 0.0 0.0
3532 0 0 0.0 0.0
3533 0 0 0.0 0.0
3534 0 0 0.0 0.0
3535 0 0 0.0 0.0
3536 0 0 0.0 0.0
3537 0 0 0.0 0.0
3538 0 0 0.0 0.0
3539 0 0 0.0 0.0
3540 0 0 0.0 0.0
3541 0 0 0.0 0.0
3542 0 0 0.0 0.0
3543 0 0 0.0 0.0
3544 0 0 0.0 0.0
3545 0 0 0.0 0.0
3546 0 0 0.0 0.0
3547 0 0 0.0 0.0
3548 0 0 0.0 0.0
3549 0 0 0.0 0.0
3550 0 0 0.0 0.0
3551 0 0 0.0 0.0
3552 0 0 0.0 0.0
3553 0 0 0.0 0.0
3554 0 0 0.0 0.0
3555 0 0 0.0 0.0
3556 0 0 0.0 0.0
3557 0 0 0.0 0.0
3558 0 0 0.0 0.0
3559 0 0 0.0 0.0
3560 0 0 0.0 0.0
3561 0 0 0.0 0.0
3562 0 0 0.0 0.0
3563 0 0 0.0 0.0
3564 0 0 0.0 0.0
