1 0 0 0.00000 0.00000
2 0 0 0.00000 0.00000
3 0 0 0.00000 0.00000
4 0 0 0.00000 0.00000
5 0 0 0.00000 0.00000
6 0 0 0.00000 0.00000
7 0 0 0.00000 0.00000
8 0 0 0.00000 0.00000
9 0 0 0.00000 0.00000
10 0 0 0.00000 0.00000
11 0 0 0.00000 0.00000
12 0 0 0.00000 0.00000
13 0 0 0.00000 0.00000
14 0 0 0.00000 0.00000
15 0 0 0.00000 0.00000
16 0 0 0.00000 0.00000
17 0 0 0.00000 0.00000
18 0 0 0.00000 0.00000
19 0 0 0.00000 0.00000
20 0 0 0.00000 0.00000
21 0 0 0.00000 0.00000
22 0 0 0.00000 0.00000
23 0 0 0.00000 0.00000
24 0 0 0.00000 0.00000
25 0 0 0.00000 0.00000
26 0 0 0.00000 0.00000
27 0 0 0.00000 0.00000
28 0 0 0.00000 0.00000
29 0 0 0.00000 0.00000
30 0 0 0.00000 0.00000
31 0 0 0.00000 0.00000
32 0 0 0.00000 0.00000
33 0 0 0.00000 0.00000
34 0 0 0.00000 0.00000
35 0 0 0.00000 0.00000
36 0 0 0.00000 0.00000
37 0 0 0.00000 0.00000
38 0 0 0.00000 0.00000
39 1 1 0.80557 0.82948
40 0 0 0.00000 0.00000
41 0 0 0.00000 0.00000
42 0 0 0.00000 0.00000
43 0 0 0.00000 0.00000
44 0 0 0.00000 0.00000
45 0 0 0.00000 0.00000
46 0 0 0.00000 0.00000
47 0 0 0.00000 0.00000
48 0 0 0.00000 0.00000
49 0 0 0.00000 0.00000
50 0 0 0.00000 0.00000
51 0 0 0.00000 0.00000
52 0 0 0.00000 0.00000
53 0 0 0.00000 0.00000
54 0 0 0.00000 0.00000
55 0 0 0.00000 0.00000
56 0 0 0.00000 0.00000
57 0 0 0.00000 0.00000
58 0 0 0.00000 0.00000
59 0 0 0.00000 0.00000
60 0 0 0.00000 0.00000
61 0 0 0.00000 0.00000
62 0 0 0.00000 0.00000
63 0 0 0.00000 0.00000
64 0 0 0.00000 0.00000
65 0 0 0.00000 0.00000
66 0 0 0.00000 0.00000
67 0 0 0.00000 0.00000
68 0 0 0.00000 0.00000
69 0 0 0.00000 0.00000
70 0 0 0.00000 0.00000
71 0 0 0.00000 0.00000
72 0 0 0.00000 0.00000
73 0 0 0.00000 0.00000
74 0 0 0.00000 0.00000
75 0 0 0.00000 0.00000
76 0 0 0.00000 0.00000
77 0 0 0.00000 0.00000
78 0 0 0.00000 0.00000
79 1 1 0.77072 0.84097
80 1 1 0.80413 0.81681
81 1 1 0.90346 0.92846
82 1 1 0.82541 0.85580
83 1 1 0.85073 0.86840
84 1 1 0.79564 0.78991
85 1 1 0.89166 0.90856
86 1 1 0.82922 0.81533
87 1 1 0.82217 0.84154
88 1 1 0.77287 0.79374
89 1 1 0.82935 0.84522
90 1 1 0.77628 0.77819
91 0 0 0.00000 0.00000
92 0 0 0.00000 0.00000
93 0 0 0.00000 0.00000
94 0 0 0.00000 0.00000
95 0 0 0.00000 0.00000
96 0 0 0.00000 0.00000
97 0 0 0.00000 0.00000
98 0 0 0.00000 0.00000
99 0 0 0.00000 0.00000
100 0 0 0.00000 0.00000
101 0 0 0.00000 0.00000
102 0 0 0.00000 0.00000
103 0 0 0.00000 0.00000
104 0 0 0.00000 0.00000
105 0 0 0.00000 0.00000
106 0 0 0.00000 0.00000
107 0 0 0.00000 0.00000
108 0 0 0.00000 0.00000
109 0 0 0.00000 0.00000
110 0 0 0.00000 0.00000
111 0 0 0.00000 0.00000
112 0 0 0.00000 0.00000
113 0 0 0.00000 0.00000
114 0 0 0.00000 0.00000
115 0 0 0.00000 0.00000
116 0 0 0.00000 0.00000
117 0 0 0.00000 0.00000
118 0 0 0.00000 0.00000
119 0 0 0.00000 0.00000
120 0 0 0.00000 0.00000
121 0 0 0.00000 0.00000
122 0 0 0.00000 0.00000
123 0 0 0.00000 0.00000
124 0 0 0.00000 0.00000
125 0 0 0.00000 0.00000
126 0 0 0.00000 0.00000
127 0 0 0.00000 0.00000
128 0 0 0.00000 0.00000
129 0 0 0.00000 0.00000
130 1 0 0.84478 0.00000
131 1 0 0.80573 0.00000
132 1 0 0.92610 0.00000
133 1 0 0.87115 0.00000
134 1 0 0.85697 0.00000
135 1 0 0.79021 0.00000
136 1 0 0.91986 0.00000
137 1 0 0.82998 0.00000
138 1 0 0.84378 0.00000
139 1 0 0.79404 0.00000
140 1 0 0.85470 0.00000
141 1 0 0.78993 0.00000
142 0 0 0.00000 0.00000
143 0 0 0.00000 0.00000
144 0 0 0.00000 0.00000
145 0 0 0.00000 0.00000
146 0 0 0.00000 0.00000
147 0 0 0.00000 0.00000
148 0 0 0.00000 0.00000
149 0 0 0.00000 0.00000
150 0 0 0.00000 0.00000
151 0 0 0.00000 0.00000
152 0 0 0.00000 0.00000
153 0 0 0.00000 0.00000
154 0 0 0.00000 0.00000
155 0 0 0.00000 0.00000
156 0 0 0.00000 0.00000
157 0 0 0.00000 0.00000
158 0 0 0.00000 0.00000
159 0 0 0.00000 0.00000
160 0 0 0.00000 0.00000
161 0 0 0.00000 0.00000
162 0 0 0.00000 0.00000
163 0 0 0.00000 0.00000
164 0 0 0.00000 0.00000
165 0 0 0.00000 0.00000
166 0 0 0.00000 0.00000
167 0 0 0.00000 0.00000
168 0 0 0.00000 0.00000
169 0 0 0.00000 0.00000
170 0 1 0.00000 0.79794
171 0 1 0.00000 0.77554
172 0 1 0.00000 0.87883
173 0 1 0.00000 0.83287
174 0 1 0.00000 0.81831
175 0 1 0.00000 0.74358
176 0 1 0.00000 0.86028
177 0 1 0.00000 0.78841
178 0 1 0.00000 0.79157
179 0 1 0.00000 0.74126
180 0 1 0.00000 0.81419
181 0 1 0.00000 0.75300
182 0 0 0.00000 0.00000
183 0 0 0.00000 0.00000
184 0 0 0.00000 0.00000
185 0 0 0.00000 0.00000
186 0 0 0.00000 0.00000
187 0 0 0.00000 0.00000
188 0 0 0.00000 0.00000
189 0 0 0.00000 0.00000
190 0 0 0.00000 0.00000
191 0 0 0.00000 0.00000
192 0 0 0.00000 0.00000
193 0 0 0.00000 0.00000
194 0 0 0.00000 0.00000
195 0 0 0.00000 0.00000
196 0 0 0.00000 0.00000
197 0 0 0.00000 0.00000
198 0 0 0.00000 0.00000
199 0 0 0.00000 0.00000
200 0 0 0.00000 0.00000
201 0 0 0.00000 0.00000
202 0 0 0.00000 0.00000
203 0 0 0.00000 0.00000
204 0 0 0.00000 0.00000
205 0 0 0.00000 0.00000
206 0 0 0.00000 0.00000
207 0 0 0.00000 0.00000
208 0 0 0.00000 0.00000
209 0 0 0.00000 0.00000
210 0 0 0.00000 0.00000
211 0 0 0.00000 0.00000
212 0 0 0.00000 0.00000
213 0 0 0.00000 0.00000
214 0 0 0.00000 0.00000
215 0 0 0.00000 0.00000
216 0 0 0.00000 0.00000
217 1 1 0.89838 0.86990
218 1 1 0.94738 0.90341
219 1 1 0.94685 0.97279
220 1 1 0.94182 0.96371
221 1 1 0.88514 0.85464
222 1 1 0.87902 0.86453
223 1 1 0.91771 0.90756
224 1 1 0.91434 0.90595
225 1 1 0.79438 0.80609
226 1 1 0.85182 0.81828
227 1 1 0.84086 0.85126
228 1 1 0.85608 0.86378
229 1 1 0.80857 0.80761
230 1 1 0.83103 0.82463
231 1 1 0.82248 0.86761
232 1 1 0.82342 0.85455
233 1 1 0.78176 0.79483
234 1 1 0.80496 0.80696
235 1 1 0.80238 0.85751
236 1 1 0.80102 0.83853
237 1 1 0.80893 0.82814
238 1 1 0.82390 0.83178
239 1 1 0.81823 0.85262
240 1 1 0.81803 0.83896
241 1 1 0.87826 0.87968
242 1 1 0.86992 0.87080
243 1 1 0.87663 0.89749
244 1 1 0.86736 0.86683
245 1 1 0.85860 0.86834
246 1 1 0.84996 0.87483
247 1 1 0.85266 0.89238
248 1 1 0.84883 0.85906
249 1 1 0.94287 0.93343
250 1 1 0.90767 0.93062
251 1 1 0.91495 0.95481
252 1 1 0.90088 0.91609
253 1 1 0.84997 0.80988
254 1 1 0.85490 0.82087
255 1 1 0.83828 0.83584
256 1 1 0.83551 0.82955
257 1 1 0.83378 0.79954
258 1 1 0.85301 0.81314
259 1 1 0.83125 0.82758
260 1 1 0.83101 0.81615
261 1 1 0.91937 0.87898
262 1 1 0.91485 0.86882
263 1 1 0.89147 0.89577
264 1 1 0.87949 0.86413
265 1 1 0.80803 0.83127
266 1 1 0.82701 0.82431
267 1 1 0.80871 0.85282
268 1 1 0.79596 0.81241
269 1 1 0.77655 0.82881
270 1 1 0.81970 0.82185
271 1 1 0.77657 0.81076
272 1 1 0.78302 0.81418
273 1 1 0.84528 0.88833
274 1 1 0.84735 0.87649
275 1 1 0.82321 0.88270
276 1 1 0.82805 0.88150
277 1 1 0.83581 0.80186
278 1 1 0.84989 0.79905
279 1 1 0.82709 0.80715
280 1 1 0.82416 0.79803
281 1 1 0.81668 0.79765
282 1 1 0.82614 0.79256
283 1 1 0.78897 0.79974
284 1 1 0.80789 0.79574
285 1 1 0.85699 0.85589
286 1 1 0.86762 0.84552
287 1 1 0.83930 0.85105
288 1 1 0.76820 0.73827
289 0 0 0.00000 0.00000
290 0 0 0.00000 0.00000
291 0 0 0.00000 0.00000
292 0 0 0.00000 0.00000
293 0 0 0.00000 0.00000
294 0 0 0.00000 0.00000
295 0 0 0.00000 0.00000
296 0 0 0.00000 0.00000
297 0 0 0.00000 0.00000
298 1 1 0.76980 0.73737
299 1 1 0.80510 0.82107
300 1 1 0.88196 0.92948
301 1 1 0.90520 0.90486
302 1 1 0.81009 0.82816
303 1 1 0.81741 0.85161
304 1 1 0.87327 0.86794
305 1 1 0.86770 0.88194
306 1 1 0.76191 0.72074
307 1 1 0.78879 0.72725
308 1 1 0.80324 0.77075
309 1 1 0.83593 0.77120
310 1 1 0.81192 0.76033
311 1 1 0.81167 0.82616
312 1 1 0.81907 0.84446
313 1 1 0.82255 0.83922
314 1 1 0.76910 0.79441
315 1 1 0.75611 0.80928
316 1 1 0.78874 0.83413
317 1 1 0.79234 0.83057
318 1 1 0.78532 0.79524
319 1 1 0.80498 0.81188
320 1 1 0.80863 0.82987
321 1 1 0.81019 0.83512
322 1 1 0.85069 0.85722
323 1 1 0.84651 0.85279
324 1 1 0.86928 0.87361
325 1 1 0.85433 0.85738
326 1 1 0.82241 0.85347
327 1 1 0.82558 0.85190
328 1 1 0.84173 0.87102
329 1 1 0.83090 0.86190
330 1 1 0.90675 0.90666
331 1 1 0.87776 0.90658
332 1 1 0.90579 0.93940
333 1 1 0.88119 0.91080
334 1 1 0.77160 0.81481
335 1 1 0.78642 0.83005
336 1 1 0.78701 0.81626
337 1 1 0.79380 0.82610
338 1 1 0.73274 0.78403
339 1 1 0.76853 0.81257
340 1 1 0.75884 0.78902
341 1 1 0.77243 0.81961
342 1 1 0.80757 0.84407
343 1 1 0.81903 0.86776
344 1 1 0.81771 0.86846
345 1 1 0.82219 0.87529
346 1 1 0.81602 0.81586
347 1 1 0.81200 0.82247
348 1 1 0.82422 0.81594
349 1 1 0.82035 0.82450
350 1 1 0.76836 0.78630
351 1 1 0.79486 0.81253
352 1 1 0.79650 0.80210
353 1 1 0.78749 0.82328
354 1 1 0.85438 0.83377
355 1 1 0.84291 0.86538
356 1 1 0.85028 0.85178
357 1 1 0.83820 0.86404
358 1 1 0.80783 0.82138
359 1 1 0.79771 0.84559
360 1 1 0.81473 0.84774
361 1 1 0.79635 0.83776
362 1 1 0.77755 0.82857
363 1 1 0.79636 0.85493
364 1 1 0.77348 0.83264
365 1 1 0.78563 0.82462
366 1 1 0.86564 0.87947
367 1 1 0.85398 0.89177
368 1 1 0.84923 0.85904
369 1 1 0.83250 0.86131
370 0 0 0.00000 0.00000
371 0 0 0.00000 0.00000
372 0 0 0.00000 0.00000
373 0 0 0.00000 0.00000
374 0 0 0.00000 0.00000
375 0 0 0.00000 0.00000
376 0 0 0.00000 0.00000
377 0 0 0.00000 0.00000
378 0 0 0.00000 0.00000
379 0 0 0.00000 0.00000
380 0 0 0.00000 0.00000
381 0 0 0.00000 0.00000
382 0 0 0.00000 0.00000
383 0 0 0.00000 0.00000
384 0 0 0.00000 0.00000
385 0 0 0.00000 0.00000
386 0 0 0.00000 0.00000
387 0 0 0.00000 0.00000
388 0 0 0.00000 0.00000
389 0 0 0.00000 0.00000
390 0 0 0.00000 0.00000
391 0 0 0.00000 0.00000
392 0 0 0.00000 0.00000
393 0 0 0.00000 0.00000
394 0 0 0.00000 0.00000
395 0 0 0.00000 0.00000
396 0 0 0.00000 0.00000
397 0 0 0.00000 0.00000
398 0 0 0.00000 0.00000
399 0 0 0.00000 0.00000
400 0 0 0.00000 0.00000
401 0 0 0.00000 0.00000
402 0 0 0.00000 0.00000
403 0 0 0.00000 0.00000
404 0 0 0.00000 0.00000
405 1 1 0.86905 0.87247
406 1 1 0.90817 0.90919
407 1 1 0.92889 0.98646
408 1 1 0.94768 0.95299
409 1 1 0.84387 0.85256
410 1 1 0.86219 0.85598
411 1 1 0.88377 0.92403
412 1 1 0.88844 0.89835
413 1 1 0.78138 0.80018
414 1 1 0.82016 0.83238
415 1 1 0.83464 0.85180
416 1 1 0.84779 0.86136
417 1 1 0.81475 0.83167
418 1 1 0.85567 0.84338
419 1 1 0.83892 0.89519
420 1 1 0.85443 0.86866
421 1 1 0.80529 0.82080
422 1 1 0.82948 0.82301
423 1 1 0.82001 0.87514
424 1 1 0.84038 0.83925
425 1 1 0.83046 0.86794
426 1 1 0.85470 0.84692
427 1 1 0.83848 0.89289
428 1 1 0.84939 0.85654
429 1 1 0.83964 0.84453
430 1 1 0.85291 0.84437
431 1 1 0.83708 0.87813
432 1 1 0.84979 0.84286
433 1 1 0.81390 0.83218
434 1 1 0.83799 0.81801
435 1 1 0.82324 0.86554
436 1 1 0.83664 0.83533
437 1 1 0.87271 0.91840
438 1 1 0.91145 0.87894
439 1 1 0.91546 0.94638
440 1 1 0.90288 0.89303
441 1 1 0.80203 0.78221
442 1 1 0.83071 0.78737
443 1 1 0.79624 0.82271
444 1 1 0.81210 0.80125
445 1 1 0.77418 0.76770
446 1 1 0.81232 0.77590
447 1 1 0.77539 0.78669
448 1 1 0.79813 0.78180
449 1 1 0.84282 0.83324
450 1 1 0.87354 0.82352
451 1 1 0.85230 0.84713
452 1 1 0.85763 0.83812
453 1 1 0.79661 0.82187
454 1 1 0.81588 0.81818
455 1 1 0.79414 0.83676
456 1 1 0.81928 0.82542
457 1 1 0.77540 0.79418
458 1 1 0.80568 0.79149
459 1 1 0.76456 0.81789
460 1 1 0.79378 0.81063
461 1 1 0.83149 0.86457
462 1 1 0.87414 0.85480
463 1 1 0.82720 0.88118
464 1 1 0.84319 0.87019
465 1 1 0.80302 0.81446
466 1 1 0.83189 0.80157
467 1 1 0.78442 0.82388
468 1 1 0.80053 0.80699
469 1 1 0.76786 0.78807
470 1 1 0.80720 0.80498
471 1 1 0.76449 0.80171
472 1 1 0.78454 0.78448
473 1 1 0.82687 0.85013
474 1 1 0.84883 0.84624
475 1 1 0.82256 0.84896
476 1 1 0.80957 0.74410
477 0 0 0.00000 0.00000
478 0 0 0.00000 0.00000
479 0 0 0.00000 0.00000
480 0 0 0.00000 0.00000
481 0 0 0.00000 0.00000
482 0 0 0.00000 0.00000
483 0 0 0.00000 0.00000
484 0 0 0.00000 0.00000
485 0 0 0.00000 0.00000
486 1 1 0.79614 0.78248
487 1 1 0.80872 0.81329
488 1 1 0.87120 0.94770
489 1 1 0.90371 0.92947
490 1 1 0.82425 0.84881
491 1 1 0.84101 0.83805
492 1 1 0.89800 0.92664
493 1 1 0.88239 0.89832
494 1 1 0.76678 0.80672
495 1 1 0.75819 0.81329
496 1 1 0.78330 0.85723
497 1 1 0.79739 0.83877
498 1 1 0.81371 0.82384
499 1 1 0.81246 0.83707
500 1 1 0.81765 0.85883
501 1 1 0.81951 0.83824
502 1 1 0.78857 0.80031
503 1 1 0.79135 0.78914
504 1 1 0.79920 0.83801
505 1 1 0.80625 0.81142
506 1 1 0.79742 0.83217
507 1 1 0.80127 0.82510
508 1 1 0.80615 0.85296
509 1 1 0.80906 0.82500
510 1 1 0.85368 0.85858
511 1 1 0.84658 0.84837
512 1 1 0.86065 0.88479
513 1 1 0.84870 0.84292
514 1 1 0.83110 0.82086
515 1 1 0.82577 0.81877
516 1 1 0.84168 0.86811
517 1 1 0.84415 0.83411
518 1 1 0.89302 0.89284
519 1 1 0.88374 0.86999
520 1 1 0.90435 0.93018
521 1 1 0.88913 0.89310
522 1 1 0.83429 0.82553
523 1 1 0.82057 0.81424
524 1 1 0.82434 0.84932
525 1 1 0.82417 0.83132
526 1 1 0.78581 0.80040
527 1 1 0.78830 0.80605
528 1 1 0.79226 0.82251
529 1 1 0.80099 0.79656
530 1 1 0.85372 0.87058
531 1 1 0.86318 0.86723
532 1 1 0.86862 0.87042
533 1 1 0.84458 0.85319
534 1 1 0.82073 0.81988
535 1 1 0.81123 0.83197
536 1 1 0.82223 0.82878
537 1 1 0.78446 0.80374
538 1 1 0.79553 0.78865
539 1 1 0.80219 0.78899
540 1 1 0.77704 0.80634
541 1 1 0.77105 0.78285
542 1 1 0.83767 0.84363
543 1 1 0.85392 0.83910
544 1 1 0.83595 0.87299
545 1 1 0.81767 0.83965
546 1 1 0.81790 0.79153
547 1 1 0.84282 0.77884
548 1 1 0.80450 0.81586
549 1 1 0.79931 0.80200
550 1 1 0.79182 0.77678
551 1 1 0.81758 0.77924
552 1 1 0.79851 0.77631
553 1 1 0.79662 0.78210
554 1 1 0.83593 0.81353
555 1 1 0.86438 0.81683
556 1 1 0.84197 0.83892
557 1 1 0.83752 0.82114
558 0 0 0.00000 0.00000
559 0 0 0.00000 0.00000
560 0 0 0.00000 0.00000
561 0 0 0.00000 0.00000
562 0 0 0.00000 0.00000
563 0 0 0.00000 0.00000
564 0 0 0.00000 0.00000
565 0 0 0.00000 0.00000
566 0 0 0.00000 0.00000
567 0 0 0.00000 0.00000
568 0 0 0.00000 0.00000
569 0 0 0.00000 0.00000
570 0 0 0.00000 0.00000
571 0 0 0.00000 0.00000
572 0 0 0.00000 0.00000
573 0 0 0.00000 0.00000
574 0 0 0.00000 0.00000
575 0 0 0.00000 0.00000
576 0 0 0.00000 0.00000
577 0 0 0.00000 0.00000
578 0 0 0.00000 0.00000
579 0 0 0.00000 0.00000
580 0 0 0.00000 0.00000
581 0 0 0.00000 0.00000
582 0 0 0.00000 0.00000
583 0 0 0.00000 0.00000
584 0 0 0.00000 0.00000
585 0 0 0.00000 0.00000
586 0 0 0.00000 0.00000
587 0 0 0.00000 0.00000
588 0 0 0.00000 0.00000
589 0 0 0.00000 0.00000
590 0 0 0.00000 0.00000
591 0 0 0.00000 0.00000
592 0 0 0.00000 0.00000
593 0 0 0.00000 0.00000
594 0 0 0.00000 0.00000
595 0 0 0.00000 0.00000
596 0 0 0.00000 0.00000
597 0 0 0.00000 0.00000
598 0 0 0.00000 0.00000
599 0 0 0.00000 0.00000
600 0 0 0.00000 0.00000
601 0 0 0.00000 0.00000
602 0 0 0.00000 0.00000
603 0 0 0.00000 0.00000
604 0 0 0.00000 0.00000
605 0 0 0.00000 0.00000
606 0 0 0.00000 0.00000
607 0 0 0.00000 0.00000
608 0 0 0.00000 0.00000
609 0 0 0.00000 0.00000
610 0 0 0.00000 0.00000
611 0 0 0.00000 0.00000
612 0 0 0.00000 0.00000
613 0 0 0.00000 0.00000
614 0 0 0.00000 0.00000
615 0 0 0.00000 0.00000
616 0 0 0.00000 0.00000
617 0 0 0.00000 0.00000
618 0 0 0.00000 0.00000
619 0 0 0.00000 0.00000
620 0 0 0.00000 0.00000
621 0 0 0.00000 0.00000
622 0 0 0.00000 0.00000
623 0 0 0.00000 0.00000
624 0 0 0.00000 0.00000
625 0 0 0.00000 0.00000
626 0 0 0.00000 0.00000
627 0 0 0.00000 0.00000
628 0 0 0.00000 0.00000
629 0 0 0.00000 0.00000
630 0 0 0.00000 0.00000
631 0 0 0.00000 0.00000
632 0 0 0.00000 0.00000
633 0 0 0.00000 0.00000
634 0 0 0.00000 0.00000
635 0 0 0.00000 0.00000
636 0 0 0.00000 0.00000
637 0 0 0.00000 0.00000
638 0 0 0.00000 0.00000
639 0 0 0.00000 0.00000
640 0 0 0.00000 0.00000
641 0 0 0.00000 0.00000
642 0 0 0.00000 0.00000
643 0 0 0.00000 0.00000
644 0 0 0.00000 0.00000
645 0 0 0.00000 0.00000
646 0 0 0.00000 0.00000
647 0 0 0.00000 0.00000
648 0 0 0.00000 0.00000
649 0 0 0.00000 0.00000
650 0 0 0.00000 0.00000
651 0 0 0.00000 0.00000
652 0 0 0.00000 0.00000
653 0 0 0.00000 0.00000
654 0 0 0.00000 0.00000
655 0 0 0.00000 0.00000
656 0 0 0.00000 0.00000
657 0 0 0.00000 0.00000
658 0 0 0.00000 0.00000
659 0 0 0.00000 0.00000
660 0 0 0.00000 0.00000
661 0 0 0.00000 0.00000
662 0 0 0.00000 0.00000
663 0 0 0.00000 0.00000
664 0 0 0.00000 0.00000
665 0 0 0.00000 0.00000
666 0 0 0.00000 0.00000
667 0 0 0.00000 0.00000
668 0 0 0.00000 0.00000
669 0 0 0.00000 0.00000
670 0 0 0.00000 0.00000
671 0 0 0.00000 0.00000
672 0 0 0.00000 0.00000
673 0 0 0.00000 0.00000
674 0 0 0.00000 0.00000
675 0 0 0.00000 0.00000
676 0 0 0.00000 0.00000
677 0 0 0.00000 0.00000
678 0 0 0.00000 0.00000
679 0 0 0.00000 0.00000
680 0 0 0.00000 0.00000
681 0 0 0.00000 0.00000
682 0 0 0.00000 0.00000
683 0 0 0.00000 0.00000
684 0 0 0.00000 0.00000
685 0 0 0.00000 0.00000
686 0 0 0.00000 0.00000
687 0 0 0.00000 0.00000
688 0 0 0.00000 0.00000
689 0 0 0.00000 0.00000
690 0 0 0.00000 0.00000
691 0 0 0.00000 0.00000
692 0 0 0.00000 0.00000
693 0 0 0.00000 0.00000
694 0 0 0.00000 0.00000
695 0 0 0.00000 0.00000
696 0 0 0.00000 0.00000
697 0 0 0.00000 0.00000
698 0 0 0.00000 0.00000
699 0 0 0.00000 0.00000
700 0 0 0.00000 0.00000
701 0 0 0.00000 0.00000
702 0 0 0.00000 0.00000
703 0 0 0.00000 0.00000
704 0 0 0.00000 0.00000
705 0 0 0.00000 0.00000
706 0 0 0.00000 0.00000
707 0 0 0.00000 0.00000
708 0 0 0.00000 0.00000
709 0 0 0.00000 0.00000
710 0 0 0.00000 0.00000
711 0 0 0.00000 0.00000
712 0 0 0.00000 0.00000
713 0 0 0.00000 0.00000
714 0 0 0.00000 0.00000
715 0 0 0.00000 0.00000
716 0 0 0.00000 0.00000
717 0 0 0.00000 0.00000
718 0 0 0.00000 0.00000
719 0 0 0.00000 0.00000
720 0 0 0.00000 0.00000
721 0 0 0.00000 0.00000
722 0 0 0.00000 0.00000
723 0 0 0.00000 0.00000
724 0 0 0.00000 0.00000
725 0 0 0.00000 0.00000
726 0 0 0.00000 0.00000
727 0 0 0.00000 0.00000
728 0 0 0.00000 0.00000
729 0 0 0.00000 0.00000
730 0 0 0.00000 0.00000
731 0 0 0.00000 0.00000
732 0 0 0.00000 0.00000
733 0 0 0.00000 0.00000
734 0 0 0.00000 0.00000
735 0 0 0.00000 0.00000
736 0 0 0.00000 0.00000
737 0 0 0.00000 0.00000
738 0 0 0.00000 0.00000
739 0 0 0.00000 0.00000
740 0 0 0.00000 0.00000
741 0 0 0.00000 0.00000
742 0 0 0.00000 0.00000
743 0 0 0.00000 0.00000
744 0 0 0.00000 0.00000
745 0 0 0.00000 0.00000
746 0 0 0.00000 0.00000
747 0 0 0.00000 0.00000
748 0 0 0.00000 0.00000
749 0 0 0.00000 0.00000
750 0 0 0.00000 0.00000
751 0 0 0.00000 0.00000
752 0 0 0.00000 0.00000
753 0 0 0.00000 0.00000
754 0 0 0.00000 0.00000
755 0 0 0.00000 0.00000
756 0 0 0.00000 0.00000
757 0 0 0.00000 0.00000
758 0 0 0.00000 0.00000
759 0 0 0.00000 0.00000
760 0 0 0.00000 0.00000
761 0 0 0.00000 0.00000
762 0 0 0.00000 0.00000
763 0 0 0.00000 0.00000
764 0 0 0.00000 0.00000
765 0 0 0.00000 0.00000
766 0 0 0.00000 0.00000
767 0 0 0.00000 0.00000
768 0 0 0.00000 0.00000
769 0 0 0.00000 0.00000
770 0 0 0.00000 0.00000
771 0 0 0.00000 0.00000
772 0 0 0.00000 0.00000
773 0 0 0.00000 0.00000
774 0 0 0.00000 0.00000
775 0 0 0.00000 0.00000
776 0 0 0.00000 0.00000
777 0 0 0.00000 0.00000
778 0 0 0.00000 0.00000
779 0 0 0.00000 0.00000
780 0 0 0.00000 0.00000
781 0 0 0.00000 0.00000
782 0 0 0.00000 0.00000
783 0 0 0.00000 0.00000
784 0 0 0.00000 0.00000
785 0 0 0.00000 0.00000
786 0 0 0.00000 0.00000
787 0 0 0.00000 0.00000
788 0 0 0.00000 0.00000
789 0 0 0.00000 0.00000
790 0 0 0.00000 0.00000
791 0 0 0.00000 0.00000
792 0 0 0.00000 0.00000
793 0 0 0.00000 0.00000
794 0 0 0.00000 0.00000
795 0 0 0.00000 0.00000
796 0 0 0.00000 0.00000
797 0 0 0.00000 0.00000
798 0 0 0.00000 0.00000
799 0 0 0.00000 0.00000
800 0 0 0.00000 0.00000
801 0 0 0.00000 0.00000
802 0 0 0.00000 0.00000
803 0 0 0.00000 0.00000
804 0 0 0.00000 0.00000
805 0 0 0.00000 0.00000
806 0 0 0.00000 0.00000
807 0 0 0.00000 0.00000
808 0 0 0.00000 0.00000
809 0 0 0.00000 0.00000
810 0 0 0.00000 0.00000
811 0 0 0.00000 0.00000
812 0 0 0.00000 0.00000
813 0 0 0.00000 0.00000
814 0 0 0.00000 0.00000
815 0 0 0.00000 0.00000
816 0 0 0.00000 0.00000
817 0 0 0.00000 0.00000
818 0 0 0.00000 0.00000
819 0 0 0.00000 0.00000
820 0 0 0.00000 0.00000
821 0 0 0.00000 0.00000
822 0 0 0.00000 0.00000
823 0 0 0.00000 0.00000
824 0 0 0.00000 0.00000
825 0 0 0.00000 0.00000
826 0 0 0.00000 0.00000
827 0 0 0.00000 0.00000
828 0 0 0.00000 0.00000
829 0 0 0.00000 0.00000
830 0 0 0.00000 0.00000
831 0 0 0.00000 0.00000
832 0 0 0.00000 0.00000
833 0 0 0.00000 0.00000
834 0 0 0.00000 0.00000
835 0 0 0.00000 0.00000
836 0 0 0.00000 0.00000
837 0 0 0.00000 0.00000
838 0 0 0.00000 0.00000
839 0 0 0.00000 0.00000
840 0 0 0.00000 0.00000
841 0 0 0.00000 0.00000
842 0 0 0.00000 0.00000
843 0 0 0.00000 0.00000
844 0 0 0.00000 0.00000
845 0 0 0.00000 0.00000
846 0 0 0.00000 0.00000
847 0 0 0.00000 0.00000
848 0 0 0.00000 0.00000
849 0 0 0.00000 0.00000
850 0 0 0.00000 0.00000
851 0 0 0.00000 0.00000
852 0 0 0.00000 0.00000
853 0 0 0.00000 0.00000
854 0 0 0.00000 0.00000
855 0 0 0.00000 0.00000
856 0 0 0.00000 0.00000
857 0 0 0.00000 0.00000
858 0 0 0.00000 0.00000
859 0 0 0.00000 0.00000
860 0 0 0.00000 0.00000
861 0 0 0.00000 0.00000
862 0 0 0.00000 0.00000
863 0 0 0.00000 0.00000
864 0 0 0.00000 0.00000
865 0 0 0.00000 0.00000
866 0 0 0.00000 0.00000
867 0 0 0.00000 0.00000
868 0 0 0.00000 0.00000
869 0 0 0.00000 0.00000
870 0 0 0.00000 0.00000
871 0 0 0.00000 0.00000
872 0 0 0.00000 0.00000
873 0 0 0.00000 0.00000
874 0 0 0.00000 0.00000
875 0 0 0.00000 0.00000
876 0 0 0.00000 0.00000
877 0 0 0.00000 0.00000
878 0 0 0.00000 0.00000
879 0 0 0.00000 0.00000
880 0 0 0.00000 0.00000
881 0 0 0.00000 0.00000
882 0 0 0.00000 0.00000
883 0 0 0.00000 0.00000
884 0 0 0.00000 0.00000
885 0 0 0.00000 0.00000
886 0 0 0.00000 0.00000
887 0 0 0.00000 0.00000
888 0 0 0.00000 0.00000
889 0 0 0.00000 0.00000
890 0 0 0.00000 0.00000
891 0 0 0.00000 0.00000
892 0 0 0.00000 0.00000
893 0 0 0.00000 0.00000
894 0 0 0.00000 0.00000
895 0 0 0.00000 0.00000
896 0 0 0.00000 0.00000
897 0 0 0.00000 0.00000
898 0 0 0.00000 0.00000
899 0 0 0.00000 0.00000
900 0 0 0.00000 0.00000
901 0 0 0.00000 0.00000
902 0 0 0.00000 0.00000
903 0 0 0.00000 0.00000
904 0 0 0.00000 0.00000
905 0 0 0.00000 0.00000
906 0 0 0.00000 0.00000
907 0 0 0.00000 0.00000
908 0 0 0.00000 0.00000
909 0 0 0.00000 0.00000
910 0 0 0.00000 0.00000
911 0 0 0.00000 0.00000
912 0 0 0.00000 0.00000
913 0 0 0.00000 0.00000
914 0 0 0.00000 0.00000
915 0 0 0.00000 0.00000
916 0 0 0.00000 0.00000
917 0 0 0.00000 0.00000
918 0 0 0.00000 0.00000
919 0 0 0.00000 0.00000
920 0 0 0.00000 0.00000
921 0 0 0.00000 0.00000
922 0 0 0.00000 0.00000
923 0 0 0.00000 0.00000
924 0 0 0.00000 0.00000
925 0 0 0.00000 0.00000
926 0 0 0.00000 0.00000
927 0 0 0.00000 0.00000
928 0 0 0.00000 0.00000
929 0 0 0.00000 0.00000
930 0 0 0.00000 0.00000
931 0 0 0.00000 0.00000
932 0 0 0.00000 0.00000
933 0 0 0.00000 0.00000
934 0 0 0.00000 0.00000
935 0 0 0.00000 0.00000
936 0 0 0.00000 0.00000
937 0 0 0.00000 0.00000
938 0 0 0.00000 0.00000
939 0 0 0.00000 0.00000
940 0 0 0.00000 0.00000
941 0 0 0.00000 0.00000
942 0 0 0.00000 0.00000
943 0 0 0.00000 0.00000
944 0 0 0.00000 0.00000
945 0 0 0.00000 0.00000
946 0 0 0.00000 0.00000
947 0 0 0.00000 0.00000
948 0 0 0.00000 0.00000
949 0 0 0.00000 0.00000
950 0 0 0.00000 0.00000
951 0 0 0.00000 0.00000
952 0 0 0.00000 0.00000
953 0 0 0.00000 0.00000
954 0 0 0.00000 0.00000
955 0 0 0.00000 0.00000
956 0 0 0.00000 0.00000
957 0 0 0.00000 0.00000
958 0 0 0.00000 0.00000
959 0 0 0.00000 0.00000
960 0 0 0.00000 0.00000
961 0 0 0.00000 0.00000
962 0 0 0.00000 0.00000
963 0 0 0.00000 0.00000
964 0 0 0.00000 0.00000
965 0 0 0.00000 0.00000
966 0 0 0.00000 0.00000
967 0 0 0.00000 0.00000
968 0 0 0.00000 0.00000
969 0 0 0.00000 0.00000
970 0 0 0.00000 0.00000
971 0 0 0.00000 0.00000
972 0 0 0.00000 0.00000
973 0 0 0.00000 0.00000
974 0 0 0.00000 0.00000
975 0 0 0.00000 0.00000
976 0 0 0.00000 0.00000
977 0 0 0.00000 0.00000
978 0 0 0.00000 0.00000
979 0 0 0.00000 0.00000
980 0 0 0.00000 0.00000
981 0 0 0.00000 0.00000
982 0 0 0.00000 0.00000
983 0 0 0.00000 0.00000
984 0 0 0.00000 0.00000
985 0 0 0.00000 0.00000
986 0 0 0.00000 0.00000
987 0 0 0.00000 0.00000
988 0 0 0.00000 0.00000
989 0 0 0.00000 0.00000
990 0 0 0.00000 0.00000
991 0 0 0.00000 0.00000
992 0 0 0.00000 0.00000
993 0 0 0.00000 0.00000
994 0 0 0.00000 0.00000
995 0 0 0.00000 0.00000
996 0 0 0.00000 0.00000
997 0 0 0.00000 0.00000
998 0 0 0.00000 0.00000
999 0 0 0.00000 0.00000
1000 0 0 0.00000 0.00000
1001 0 0 0.00000 0.00000
1002 0 0 0.00000 0.00000
1003 0 0 0.00000 0.00000
1004 0 0 0.00000 0.00000
1005 0 0 0.00000 0.00000
1006 0 0 0.00000 0.00000
1007 0 0 0.00000 0.00000
1008 0 0 0.00000 0.00000
1009 0 0 0.00000 0.00000
1010 0 0 0.00000 0.00000
1011 0 0 0.00000 0.00000
1012 0 0 0.00000 0.00000
1013 0 0 0.00000 0.00000
1014 0 0 0.00000 0.00000
1015 0 0 0.00000 0.00000
1016 0 0 0.00000 0.00000
1017 0 0 0.00000 0.00000
1018 0 0 0.00000 0.00000
1019 0 0 0.00000 0.00000
1020 0 0 0.00000 0.00000
1021 0 0 0.00000 0.00000
1022 0 0 0.00000 0.00000
1023 0 0 0.00000 0.00000
1024 0 0 0.00000 0.00000
1025 0 0 0.00000 0.00000
1026 0 0 0.00000 0.00000
1027 0 0 0.00000 0.00000
1028 0 0 0.00000 0.00000
1029 0 0 0.00000 0.00000
1030 0 0 0.00000 0.00000
1031 0 0 0.00000 0.00000
1032 0 0 0.00000 0.00000
1033 0 0 0.00000 0.00000
1034 0 0 0.00000 0.00000
1035 0 0 0.00000 0.00000
1036 0 0 0.00000 0.00000
1037 0 0 0.00000 0.00000
1038 0 0 0.00000 0.00000
1039 0 0 0.00000 0.00000
1040 0 0 0.00000 0.00000
1041 0 0 0.00000 0.00000
1042 0 0 0.00000 0.00000
1043 0 0 0.00000 0.00000
1044 0 0 0.00000 0.00000
1045 0 0 0.00000 0.00000
1046 0 0 0.00000 0.00000
1047 0 0 0.00000 0.00000
1048 0 0 0.00000 0.00000
1049 0 0 0.00000 0.00000
1050 0 0 0.00000 0.00000
1051 0 0 0.00000 0.00000
1052 0 0 0.00000 0.00000
1053 0 0 0.00000 0.00000
1054 0 0 0.00000 0.00000
1055 0 0 0.00000 0.00000
1056 0 0 0.00000 0.00000
1057 0 0 0.00000 0.00000
1058 0 0 0.00000 0.00000
1059 0 0 0.00000 0.00000
1060 0 0 0.00000 0.00000
1061 0 0 0.00000 0.00000
1062 0 0 0.00000 0.00000
1063 0 0 0.00000 0.00000
1064 0 0 0.00000 0.00000
1065 0 0 0.00000 0.00000
1066 0 0 0.00000 0.00000
1067 0 0 0.00000 0.00000
1068 0 0 0.00000 0.00000
1069 0 0 0.00000 0.00000
1070 0 0 0.00000 0.00000
1071 0 0 0.00000 0.00000
1072 0 0 0.00000 0.00000
1073 0 0 0.00000 0.00000
1074 0 0 0.00000 0.00000
1075 0 0 0.00000 0.00000
1076 0 0 0.00000 0.00000
1077 0 0 0.00000 0.00000
1078 0 0 0.00000 0.00000
1079 0 0 0.00000 0.00000
1080 0 0 0.00000 0.00000
1081 0 0 0.00000 0.00000
1082 0 0 0.00000 0.00000
1083 0 0 0.00000 0.00000
1084 0 0 0.00000 0.00000
1085 0 0 0.00000 0.00000
1086 0 0 0.00000 0.00000
1087 0 0 0.00000 0.00000
1088 0 0 0.00000 0.00000
1089 0 0 0.00000 0.00000
1090 0 0 0.00000 0.00000
1091 0 0 0.00000 0.00000
1092 0 0 0.00000 0.00000
1093 0 0 0.00000 0.00000
1094 0 0 0.00000 0.00000
1095 0 0 0.00000 0.00000
1096 0 0 0.00000 0.00000
1097 0 0 0.00000 0.00000
1098 0 0 0.00000 0.00000
1099 0 0 0.00000 0.00000
1100 0 0 0.00000 0.00000
1101 0 0 0.00000 0.00000
1102 0 0 0.00000 0.00000
1103 0 0 0.00000 0.00000
1104 0 0 0.00000 0.00000
1105 0 0 0.00000 0.00000
1106 0 0 0.00000 0.00000
1107 0 0 0.00000 0.00000
1108 0 0 0.00000 0.00000
1109 0 0 0.00000 0.00000
1110 0 0 0.00000 0.00000
1111 1 1 0.86360 0.90775
1112 1 1 0.86730 0.94839
1113 1 1 0.95112 0.98036
1114 1 1 0.95699 0.95802
1115 1 1 0.80508 0.90748
1116 1 1 0.85445 0.88909
1117 1 1 0.90144 0.92647
1118 1 1 0.91935 0.91635
1119 1 1 0.76749 0.82921
1120 1 1 0.80557 0.86148
1121 1 1 0.82965 0.86364
1122 1 1 0.83108 0.87293
1123 1 1 0.82706 0.85380
1124 1 1 0.83853 0.88077
1125 1 1 0.86929 0.88228
1126 1 1 0.87209 0.88308
1127 1 1 0.81222 0.85362
1128 1 1 0.82104 0.85689
1129 1 1 0.84971 0.86139
1130 1 1 0.85683 0.85221
1131 1 1 0.82124 0.88546
1132 1 1 0.83106 0.86991
1133 1 1 0.85000 0.87748
1134 1 1 0.86576 0.85429
1135 1 1 0.82988 0.85447
1136 1 1 0.83521 0.84050
1137 1 1 0.88111 0.85985
1138 1 1 0.86910 0.84990
1139 1 1 0.82725 0.83638
1140 1 1 0.83416 0.83045
1141 1 1 0.85265 0.84810
1142 1 1 0.84806 0.84332
1143 1 1 0.86558 0.90473
1144 1 1 0.88485 0.89460
1145 1 1 0.91270 0.92056
1146 1 1 0.89934 0.89535
1147 1 1 0.79345 0.86605
1148 1 1 0.82198 0.84425
1149 1 1 0.81751 0.85291
1150 1 1 0.83470 0.84510
1151 1 1 0.79119 0.83098
1152 1 1 0.80547 0.84915
1153 1 1 0.81131 0.83795
1154 1 1 0.82124 0.82833
1155 1 1 0.83831 0.91195
1156 1 1 0.85723 0.89968
1157 1 1 0.85830 0.90892
1158 1 1 0.86239 0.88080
1159 1 1 0.81137 0.81921
1160 1 1 0.82651 0.82217
1161 1 1 0.81330 0.81925
1162 1 1 0.83807 0.81014
1163 1 1 0.79089 0.79667
1164 1 1 0.79839 0.82378
1165 1 1 0.81596 0.77422
1166 1 1 0.81586 0.79865
1167 1 1 0.85022 0.86259
1168 1 1 0.86541 0.87120
1169 1 1 0.85905 0.84332
1170 1 1 0.85437 0.84825
1171 1 1 0.81394 0.81886
1172 1 1 0.83093 0.82322
1173 1 1 0.82378 0.80985
1174 1 1 0.82050 0.80366
1175 1 1 0.78668 0.81012
1176 1 1 0.81431 0.81744
1177 1 1 0.80785 0.79295
1178 1 1 0.82225 0.79389
1179 1 1 0.84851 0.86077
1180 1 1 0.85788 0.87131
1181 1 1 0.84302 0.83144
1182 1 1 0.76912 0.83975
1183 0 0 0.00000 0.00000
1184 0 0 0.00000 0.00000
1185 0 0 0.00000 0.00000
1186 0 0 0.00000 0.00000
1187 0 0 0.00000 0.00000
1188 0 0 0.00000 0.00000
1189 0 0 0.00000 0.00000
1190 0 0 0.00000 0.00000
1191 0 0 0.00000 0.00000
1192 1 1 0.77016 0.78038
1193 1 1 0.80718 0.82913
1194 1 1 0.88911 0.88524
1195 1 1 0.90429 0.90819
1196 1 1 0.82634 0.84270
1197 1 1 0.84493 0.84034
1198 1 1 0.89482 0.89415
1199 1 1 0.88068 0.88300
1200 1 1 0.76556 0.78708
1201 1 1 0.78806 0.80791
1202 1 1 0.82334 0.81496
1203 1 1 0.82009 0.83141
1204 1 1 0.79633 0.81116
1205 1 1 0.82611 0.83278
1206 1 1 0.84529 0.83385
1207 1 1 0.83004 0.84361
1208 1 1 0.78510 0.80143
1209 1 1 0.79846 0.81397
1210 1 1 0.81249 0.82350
1211 1 1 0.81764 0.81897
1212 1 1 0.79868 0.82737
1213 1 1 0.81532 0.82947
1214 1 1 0.81306 0.83306
1215 1 1 0.82094 0.81956
1216 1 1 0.87083 0.84063
1217 1 1 0.87435 0.86035
1218 1 1 0.89869 0.86026
1219 1 1 0.87699 0.85174
1220 1 1 0.86003 0.84162
1221 1 1 0.85134 0.84122
1222 1 1 0.87493 0.86500
1223 1 1 0.85652 0.84698
1224 1 1 0.92113 0.91201
1225 1 1 0.91916 0.89520
1226 1 1 0.92490 0.91481
1227 1 1 0.90419 0.89688
1228 1 1 0.77613 0.77119
1229 1 1 0.78571 0.79101
1230 1 1 0.78475 0.77313
1231 1 1 0.77566 0.79037
1232 1 1 0.72884 0.74349
1233 1 1 0.77033 0.78806
1234 1 1 0.75034 0.76315
1235 1 1 0.74602 0.76534
1236 1 1 0.78214 0.81246
1237 1 1 0.80296 0.83199
1238 1 1 0.81497 0.81339
1239 1 1 0.80538 0.80945
1240 1 1 0.79377 0.80535
1241 1 1 0.80590 0.81791
1242 1 1 0.80993 0.81205
1243 1 1 0.79641 0.79835
1244 1 1 0.76775 0.78321
1245 1 1 0.79044 0.80095
1246 1 1 0.76680 0.79739
1247 1 1 0.76705 0.78866
1248 1 1 0.80773 0.85017
1249 1 1 0.83265 0.85690
1250 1 1 0.81779 0.83667
1251 1 1 0.80654 0.84396
1252 1 1 0.82113 0.81827
1253 1 1 0.82810 0.83298
1254 1 1 0.83282 0.82399
1255 1 1 0.81863 0.81647
1256 1 1 0.81849 0.80950
1257 1 1 0.82662 0.82821
1258 1 1 0.80258 0.81105
1259 1 1 0.80758 0.80334
1260 1 1 0.85993 0.88054
1261 1 1 0.86465 0.89004
1262 1 1 0.84239 0.86752
1263 1 1 0.84820 0.84937
1264 0 0 0.00000 0.00000
1265 0 0 0.00000 0.00000
1266 0 0 0.00000 0.00000
1267 0 0 0.00000 0.00000
1268 0 0 0.00000 0.00000
1269 0 0 0.00000 0.00000
1270 0 0 0.00000 0.00000
1271 0 0 0.00000 0.00000
1272 0 0 0.00000 0.00000
1273 0 0 0.00000 0.00000
1274 0 0 0.00000 0.00000
1275 0 0 0.00000 0.00000
1276 0 0 0.00000 0.00000
1277 0 0 0.00000 0.00000
1278 0 0 0.00000 0.00000
1279 0 0 0.00000 0.00000
1280 0 0 0.00000 0.00000
1281 0 0 0.00000 0.00000
1282 0 0 0.00000 0.00000
1283 0 0 0.00000 0.00000
1284 0 0 0.00000 0.00000
1285 0 0 0.00000 0.00000
1286 0 0 0.00000 0.00000
1287 0 0 0.00000 0.00000
1288 0 0 0.00000 0.00000
1289 0 0 0.00000 0.00000
1290 0 0 0.00000 0.00000
1291 0 0 0.00000 0.00000
1292 0 0 0.00000 0.00000
1293 0 0 0.00000 0.00000
1294 0 0 0.00000 0.00000
1295 0 0 0.00000 0.00000
1296 0 0 0.00000 0.00000
1297 0 0 0.00000 0.00000
1298 0 0 0.00000 0.00000
1299 1 1 0.84801 0.84262
1300 1 1 0.92839 0.91384
1301 1 1 0.95720 0.95123
1302 1 1 0.93837 0.95680
1303 1 1 0.84659 0.81537
1304 1 1 0.84906 0.87178
1305 1 1 0.90586 0.87791
1306 1 1 0.91012 0.90992
1307 1 1 0.76785 0.78301
1308 1 1 0.81675 0.83098
1309 1 1 0.82124 0.82113
1310 1 1 0.85971 0.83958
1311 1 1 0.80428 0.80850
1312 1 1 0.83738 0.83819
1313 1 1 0.83820 0.83986
1314 1 1 0.85157 0.84084
1315 1 1 0.79759 0.79072
1316 1 1 0.81352 0.81834
1317 1 1 0.83512 0.80248
1318 1 1 0.83527 0.81166
1319 1 1 0.82835 0.79145
1320 1 1 0.83970 0.81692
1321 1 1 0.83844 0.81821
1322 1 1 0.84678 0.82111
1323 1 1 0.82189 0.83188
1324 1 1 0.83915 0.83901
1325 1 1 0.85724 0.84167
1326 1 1 0.86810 0.83296
1327 1 1 0.81678 0.80329
1328 1 1 0.81092 0.82527
1329 1 1 0.84596 0.81986
1330 1 1 0.84511 0.82405
1331 1 1 0.90466 0.86241
1332 1 1 0.88304 0.87752
1333 1 1 0.91686 0.88235
1334 1 1 0.88715 0.88261
1335 1 1 0.80175 0.76327
1336 1 1 0.82426 0.80064
1337 1 1 0.80529 0.77320
1338 1 1 0.80527 0.79681
1339 1 1 0.75937 0.74643
1340 1 1 0.80345 0.77962
1341 1 1 0.78305 0.74054
1342 1 1 0.79962 0.76692
1343 1 1 0.83763 0.79678
1344 1 1 0.84666 0.82492
1345 1 1 0.84748 0.79683
1346 1 1 0.85377 0.81996
1347 1 1 0.82386 0.80866
1348 1 1 0.83596 0.83309
1349 1 1 0.83534 0.80673
1350 1 1 0.83147 0.82894
1351 1 1 0.77610 0.79180
1352 1 1 0.81845 0.81326
1353 1 1 0.80255 0.78585
1354 1 1 0.82327 0.80616
1355 1 1 0.86057 0.84528
1356 1 1 0.86967 0.87193
1357 1 1 0.86655 0.84252
1358 1 1 0.86740 0.86451
1359 1 1 0.80452 0.79264
1360 1 1 0.81673 0.82707
1361 1 1 0.79623 0.78842
1362 1 1 0.80965 0.82094
1363 1 1 0.78664 0.77223
1364 1 1 0.80132 0.80715
1365 1 1 0.77307 0.77137
1366 1 1 0.79869 0.79733
1367 1 1 0.85607 0.83680
1368 1 1 0.84396 0.86389
1369 1 1 0.83726 0.82158
1370 1 1 0.79616 0.77846
1371 0 0 0.00000 0.00000
1372 0 0 0.00000 0.00000
1373 0 0 0.00000 0.00000
1374 0 0 0.00000 0.00000
1375 0 0 0.00000 0.00000
1376 0 0 0.00000 0.00000
1377 0 0 0.00000 0.00000
1378 0 0 0.00000 0.00000
1379 0 0 0.00000 0.00000
1380 1 1 0.78590 0.78577
1381 1 1 0.84003 0.82567
1382 1 1 0.91593 0.94749
1383 1 1 0.92560 0.92500
1384 1 1 0.83522 0.87438
1385 1 1 0.86903 0.86180
1386 1 1 0.91124 0.92260
1387 1 1 0.91501 0.92162
1388 1 1 0.78429 0.82516
1389 1 1 0.80473 0.83911
1390 1 1 0.79769 0.86178
1391 1 1 0.82835 0.87799
1392 1 1 0.73401 0.79089
1393 1 1 0.78588 0.79081
1394 1 1 0.79325 0.81780
1395 1 1 0.81790 0.82156
1396 1 1 0.76752 0.76659
1397 1 1 0.79829 0.74630
1398 1 1 0.77821 0.79953
1399 1 1 0.79086 0.78359
1400 1 1 0.78394 0.79600
1401 1 1 0.81468 0.78184
1402 1 1 0.80783 0.81014
1403 1 1 0.81460 0.81276
1404 1 1 0.81742 0.80583
1405 1 1 0.84113 0.79931
1406 1 1 0.85707 0.82630
1407 1 1 0.85277 0.82519
1408 1 1 0.79641 0.77873
1409 1 1 0.82805 0.78174
1410 1 1 0.83784 0.79979
1411 1 1 0.83393 0.79986
1412 1 1 0.85712 0.84738
1413 1 1 0.89096 0.83667
1414 1 1 0.88719 0.86512
1415 1 1 0.87719 0.85706
1416 1 1 0.74666 0.77274
1417 1 1 0.78562 0.77706
1418 1 1 0.76067 0.80528
1419 1 1 0.78846 0.80089
1420 1 1 0.70569 0.74123
1421 1 1 0.74099 0.76103
1422 1 1 0.71748 0.77183
1423 1 1 0.74004 0.78304
1424 1 1 0.75829 0.80771
1425 1 1 0.81104 0.81343
1426 1 1 0.79186 0.83333
1427 1 1 0.80605 0.82451
1428 1 1 0.78131 0.79303
1429 1 1 0.81573 0.78603
1430 1 1 0.78945 0.79971
1431 1 1 0.80461 0.80504
1432 1 1 0.75007 0.75443
1433 1 1 0.79359 0.76751
1434 1 1 0.75957 0.78004
1435 1 1 0.78480 0.78629
1436 1 1 0.80451 0.83442
1437 1 1 0.84637 0.81628
1438 1 1 0.81076 0.84044
1439 1 1 0.83480 0.82463
1440 1 1 0.78740 0.81074
1441 1 1 0.82491 0.79497
1442 1 1 0.79265 0.81474
1443 1 1 0.81478 0.81799
1444 1 1 0.75671 0.79567
1445 1 1 0.80778 0.78138
1446 1 1 0.78478 0.79071
1447 1 1 0.80554 0.79999
1448 1 1 0.81839 0.85944
1449 1 1 0.86184 0.84676
1450 1 1 0.83331 0.87162
1451 1 1 0.83896 0.85583
1452 0 0 0.00000 0.00000
1453 0 0 0.00000 0.00000
1454 0 0 0.00000 0.00000
1455 0 0 0.00000 0.00000
1456 0 0 0.00000 0.00000
1457 0 0 0.00000 0.00000
1458 0 0 0.00000 0.00000
1459 0 0 0.00000 0.00000
1460 0 0 0.00000 0.00000
1461 0 0 0.00000 0.00000
1462 0 0 0.00000 0.00000
1463 0 0 0.00000 0.00000
1464 0 0 0.00000 0.00000
1465 0 0 0.00000 0.00000
1466 0 0 0.00000 0.00000
1467 0 0 0.00000 0.00000
1468 0 0 0.00000 0.00000
1469 0 0 0.00000 0.00000
1470 0 0 0.00000 0.00000
1471 0 0 0.00000 0.00000
1472 0 0 0.00000 0.00000
1473 0 0 0.00000 0.00000
1474 0 0 0.00000 0.00000
1475 0 0 0.00000 0.00000
1476 0 0 0.00000 0.00000
1477 0 0 0.00000 0.00000
1478 0 0 0.00000 0.00000
1479 0 0 0.00000 0.00000
1480 0 0 0.00000 0.00000
1481 0 0 0.00000 0.00000
1482 0 0 0.00000 0.00000
1483 0 0 0.00000 0.00000
1484 0 0 0.00000 0.00000
1485 0 0 0.00000 0.00000
1486 0 0 0.00000 0.00000
1487 0 0 0.00000 0.00000
1488 0 0 0.00000 0.00000
1489 0 0 0.00000 0.00000
1490 0 0 0.00000 0.00000
1491 0 0 0.00000 0.00000
1492 0 0 0.00000 0.00000
1493 0 0 0.00000 0.00000
1494 0 0 0.00000 0.00000
1495 0 0 0.00000 0.00000
1496 0 0 0.00000 0.00000
1497 0 0 0.00000 0.00000
1498 0 0 0.00000 0.00000
1499 0 0 0.00000 0.00000
1500 0 0 0.00000 0.00000
1501 0 0 0.00000 0.00000
1502 0 0 0.00000 0.00000
1503 0 0 0.00000 0.00000
1504 0 0 0.00000 0.00000
1505 0 0 0.00000 0.00000
1506 0 0 0.00000 0.00000
1507 0 0 0.00000 0.00000
1508 0 0 0.00000 0.00000
1509 0 0 0.00000 0.00000
1510 0 0 0.00000 0.00000
1511 0 0 0.00000 0.00000
1512 0 0 0.00000 0.00000
1513 0 0 0.00000 0.00000
1514 0 0 0.00000 0.00000
1515 0 0 0.00000 0.00000
1516 0 0 0.00000 0.00000
1517 0 0 0.00000 0.00000
1518 0 0 0.00000 0.00000
1519 0 0 0.00000 0.00000
1520 0 0 0.00000 0.00000
1521 0 0 0.00000 0.00000
1522 0 0 0.00000 0.00000
1523 0 0 0.00000 0.00000
1524 0 0 0.00000 0.00000
1525 0 0 0.00000 0.00000
1526 0 0 0.00000 0.00000
1527 0 0 0.00000 0.00000
1528 0 0 0.00000 0.00000
1529 0 0 0.00000 0.00000
1530 0 0 0.00000 0.00000
1531 0 0 0.00000 0.00000
1532 0 0 0.00000 0.00000
1533 0 0 0.00000 0.00000
1534 0 0 0.00000 0.00000
1535 0 0 0.00000 0.00000
1536 0 0 0.00000 0.00000
1537 0 0 0.00000 0.00000
1538 0 0 0.00000 0.00000
1539 0 0 0.00000 0.00000
1540 0 0 0.00000 0.00000
1541 0 0 0.00000 0.00000
1542 0 0 0.00000 0.00000
1543 0 0 0.00000 0.00000
1544 0 0 0.00000 0.00000
1545 0 0 0.00000 0.00000
1546 0 0 0.00000 0.00000
1547 0 0 0.00000 0.00000
1548 0 0 0.00000 0.00000
1549 0 0 0.00000 0.00000
1550 0 0 0.00000 0.00000
1551 0 0 0.00000 0.00000
1552 0 0 0.00000 0.00000
1553 0 0 0.00000 0.00000
1554 0 0 0.00000 0.00000
1555 0 0 0.00000 0.00000
1556 0 0 0.00000 0.00000
1557 0 0 0.00000 0.00000
1558 0 0 0.00000 0.00000
1559 0 0 0.00000 0.00000
1560 0 0 0.00000 0.00000
1561 0 0 0.00000 0.00000
1562 0 0 0.00000 0.00000
1563 0 0 0.00000 0.00000
1564 0 0 0.00000 0.00000
1565 0 0 0.00000 0.00000
1566 0 0 0.00000 0.00000
1567 0 0 0.00000 0.00000
1568 0 0 0.00000 0.00000
1569 0 0 0.00000 0.00000
1570 0 0 0.00000 0.00000
1571 0 0 0.00000 0.00000
1572 0 0 0.00000 0.00000
1573 0 0 0.00000 0.00000
1574 0 0 0.00000 0.00000
1575 0 0 0.00000 0.00000
1576 0 0 0.00000 0.00000
1577 0 0 0.00000 0.00000
1578 0 0 0.00000 0.00000
1579 0 0 0.00000 0.00000
1580 0 0 0.00000 0.00000
1581 0 0 0.00000 0.00000
1582 0 0 0.00000 0.00000
1583 0 0 0.00000 0.00000
1584 0 0 0.00000 0.00000
1585 0 0 0.00000 0.00000
1586 0 0 0.00000 0.00000
1587 0 0 0.00000 0.00000
1588 0 0 0.00000 0.00000
1589 0 0 0.00000 0.00000
1590 0 0 0.00000 0.00000
1591 0 0 0.00000 0.00000
1592 0 0 0.00000 0.00000
1593 0 0 0.00000 0.00000
1594 0 0 0.00000 0.00000
1595 0 0 0.00000 0.00000
1596 0 0 0.00000 0.00000
1597 0 0 0.00000 0.00000
1598 0 0 0.00000 0.00000
1599 0 0 0.00000 0.00000
1600 0 0 0.00000 0.00000
1601 0 0 0.00000 0.00000
1602 0 0 0.00000 0.00000
1603 0 0 0.00000 0.00000
1604 0 0 0.00000 0.00000
1605 0 0 0.00000 0.00000
1606 0 0 0.00000 0.00000
1607 0 0 0.00000 0.00000
1608 0 0 0.00000 0.00000
1609 0 0 0.00000 0.00000
1610 0 0 0.00000 0.00000
1611 0 0 0.00000 0.00000
1612 0 0 0.00000 0.00000
1613 0 0 0.00000 0.00000
1614 0 0 0.00000 0.00000
1615 0 0 0.00000 0.00000
1616 0 0 0.00000 0.00000
1617 0 0 0.00000 0.00000
1618 0 0 0.00000 0.00000
1619 0 0 0.00000 0.00000
1620 0 0 0.00000 0.00000
1621 0 0 0.00000 0.00000
1622 0 0 0.00000 0.00000
1623 0 0 0.00000 0.00000
1624 0 0 0.00000 0.00000
1625 0 0 0.00000 0.00000
1626 0 0 0.00000 0.00000
1627 0 0 0.00000 0.00000
1628 0 0 0.00000 0.00000
1629 0 0 0.00000 0.00000
1630 0 0 0.00000 0.00000
1631 0 0 0.00000 0.00000
1632 0 0 0.00000 0.00000
1633 0 0 0.00000 0.00000
1634 0 0 0.00000 0.00000
1635 0 0 0.00000 0.00000
1636 0 0 0.00000 0.00000
1637 0 0 0.00000 0.00000
1638 0 0 0.00000 0.00000
1639 0 0 0.00000 0.00000
1640 0 0 0.00000 0.00000
1641 0 0 0.00000 0.00000
1642 0 0 0.00000 0.00000
1643 0 0 0.00000 0.00000
1644 0 0 0.00000 0.00000
1645 0 0 0.00000 0.00000
1646 0 0 0.00000 0.00000
1647 0 0 0.00000 0.00000
1648 0 0 0.00000 0.00000
1649 0 0 0.00000 0.00000
1650 0 0 0.00000 0.00000
1651 0 0 0.00000 0.00000
1652 0 0 0.00000 0.00000
1653 0 0 0.00000 0.00000
1654 0 0 0.00000 0.00000
1655 0 0 0.00000 0.00000
1656 0 0 0.00000 0.00000
1657 0 0 0.00000 0.00000
1658 0 0 0.00000 0.00000
1659 0 0 0.00000 0.00000
1660 0 0 0.00000 0.00000
1661 0 0 0.00000 0.00000
1662 0 0 0.00000 0.00000
1663 0 0 0.00000 0.00000
1664 0 0 0.00000 0.00000
1665 0 0 0.00000 0.00000
1666 0 0 0.00000 0.00000
1667 0 0 0.00000 0.00000
1668 0 0 0.00000 0.00000
1669 0 0 0.00000 0.00000
1670 0 0 0.00000 0.00000
1671 0 0 0.00000 0.00000
1672 0 0 0.00000 0.00000
1673 0 0 0.00000 0.00000
1674 0 0 0.00000 0.00000
1675 0 0 0.00000 0.00000
1676 0 0 0.00000 0.00000
1677 0 0 0.00000 0.00000
1678 0 0 0.00000 0.00000
1679 0 0 0.00000 0.00000
1680 0 0 0.00000 0.00000
1681 0 0 0.00000 0.00000
1682 0 0 0.00000 0.00000
1683 0 0 0.00000 0.00000
1684 0 0 0.00000 0.00000
1685 0 0 0.00000 0.00000
1686 0 0 0.00000 0.00000
1687 0 0 0.00000 0.00000
1688 0 0 0.00000 0.00000
1689 0 0 0.00000 0.00000
1690 0 0 0.00000 0.00000
1691 0 0 0.00000 0.00000
1692 0 0 0.00000 0.00000
1693 0 0 0.00000 0.00000
1694 0 0 0.00000 0.00000
1695 0 0 0.00000 0.00000
1696 0 0 0.00000 0.00000
1697 0 0 0.00000 0.00000
1698 0 0 0.00000 0.00000
1699 0 0 0.00000 0.00000
1700 0 0 0.00000 0.00000
1701 0 0 0.00000 0.00000
1702 0 0 0.00000 0.00000
1703 0 0 0.00000 0.00000
1704 0 0 0.00000 0.00000
1705 0 0 0.00000 0.00000
1706 0 0 0.00000 0.00000
1707 0 0 0.00000 0.00000
1708 0 0 0.00000 0.00000
1709 0 0 0.00000 0.00000
1710 0 0 0.00000 0.00000
1711 0 0 0.00000 0.00000
1712 0 0 0.00000 0.00000
1713 0 0 0.00000 0.00000
1714 0 0 0.00000 0.00000
1715 0 0 0.00000 0.00000
1716 0 0 0.00000 0.00000
1717 0 0 0.00000 0.00000
1718 0 0 0.00000 0.00000
1719 0 0 0.00000 0.00000
1720 0 0 0.00000 0.00000
1721 0 0 0.00000 0.00000
1722 0 0 0.00000 0.00000
1723 0 0 0.00000 0.00000
1724 0 0 0.00000 0.00000
1725 0 0 0.00000 0.00000
1726 0 0 0.00000 0.00000
1727 0 0 0.00000 0.00000
1728 0 0 0.00000 0.00000
1729 0 0 0.00000 0.00000
1730 0 0 0.00000 0.00000
1731 0 0 0.00000 0.00000
1732 0 0 0.00000 0.00000
1733 0 0 0.00000 0.00000
1734 0 0 0.00000 0.00000
1735 0 0 0.00000 0.00000
1736 0 0 0.00000 0.00000
1737 0 0 0.00000 0.00000
1738 0 0 0.00000 0.00000
1739 0 0 0.00000 0.00000
1740 0 0 0.00000 0.00000
1741 0 0 0.00000 0.00000
1742 0 0 0.00000 0.00000
1743 0 0 0.00000 0.00000
1744 0 0 0.00000 0.00000
1745 0 0 0.00000 0.00000
1746 0 0 0.00000 0.00000
1747 0 0 0.00000 0.00000
1748 0 0 0.00000 0.00000
1749 0 0 0.00000 0.00000
1750 0 0 0.00000 0.00000
1751 0 0 0.00000 0.00000
1752 0 0 0.00000 0.00000
1753 0 0 0.00000 0.00000
1754 0 0 0.00000 0.00000
1755 0 0 0.00000 0.00000
1756 0 0 0.00000 0.00000
1757 0 0 0.00000 0.00000
1758 0 0 0.00000 0.00000
1759 0 0 0.00000 0.00000
1760 0 0 0.00000 0.00000
1761 0 0 0.00000 0.00000
1762 0 0 0.00000 0.00000
1763 0 0 0.00000 0.00000
1764 0 0 0.00000 0.00000
1765 0 0 0.00000 0.00000
1766 0 0 0.00000 0.00000
1767 0 0 0.00000 0.00000
1768 0 0 0.00000 0.00000
1769 0 0 0.00000 0.00000
1770 0 0 0.00000 0.00000
1771 0 0 0.00000 0.00000
1772 0 0 0.00000 0.00000
1773 0 0 0.00000 0.00000
1774 0 0 0.00000 0.00000
1775 0 0 0.00000 0.00000
1776 0 0 0.00000 0.00000
1777 0 0 0.00000 0.00000
1778 0 0 0.00000 0.00000
1779 0 0 0.00000 0.00000
1780 0 0 0.00000 0.00000
1781 0 0 0.00000 0.00000
1782 0 0 0.00000 0.00000
1783 0 0 0.00000 0.00000
1784 0 0 0.00000 0.00000
1785 0 0 0.00000 0.00000
1786 0 0 0.00000 0.00000
1787 0 0 0.00000 0.00000
1788 0 0 0.00000 0.00000
1789 0 0 0.00000 0.00000
1790 0 0 0.00000 0.00000
1791 0 0 0.00000 0.00000
1792 0 0 0.00000 0.00000
1793 0 0 0.00000 0.00000
1794 0 0 0.00000 0.00000
1795 0 0 0.00000 0.00000
1796 0 0 0.00000 0.00000
1797 0 0 0.00000 0.00000
1798 0 0 0.00000 0.00000
1799 0 0 0.00000 0.00000
1800 0 0 0.00000 0.00000
1801 0 0 0.00000 0.00000
1802 0 0 0.00000 0.00000
1803 0 0 0.00000 0.00000
1804 0 0 0.00000 0.00000
1805 0 0 0.00000 0.00000
1806 0 0 0.00000 0.00000
1807 0 0 0.00000 0.00000
1808 0 0 0.00000 0.00000
1809 0 0 0.00000 0.00000
1810 0 0 0.00000 0.00000
1811 0 0 0.00000 0.00000
1812 0 0 0.00000 0.00000
1813 0 0 0.00000 0.00000
1814 0 0 0.00000 0.00000
1815 0 0 0.00000 0.00000
1816 0 0 0.00000 0.00000
1817 1 1 0.91228 0.91389
1818 1 1 0.94290 0.94506
1819 1 1 0.99045 0.99961
1820 1 1 0.98937 0.99643
1821 1 1 0.88770 0.89984
1822 1 1 0.90435 0.90405
1823 1 1 0.93649 0.94982
1824 1 1 0.94632 0.93750
1825 1 1 0.84347 0.85553
1826 1 1 0.88996 0.87317
1827 1 1 0.88756 0.87020
1828 1 1 0.89993 0.89698
1829 1 1 0.81941 0.82750
1830 1 1 0.84600 0.85118
1831 1 1 0.86404 0.81430
1832 1 1 0.84945 0.85938
1833 1 1 0.80623 0.79132
1834 1 1 0.81620 0.80663
1835 1 1 0.84750 0.80886
1836 1 1 0.82621 0.82642
1837 1 1 0.84877 0.81563
1838 1 1 0.86279 0.82268
1839 1 1 0.88011 0.83291
1840 1 1 0.87301 0.83686
1841 1 1 0.85492 0.85079
1842 1 1 0.86465 0.85234
1843 1 1 0.87284 0.85173
1844 1 1 0.86678 0.85414
1845 1 1 0.84711 0.81720
1846 1 1 0.85380 0.82115
1847 1 1 0.85448 0.84423
1848 1 1 0.84701 0.82892
1849 1 1 0.92095 0.88524
1850 1 1 0.93207 0.89415
1851 1 1 0.94111 0.89410
1852 1 1 0.92474 0.89045
1853 1 1 0.85447 0.85937
1854 1 1 0.86962 0.87229
1855 1 1 0.85913 0.86536
1856 1 1 0.85492 0.86782
1857 1 1 0.83246 0.82560
1858 1 1 0.85580 0.86119
1859 1 1 0.84406 0.83067
1860 1 1 0.84710 0.84103
1861 1 1 0.93051 0.91233
1862 1 1 0.93260 0.93367
1863 1 1 0.93578 0.90132
1864 1 1 0.91679 0.90656
1865 1 1 0.81785 0.83023
1866 1 1 0.83149 0.84039
1867 1 1 0.81979 0.83687
1868 1 1 0.79958 0.83022
1869 1 1 0.78170 0.78945
1870 1 1 0.80327 0.81680
1871 1 1 0.78435 0.78643
1872 1 1 0.80345 0.80330
1873 1 1 0.86852 0.85245
1874 1 1 0.88684 0.87217
1875 1 1 0.87598 0.85523
1876 1 1 0.87799 0.86135
1877 1 1 0.79732 0.81300
1878 1 1 0.81330 0.82959
1879 1 1 0.79933 0.80722
1880 1 1 0.80863 0.81078
1881 1 1 0.77156 0.78876
1882 1 1 0.79534 0.81097
1883 1 1 0.78530 0.77557
1884 1 1 0.78313 0.80761
1885 1 1 0.85362 0.84604
1886 1 1 0.86050 0.87235
1887 1 1 0.84533 0.83680
1888 1 1 0.81351 0.78816
1889 0 0 0.00000 0.00000
1890 0 0 0.00000 0.00000
1891 0 0 0.00000 0.00000
1892 0 0 0.00000 0.00000
1893 0 0 0.00000 0.00000
1894 0 0 0.00000 0.00000
1895 0 0 0.00000 0.00000
1896 0 0 0.00000 0.00000
1897 0 0 0.00000 0.00000
1898 1 1 0.80658 0.78090
1899 1 1 0.82007 0.82162
1900 1 1 0.90795 0.92254
1901 1 1 0.91852 0.93952
1902 1 1 0.84710 0.83971
1903 1 1 0.85151 0.86961
1904 1 1 0.91284 0.92616
1905 1 1 0.89077 0.89967
1906 1 1 0.79321 0.79610
1907 1 1 0.83114 0.81956
1908 1 1 0.84180 0.83868
1909 1 1 0.84297 0.83816
1910 1 1 0.79987 0.77790
1911 1 1 0.82956 0.79454
1912 1 1 0.86672 0.81804
1913 1 1 0.84229 0.81796
1914 1 1 0.79285 0.77366
1915 1 1 0.80390 0.78122
1916 1 1 0.84020 0.80013
1917 1 1 0.81356 0.80413
1918 1 1 0.84268 0.80028
1919 1 1 0.82576 0.80927
1920 1 1 0.87704 0.80942
1921 1 1 0.83742 0.82840
1922 1 1 0.84132 0.85913
1923 1 1 0.83172 0.86236
1924 1 1 0.86433 0.87120
1925 1 1 0.83325 0.86248
1926 1 1 0.82079 0.84877
1927 1 1 0.81375 0.84748
1928 1 1 0.83990 0.86883
1929 1 1 0.81437 0.85774
1930 1 1 0.88135 0.92075
1931 1 1 0.87710 0.91942
1932 1 1 0.91255 0.93310
1933 1 1 0.88154 0.91318
1934 1 1 0.83856 0.80210
1935 1 1 0.82616 0.82483
1936 1 1 0.84103 0.81211
1937 1 1 0.81935 0.82599
1938 1 1 0.81694 0.78374
1939 1 1 0.80946 0.81791
1940 1 1 0.81912 0.78801
1941 1 1 0.79851 0.81190
1942 1 1 0.88026 0.85750
1943 1 1 0.87126 0.86468
1944 1 1 0.90323 0.86405
1945 1 1 0.85984 0.87160
1946 1 1 0.80891 0.83194
1947 1 1 0.80871 0.84137
1948 1 1 0.81277 0.84234
1949 1 1 0.78560 0.84456
1950 1 1 0.77476 0.81108
1951 1 1 0.78479 0.82782
1952 1 1 0.78754 0.82261
1953 1 1 0.77431 0.82792
1954 1 1 0.84568 0.88879
1955 1 1 0.84641 0.89582
1956 1 1 0.86428 0.88494
1957 1 1 0.83420 0.87828
1958 1 1 0.79617 0.80029
1959 1 1 0.79337 0.82089
1960 1 1 0.80529 0.80894
1961 1 1 0.78952 0.82179
1962 1 1 0.77120 0.78445
1963 1 1 0.78069 0.81253
1964 1 1 0.79121 0.78975
1965 1 1 0.76840 0.80701
1966 1 1 0.83633 0.87037
1967 1 1 0.84454 0.87605
1968 1 1 0.85070 0.84578
1969 1 1 0.81924 0.85626
1970 0 0 0.00000 0.00000
1971 0 0 0.00000 0.00000
1972 0 0 0.00000 0.00000
1973 0 0 0.00000 0.00000
1974 0 0 0.00000 0.00000
1975 0 0 0.00000 0.00000
1976 0 0 0.00000 0.00000
1977 0 0 0.00000 0.00000
1978 0 0 0.00000 0.00000
1979 0 0 0.00000 0.00000
1980 0 0 0.00000 0.00000
1981 0 0 0.00000 0.00000
1982 0 0 0.00000 0.00000
1983 0 0 0.00000 0.00000
1984 0 0 0.00000 0.00000
1985 0 0 0.00000 0.00000
1986 0 0 0.00000 0.00000
1987 0 0 0.00000 0.00000
1988 0 0 0.00000 0.00000
1989 0 0 0.00000 0.00000
1990 0 0 0.00000 0.00000
1991 0 0 0.00000 0.00000
1992 0 0 0.00000 0.00000
1993 0 0 0.00000 0.00000
1994 0 0 0.00000 0.00000
1995 0 0 0.00000 0.00000
1996 0 0 0.00000 0.00000
1997 0 0 0.00000 0.00000
1998 0 0 0.00000 0.00000
1999 0 0 0.00000 0.00000
2000 0 0 0.00000 0.00000
2001 0 0 0.00000 0.00000
2002 0 0 0.00000 0.00000
2003 0 0 0.00000 0.00000
2004 0 0 0.00000 0.00000
2005 1 1 0.87191 0.87528
2006 1 1 0.94892 0.91198
2007 1 1 0.95240 0.94508
2008 1 1 0.94152 0.94863
2009 1 1 0.86256 0.85269
2010 1 1 0.88856 0.86206
2011 1 1 0.89600 0.88755
2012 1 1 0.92480 0.88088
2013 1 1 0.79807 0.77517
2014 1 1 0.86494 0.80687
2015 1 1 0.82059 0.82322
2016 1 1 0.85872 0.84565
2017 1 1 0.83937 0.84454
2018 1 1 0.88323 0.85885
2019 1 1 0.86110 0.87362
2020 1 1 0.85654 0.86459
2021 1 1 0.84507 0.82265
2022 1 1 0.86058 0.85093
2023 1 1 0.83685 0.84754
2024 1 1 0.84998 0.82612
2025 1 1 0.86856 0.82268
2026 1 1 0.86889 0.83008
2027 1 1 0.85940 0.84012
2028 1 1 0.87154 0.83399
2029 1 1 0.89215 0.85976
2030 1 1 0.89073 0.85419
2031 1 1 0.89543 0.86271
2032 1 1 0.87462 0.86432
2033 1 1 0.89614 0.83826
2034 1 1 0.89092 0.83082
2035 1 1 0.89006 0.83954
2036 1 1 0.86687 0.82147
2037 1 1 0.96096 0.90033
2038 1 1 0.96592 0.88589
2039 1 1 0.95667 0.89891
2040 1 1 0.94508 0.86626
2041 1 1 0.85577 0.89771
2042 1 1 0.88341 0.89147
2043 1 1 0.85784 0.89686
2044 1 1 0.86785 0.88100
2045 1 1 0.86497 0.85947
2046 1 1 0.87596 0.87047
2047 1 1 0.83783 0.88763
2048 1 1 0.85829 0.84934
2049 1 1 0.96872 0.92244
2050 1 1 0.95620 0.93153
2051 1 1 0.92210 0.93531
2052 1 1 0.91834 0.91062
2053 1 1 0.83037 0.83295
2054 1 1 0.84475 0.83991
2055 1 1 0.81528 0.82289
2056 1 1 0.81528 0.83056
2057 1 1 0.80622 0.79920
2058 1 1 0.84204 0.80215
2059 1 1 0.79466 0.79572
2060 1 1 0.80413 0.81067
2061 1 1 0.88476 0.87074
2062 1 1 0.91151 0.87068
2063 1 1 0.86892 0.85178
2064 1 1 0.86219 0.84217
2065 1 1 0.81051 0.82532
2066 1 1 0.84230 0.83627
2067 1 1 0.78837 0.81821
2068 1 1 0.81934 0.82496
2069 1 1 0.78325 0.81007
2070 1 1 0.81734 0.82061
2071 1 1 0.77977 0.79289
2072 1 1 0.79663 0.78908
2073 1 1 0.86295 0.86188
2074 1 1 0.88365 0.86988
2075 1 1 0.82806 0.85044
2076 1 1 0.77415 0.80869
2077 0 0 0.00000 0.00000
2078 0 0 0.00000 0.00000
2079 0 0 0.00000 0.00000
2080 0 0 0.00000 0.00000
2081 0 0 0.00000 0.00000
2082 0 0 0.00000 0.00000
2083 0 0 0.00000 0.00000
2084 0 0 0.00000 0.00000
2085 0 0 0.00000 0.00000
2086 1 1 0.79157 0.76892
2087 1 1 0.80265 0.80868
2088 1 1 0.90947 0.90958
2089 1 1 0.92801 0.90235
2090 1 1 0.85095 0.81995
2091 1 1 0.84304 0.84635
2092 1 1 0.89684 0.90404
2093 1 1 0.90370 0.90185
2094 1 1 0.78397 0.78633
2095 1 1 0.80329 0.83276
2096 1 1 0.83486 0.84249
2097 1 1 0.84155 0.83909
2098 1 1 0.78263 0.78577
2099 1 1 0.78475 0.82271
2100 1 1 0.81059 0.84072
2101 1 1 0.81886 0.83697
2102 1 1 0.75690 0.76289
2103 1 1 0.75398 0.80859
2104 1 1 0.79530 0.82012
2105 1 1 0.80532 0.80704
2106 1 1 0.79567 0.80829
2107 1 1 0.77271 0.82987
2108 1 1 0.79331 0.82356
2109 1 1 0.81846 0.80570
2110 1 1 0.86530 0.81604
2111 1 1 0.84688 0.83127
2112 1 1 0.86330 0.84461
2113 1 1 0.85861 0.83585
2114 1 1 0.84964 0.80682
2115 1 1 0.82154 0.82176
2116 1 1 0.85657 0.84049
2117 1 1 0.83921 0.82118
2118 1 1 0.90135 0.86644
2119 1 1 0.88823 0.87238
2120 1 1 0.91942 0.89377
2121 1 1 0.89908 0.87574
2122 1 1 0.80021 0.78857
2123 1 1 0.80072 0.81252
2124 1 1 0.81032 0.79716
2125 1 1 0.81239 0.79524
2126 1 1 0.77854 0.76000
2127 1 1 0.77651 0.79657
2128 1 1 0.77917 0.78589
2129 1 1 0.79207 0.78272
2130 1 1 0.84767 0.81926
2131 1 1 0.83960 0.84111
2132 1 1 0.86502 0.83286
2133 1 1 0.83919 0.83118
2134 1 1 0.84602 0.79678
2135 1 1 0.82358 0.81344
2136 1 1 0.83563 0.81306
2137 1 1 0.81930 0.80182
2138 1 1 0.81776 0.77049
2139 1 1 0.80622 0.78388
2140 1 1 0.80603 0.78729
2141 1 1 0.81219 0.78386
2142 1 1 0.88696 0.82223
2143 1 1 0.86175 0.83811
2144 1 1 0.88201 0.83416
2145 1 1 0.85506 0.82298
2146 1 1 0.81653 0.81702
2147 1 1 0.79618 0.82936
2148 1 1 0.80437 0.82033
2149 1 1 0.80601 0.81843
2150 1 1 0.79614 0.79799
2151 1 1 0.80261 0.82353
2152 1 1 0.79013 0.80762
2153 1 1 0.78372 0.79918
2154 1 1 0.85079 0.85419
2155 1 1 0.84407 0.86409
2156 1 1 0.84016 0.86518
2157 1 1 0.83286 0.84843
2158 0 0 0.00000 0.00000
2159 0 0 0.00000 0.00000
2160 0 0 0.00000 0.00000
2161 0 0 0.00000 0.00000
2162 0 0 0.00000 0.00000
2163 0 0 0.00000 0.00000
2164 0 0 0.00000 0.00000
2165 0 0 0.00000 0.00000
2166 0 0 0.00000 0.00000
2167 0 0 0.00000 0.00000
2168 0 0 0.00000 0.00000
2169 0 0 0.00000 0.00000
2170 0 0 0.00000 0.00000
2171 0 0 0.00000 0.00000
2172 0 0 0.00000 0.00000
2173 0 0 0.00000 0.00000
2174 0 0 0.00000 0.00000
2175 0 0 0.00000 0.00000
2176 0 0 0.00000 0.00000
2177 0 0 0.00000 0.00000
2178 0 0 0.00000 0.00000
2179 0 0 0.00000 0.00000
2180 0 0 0.00000 0.00000
2181 0 0 0.00000 0.00000
2182 0 0 0.00000 0.00000
2183 0 0 0.00000 0.00000
2184 0 0 0.00000 0.00000
2185 0 0 0.00000 0.00000
2186 0 0 0.00000 0.00000
2187 0 0 0.00000 0.00000
2188 0 0 0.00000 0.00000
2189 0 0 0.00000 0.00000
2190 0 0 0.00000 0.00000
2191 0 0 0.00000 0.00000
2192 0 0 0.00000 0.00000
2193 1 1 0.90200 0.88370
2194 1 1 0.94110 0.92727
2195 1 1 0.93362 0.98319
2196 1 1 0.94399 0.96949
2197 1 1 0.86639 0.88569
2198 1 1 0.86342 0.89116
2199 1 1 0.88070 0.91792
2200 1 1 0.89808 0.92317
2201 1 1 0.79153 0.83699
2202 1 1 0.83051 0.86921
2203 1 1 0.81406 0.89251
2204 1 1 0.85636 0.88674
2205 1 1 0.79663 0.83050
2206 1 1 0.82541 0.85042
2207 1 1 0.81630 0.88724
2208 1 1 0.82403 0.87497
2209 1 1 0.78026 0.82381
2210 1 1 0.80098 0.83655
2211 1 1 0.78823 0.85860
2212 1 1 0.79017 0.85029
2213 1 1 0.80687 0.86906
2214 1 1 0.82116 0.86818
2215 1 1 0.80594 0.88856
2216 1 1 0.79796 0.88207
2217 1 1 0.85966 0.86322
2218 1 1 0.86560 0.85968
2219 1 1 0.86613 0.86521
2220 1 1 0.84752 0.85436
2221 1 1 0.84304 0.83420
2222 1 1 0.84046 0.84642
2223 1 1 0.84170 0.83719
2224 1 1 0.83710 0.84356
2225 1 1 0.90914 0.91548
2226 1 1 0.90105 0.92364
2227 1 1 0.90370 0.91551
2228 1 1 0.88988 0.90898
2229 1 1 0.83708 0.82355
2230 1 1 0.84185 0.83764
2231 1 1 0.81644 0.81585
2232 1 1 0.82407 0.83000
2233 1 1 0.79241 0.80728
2234 1 1 0.84041 0.82342
2235 1 1 0.78552 0.79962
2236 1 1 0.81454 0.81910
2237 1 1 0.87478 0.87696
2238 1 1 0.87951 0.89573
2239 1 1 0.86446 0.86735
2240 1 1 0.85798 0.87394
2241 1 1 0.84383 0.79907
2242 1 1 0.82380 0.81070
2243 1 1 0.81601 0.79664
2244 1 1 0.81269 0.81141
2245 1 1 0.80370 0.76993
2246 1 1 0.84910 0.78952
2247 1 1 0.77313 0.77701
2248 1 1 0.78895 0.79357
2249 1 1 0.87274 0.84596
2250 1 1 0.87859 0.85820
2251 1 1 0.84942 0.83841
2252 1 1 0.84273 0.83442
2253 1 1 0.84219 0.84038
2254 1 1 0.85354 0.85651
2255 1 1 0.83052 0.83424
2256 1 1 0.83819 0.84471
2257 1 1 0.82780 0.82615
2258 1 1 0.85467 0.83975
2259 1 1 0.78813 0.81952
2260 1 1 0.80864 0.82038
2261 1 1 0.89201 0.89371
2262 1 1 0.90138 0.91159
2263 1 1 0.85800 0.87661
2264 1 1 0.81373 0.80148
2265 0 0 0.00000 0.00000
2266 0 0 0.00000 0.00000
2267 0 0 0.00000 0.00000
2268 0 0 0.00000 0.00000
2269 0 0 0.00000 0.00000
2270 0 0 0.00000 0.00000
2271 0 0 0.00000 0.00000
2272 0 0 0.00000 0.00000
2273 0 0 0.00000 0.00000
2274 1 1 0.75179 0.77614
2275 1 1 0.77264 0.85003
2276 1 1 0.84389 0.91157
2277 1 1 0.88457 0.93109
2278 1 1 0.78492 0.84748
2279 1 1 0.79920 0.87467
2280 1 1 0.85882 0.86829
2281 1 1 0.83410 0.88436
2282 1 1 0.73520 0.78804
2283 1 1 0.76012 0.81660
2284 1 1 0.78086 0.78256
2285 1 1 0.79725 0.82975
2286 1 1 0.78066 0.83639
2287 1 1 0.81168 0.86036
2288 1 1 0.83972 0.83278
2289 1 1 0.82635 0.86044
2290 1 1 0.77287 0.81618
2291 1 1 0.78863 0.82333
2292 1 1 0.81523 0.81321
2293 1 1 0.80613 0.82350
2294 1 1 0.79529 0.83844
2295 1 1 0.79712 0.84528
2296 1 1 0.80726 0.82733
2297 1 1 0.80576 0.85399
2298 1 1 0.86371 0.86190
2299 1 1 0.85740 0.86648
2300 1 1 0.86867 0.85466
2301 1 1 0.86584 0.86246
2302 1 1 0.83677 0.84379
2303 1 1 0.83979 0.84910
2304 1 1 0.86548 0.84109
2305 1 1 0.84736 0.84113
2306 1 1 0.91366 0.88829
2307 1 1 0.90051 0.91410
2308 1 1 0.91195 0.91516
2309 1 1 0.88702 0.90316
2310 1 1 0.83720 0.83776
2311 1 1 0.84978 0.85192
2312 1 1 0.84369 0.81830
2313 1 1 0.84506 0.82610
2314 1 1 0.81809 0.80341
2315 1 1 0.82388 0.83598
2316 1 1 0.81986 0.80096
2317 1 1 0.82439 0.82619
2318 1 1 0.91350 0.86347
2319 1 1 0.89796 0.89431
2320 1 1 0.90309 0.87213
2321 1 1 0.87911 0.87477
2322 1 1 0.82133 0.83548
2323 1 1 0.82712 0.86013
2324 1 1 0.81892 0.82971
2325 1 1 0.81961 0.84006
2326 1 1 0.78064 0.80401
2327 1 1 0.79112 0.83861
2328 1 1 0.78531 0.79566
2329 1 1 0.79393 0.83048
2330 1 1 0.88347 0.87323
2331 1 1 0.87148 0.87532
2332 1 1 0.86689 0.86270
2333 1 1 0.84193 0.87541
2334 1 1 0.84445 0.80633
2335 1 1 0.85161 0.82509
2336 1 1 0.82987 0.79541
2337 1 1 0.82703 0.81826
2338 1 1 0.79346 0.78411
2339 1 1 0.84155 0.80657
2340 1 1 0.79716 0.76026
2341 1 1 0.81766 0.80297
2342 1 1 0.88293 0.83581
2343 1 1 0.88524 0.84997
2344 1 1 0.87309 0.82655
2345 1 1 0.86193 0.85445
2346 0 0 0.00000 0.00000
2347 0 0 0.00000 0.00000
2348 0 0 0.00000 0.00000
2349 0 0 0.00000 0.00000
2350 0 0 0.00000 0.00000
2351 0 0 0.00000 0.00000
2352 0 0 0.00000 0.00000
2353 0 0 0.00000 0.00000
2354 0 0 0.00000 0.00000
2355 0 0 0.00000 0.00000
2356 0 0 0.00000 0.00000
2357 0 0 0.00000 0.00000
2358 0 0 0.00000 0.00000
2359 0 0 0.00000 0.00000
2360 0 0 0.00000 0.00000
2361 0 0 0.00000 0.00000
2362 0 0 0.00000 0.00000
2363 0 0 0.00000 0.00000
2364 0 0 0.00000 0.00000
2365 0 0 0.00000 0.00000
2366 0 0 0.00000 0.00000
2367 0 0 0.00000 0.00000
2368 0 0 0.00000 0.00000
2369 0 0 0.00000 0.00000
2370 0 0 0.00000 0.00000
2371 0 0 0.00000 0.00000
2372 0 0 0.00000 0.00000
2373 0 0 0.00000 0.00000
2374 0 0 0.00000 0.00000
2375 0 0 0.00000 0.00000
2376 0 0 0.00000 0.00000
2377 0 0 0.00000 0.00000
2378 0 0 0.00000 0.00000
2379 0 0 0.00000 0.00000
2380 0 0 0.00000 0.00000
2381 0 0 0.00000 0.00000
2382 0 0 0.00000 0.00000
2383 0 0 0.00000 0.00000
2384 0 0 0.00000 0.00000
2385 0 0 0.00000 0.00000
2386 0 0 0.00000 0.00000
2387 0 0 0.00000 0.00000
2388 0 0 0.00000 0.00000
2389 0 0 0.00000 0.00000
2390 0 0 0.00000 0.00000
2391 0 0 0.00000 0.00000
2392 0 0 0.00000 0.00000
2393 0 0 0.00000 0.00000
2394 0 0 0.00000 0.00000
2395 0 0 0.00000 0.00000
2396 0 0 0.00000 0.00000
2397 0 0 0.00000 0.00000
2398 0 0 0.00000 0.00000
2399 0 0 0.00000 0.00000
2400 0 0 0.00000 0.00000
2401 0 0 0.00000 0.00000
2402 0 0 0.00000 0.00000
2403 0 0 0.00000 0.00000
2404 0 0 0.00000 0.00000
2405 0 0 0.00000 0.00000
2406 0 0 0.00000 0.00000
2407 0 0 0.00000 0.00000
2408 0 0 0.00000 0.00000
2409 0 0 0.00000 0.00000
2410 0 0 0.00000 0.00000
2411 0 0 0.00000 0.00000
2412 0 0 0.00000 0.00000
2413 0 0 0.00000 0.00000
2414 0 0 0.00000 0.00000
2415 0 0 0.00000 0.00000
2416 0 0 0.00000 0.00000
2417 0 0 0.00000 0.00000
2418 0 0 0.00000 0.00000
2419 0 0 0.00000 0.00000
2420 0 0 0.00000 0.00000
2421 0 0 0.00000 0.00000
2422 0 0 0.00000 0.00000
2423 0 0 0.00000 0.00000
2424 0 0 0.00000 0.00000
2425 0 0 0.00000 0.00000
2426 0 0 0.00000 0.00000
2427 0 0 0.00000 0.00000
2428 0 0 0.00000 0.00000
2429 0 0 0.00000 0.00000
2430 0 0 0.00000 0.00000
2431 0 0 0.00000 0.00000
2432 0 0 0.00000 0.00000
2433 0 0 0.00000 0.00000
2434 0 0 0.00000 0.00000
2435 0 0 0.00000 0.00000
2436 0 0 0.00000 0.00000
2437 0 0 0.00000 0.00000
2438 0 0 0.00000 0.00000
2439 0 0 0.00000 0.00000
2440 0 0 0.00000 0.00000
2441 0 0 0.00000 0.00000
2442 0 0 0.00000 0.00000
2443 0 0 0.00000 0.00000
2444 0 0 0.00000 0.00000
2445 0 0 0.00000 0.00000
2446 0 0 0.00000 0.00000
2447 0 0 0.00000 0.00000
2448 0 0 0.00000 0.00000
2449 0 0 0.00000 0.00000
2450 0 0 0.00000 0.00000
2451 0 0 0.00000 0.00000
2452 0 0 0.00000 0.00000
2453 0 0 0.00000 0.00000
2454 0 0 0.00000 0.00000
2455 0 0 0.00000 0.00000
2456 0 0 0.00000 0.00000
2457 0 0 0.00000 0.00000
2458 0 0 0.00000 0.00000
2459 0 0 0.00000 0.00000
2460 0 0 0.00000 0.00000
2461 0 0 0.00000 0.00000
2462 0 0 0.00000 0.00000
2463 0 0 0.00000 0.00000
2464 0 0 0.00000 0.00000
2465 0 0 0.00000 0.00000
2466 0 0 0.00000 0.00000
2467 0 0 0.00000 0.00000
2468 0 0 0.00000 0.00000
2469 0 0 0.00000 0.00000
2470 0 0 0.00000 0.00000
2471 0 0 0.00000 0.00000
2472 0 0 0.00000 0.00000
2473 0 0 0.00000 0.00000
2474 0 0 0.00000 0.00000
2475 0 0 0.00000 0.00000
2476 0 0 0.00000 0.00000
2477 0 0 0.00000 0.00000
2478 0 0 0.00000 0.00000
2479 0 0 0.00000 0.00000
2480 0 0 0.00000 0.00000
2481 0 0 0.00000 0.00000
2482 0 0 0.00000 0.00000
2483 0 0 0.00000 0.00000
2484 0 0 0.00000 0.00000
2485 0 0 0.00000 0.00000
2486 0 0 0.00000 0.00000
2487 0 0 0.00000 0.00000
2488 0 0 0.00000 0.00000
2489 0 0 0.00000 0.00000
2490 0 0 0.00000 0.00000
2491 0 0 0.00000 0.00000
2492 0 0 0.00000 0.00000
2493 0 0 0.00000 0.00000
2494 0 0 0.00000 0.00000
2495 0 0 0.00000 0.00000
2496 0 0 0.00000 0.00000
2497 0 0 0.00000 0.00000
2498 0 0 0.00000 0.00000
2499 0 0 0.00000 0.00000
2500 0 0 0.00000 0.00000
2501 0 0 0.00000 0.00000
2502 0 0 0.00000 0.00000
2503 0 0 0.00000 0.00000
2504 0 0 0.00000 0.00000
2505 0 0 0.00000 0.00000
2506 0 0 0.00000 0.00000
2507 0 0 0.00000 0.00000
2508 0 0 0.00000 0.00000
2509 0 0 0.00000 0.00000
2510 0 0 0.00000 0.00000
2511 0 0 0.00000 0.00000
2512 0 0 0.00000 0.00000
2513 0 0 0.00000 0.00000
2514 0 0 0.00000 0.00000
2515 0 0 0.00000 0.00000
2516 0 0 0.00000 0.00000
2517 0 0 0.00000 0.00000
2518 0 0 0.00000 0.00000
2519 0 0 0.00000 0.00000
2520 0 0 0.00000 0.00000
2521 0 0 0.00000 0.00000
2522 0 0 0.00000 0.00000
2523 0 0 0.00000 0.00000
2524 0 0 0.00000 0.00000
2525 0 0 0.00000 0.00000
2526 0 0 0.00000 0.00000
2527 0 0 0.00000 0.00000
2528 0 0 0.00000 0.00000
2529 0 0 0.00000 0.00000
2530 0 0 0.00000 0.00000
2531 0 0 0.00000 0.00000
2532 0 0 0.00000 0.00000
2533 0 0 0.00000 0.00000
2534 0 0 0.00000 0.00000
2535 0 0 0.00000 0.00000
2536 0 0 0.00000 0.00000
2537 0 0 0.00000 0.00000
2538 0 0 0.00000 0.00000
2539 0 0 0.00000 0.00000
2540 0 0 0.00000 0.00000
2541 0 0 0.00000 0.00000
2542 0 0 0.00000 0.00000
2543 0 0 0.00000 0.00000
2544 0 0 0.00000 0.00000
2545 0 0 0.00000 0.00000
2546 0 0 0.00000 0.00000
2547 0 0 0.00000 0.00000
2548 0 0 0.00000 0.00000
2549 0 0 0.00000 0.00000
2550 0 0 0.00000 0.00000
2551 0 0 0.00000 0.00000
2552 0 0 0.00000 0.00000
2553 0 0 0.00000 0.00000
2554 0 0 0.00000 0.00000
2555 0 0 0.00000 0.00000
2556 0 0 0.00000 0.00000
2557 0 0 0.00000 0.00000
2558 0 0 0.00000 0.00000
2559 0 0 0.00000 0.00000
2560 0 0 0.00000 0.00000
2561 0 0 0.00000 0.00000
2562 0 0 0.00000 0.00000
2563 0 0 0.00000 0.00000
2564 0 0 0.00000 0.00000
2565 0 0 0.00000 0.00000
2566 0 0 0.00000 0.00000
2567 0 0 0.00000 0.00000
2568 0 0 0.00000 0.00000
2569 0 0 0.00000 0.00000
2570 0 0 0.00000 0.00000
2571 0 0 0.00000 0.00000
2572 0 0 0.00000 0.00000
2573 0 0 0.00000 0.00000
2574 0 0 0.00000 0.00000
2575 0 0 0.00000 0.00000
2576 0 0 0.00000 0.00000
2577 0 0 0.00000 0.00000
2578 0 0 0.00000 0.00000
2579 0 0 0.00000 0.00000
2580 0 0 0.00000 0.00000
2581 0 0 0.00000 0.00000
2582 0 0 0.00000 0.00000
2583 0 0 0.00000 0.00000
2584 0 0 0.00000 0.00000
2585 0 0 0.00000 0.00000
2586 0 0 0.00000 0.00000
2587 0 0 0.00000 0.00000
2588 0 0 0.00000 0.00000
2589 0 0 0.00000 0.00000
2590 0 0 0.00000 0.00000
2591 0 0 0.00000 0.00000
2592 0 0 0.00000 0.00000
2593 0 0 0.00000 0.00000
2594 0 0 0.00000 0.00000
2595 0 0 0.00000 0.00000
2596 0 0 0.00000 0.00000
2597 0 0 0.00000 0.00000
2598 0 0 0.00000 0.00000
2599 0 0 0.00000 0.00000
2600 0 0 0.00000 0.00000
2601 0 0 0.00000 0.00000
2602 0 0 0.00000 0.00000
2603 0 0 0.00000 0.00000
2604 0 0 0.00000 0.00000
2605 0 0 0.00000 0.00000
2606 0 0 0.00000 0.00000
2607 0 0 0.00000 0.00000
2608 0 0 0.00000 0.00000
2609 0 0 0.00000 0.00000
2610 0 0 0.00000 0.00000
2611 0 0 0.00000 0.00000
2612 0 0 0.00000 0.00000
2613 0 0 0.00000 0.00000
2614 0 0 0.00000 0.00000
2615 0 0 0.00000 0.00000
2616 0 0 0.00000 0.00000
2617 0 0 0.00000 0.00000
2618 0 0 0.00000 0.00000
2619 0 0 0.00000 0.00000
2620 0 0 0.00000 0.00000
2621 0 0 0.00000 0.00000
2622 0 0 0.00000 0.00000
2623 0 0 0.00000 0.00000
2624 0 0 0.00000 0.00000
2625 0 0 0.00000 0.00000
2626 0 0 0.00000 0.00000
2627 0 0 0.00000 0.00000
2628 0 0 0.00000 0.00000
2629 0 0 0.00000 0.00000
2630 0 0 0.00000 0.00000
2631 0 0 0.00000 0.00000
2632 0 0 0.00000 0.00000
2633 0 0 0.00000 0.00000
2634 0 0 0.00000 0.00000
2635 0 0 0.00000 0.00000
2636 0 0 0.00000 0.00000
2637 0 0 0.00000 0.00000
2638 0 0 0.00000 0.00000
2639 0 0 0.00000 0.00000
2640 0 0 0.00000 0.00000
2641 0 0 0.00000 0.00000
2642 0 0 0.00000 0.00000
2643 0 0 0.00000 0.00000
2644 0 0 0.00000 0.00000
2645 0 0 0.00000 0.00000
2646 0 0 0.00000 0.00000
2647 0 0 0.00000 0.00000
2648 0 0 0.00000 0.00000
2649 0 0 0.00000 0.00000
2650 0 0 0.00000 0.00000
2651 0 0 0.00000 0.00000
2652 0 0 0.00000 0.00000
2653 0 0 0.00000 0.00000
2654 0 0 0.00000 0.00000
2655 0 0 0.00000 0.00000
2656 0 0 0.00000 0.00000
2657 0 0 0.00000 0.00000
2658 0 0 0.00000 0.00000
2659 0 0 0.00000 0.00000
2660 0 0 0.00000 0.00000
2661 0 0 0.00000 0.00000
2662 0 0 0.00000 0.00000
2663 0 0 0.00000 0.00000
2664 0 0 0.00000 0.00000
2665 0 0 0.00000 0.00000
2666 0 0 0.00000 0.00000
2667 0 0 0.00000 0.00000
2668 0 0 0.00000 0.00000
2669 0 0 0.00000 0.00000
2670 0 0 0.00000 0.00000
2671 0 0 0.00000 0.00000
2672 0 0 0.00000 0.00000
2673 0 0 0.00000 0.00000
2674 0 0 0.00000 0.00000
2675 0 0 0.00000 0.00000
2676 0 0 0.00000 0.00000
2677 0 0 0.00000 0.00000
2678 0 0 0.00000 0.00000
2679 0 0 0.00000 0.00000
2680 0 0 0.00000 0.00000
2681 0 0 0.00000 0.00000
2682 0 0 0.00000 0.00000
2683 0 0 0.00000 0.00000
2684 0 0 0.00000 0.00000
2685 0 0 0.00000 0.00000
2686 0 0 0.00000 0.00000
2687 0 0 0.00000 0.00000
2688 0 0 0.00000 0.00000
2689 0 0 0.00000 0.00000
2690 0 0 0.00000 0.00000
2691 0 0 0.00000 0.00000
2692 0 0 0.00000 0.00000
2693 0 0 0.00000 0.00000
2694 0 0 0.00000 0.00000
2695 0 0 0.00000 0.00000
2696 0 0 0.00000 0.00000
2697 0 0 0.00000 0.00000
2698 0 0 0.00000 0.00000
2699 0 0 0.00000 0.00000
2700 0 0 0.00000 0.00000
2701 0 0 0.00000 0.00000
2702 0 0 0.00000 0.00000
2703 0 0 0.00000 0.00000
2704 0 0 0.00000 0.00000
2705 0 0 0.00000 0.00000
2706 0 0 0.00000 0.00000
2707 0 0 0.00000 0.00000
2708 0 0 0.00000 0.00000
2709 0 0 0.00000 0.00000
2710 0 0 0.00000 0.00000
2711 1 1 0.91120 0.89035
2712 1 1 0.93920 0.91558
2713 1 1 1.00000 1.00000
2714 1 1 0.96287 0.98177
2715 1 1 0.90593 0.87526
2716 1 1 0.89453 0.90206
2717 1 1 0.93287 0.94459
2718 1 1 0.92899 0.92936
2719 1 1 0.81578 0.82776
2720 1 1 0.86839 0.84870
2721 1 1 0.86640 0.87690
2722 1 1 0.87536 0.88946
2723 1 1 0.78065 0.83227
2724 1 1 0.82641 0.84952
2725 1 1 0.82629 0.86591
2726 1 1 0.83221 0.86906
2727 1 1 0.77363 0.81431
2728 1 1 0.79707 0.84046
2729 1 1 0.80536 0.84617
2730 1 1 0.80161 0.85233
2731 1 1 0.79377 0.84031
2732 1 1 0.81819 0.85326
2733 1 1 0.81423 0.87431
2734 1 1 0.80968 0.86149
2735 1 1 0.85403 0.87435
2736 1 1 0.86509 0.86425
2737 1 1 0.87738 0.90180
2738 1 1 0.86469 0.88615
2739 1 1 0.81504 0.85406
2740 1 1 0.83690 0.87345
2741 1 1 0.87035 0.88288
2742 1 1 0.84486 0.86899
2743 1 1 0.88803 0.93677
2744 1 1 0.88498 0.95119
2745 1 1 0.92967 0.94436
2746 1 1 0.89285 0.93267
2747 1 1 0.79179 0.79856
2748 1 1 0.82190 0.82085
2749 1 1 0.81998 0.79074
2750 1 1 0.82100 0.81967
2751 1 1 0.77287 0.76336
2752 1 1 0.80151 0.80300
2753 1 1 0.79046 0.78469
2754 1 1 0.80423 0.80329
2755 1 1 0.83633 0.83823
2756 1 1 0.85371 0.85901
2757 1 1 0.85586 0.85210
2758 1 1 0.84321 0.84256
2759 1 1 0.81061 0.82320
2760 1 1 0.83010 0.83102
2761 1 1 0.82822 0.82494
2762 1 1 0.80733 0.83550
2763 1 1 0.78809 0.80299
2764 1 1 0.80814 0.81774
2765 1 1 0.79414 0.81494
2766 1 1 0.78515 0.81996
2767 1 1 0.83554 0.86569
2768 1 1 0.85673 0.88275
2769 1 1 0.84900 0.86880
2770 1 1 0.82894 0.85997
2771 1 1 0.83769 0.84806
2772 1 1 0.84986 0.85136
2773 1 1 0.84297 0.84039
2774 1 1 0.83135 0.85450
2775 1 1 0.81749 0.82423
2776 1 1 0.83323 0.83921
2777 1 1 0.82368 0.82779
2778 1 1 0.82358 0.84236
2779 1 1 0.86866 0.89339
2780 1 1 0.87325 0.90558
2781 1 1 0.88932 0.87926
2782 1 1 0.82689 0.83652
2783 0 0 0.00000 0.00000
2784 0 0 0.00000 0.00000
2785 0 0 0.00000 0.00000
2786 0 0 0.00000 0.00000
2787 0 0 0.00000 0.00000
2788 0 0 0.00000 0.00000
2789 0 0 0.00000 0.00000
2790 0 0 0.00000 0.00000
2791 0 0 0.00000 0.00000
2792 1 1 0.81113 0.72985
2793 1 1 0.79519 0.83408
2794 1 1 0.90103 0.88503
2795 1 1 0.88483 0.89747
2796 1 1 0.80796 0.81859
2797 1 1 0.83501 0.85185
2798 1 1 0.88119 0.89010
2799 1 1 0.89448 0.88343
2800 1 1 0.77905 0.78795
2801 1 1 0.81424 0.81427
2802 1 1 0.82362 0.81451
2803 1 1 0.84712 0.82971
2804 1 1 0.81284 0.79333
2805 1 1 0.82411 0.81982
2806 1 1 0.84643 0.82296
2807 1 1 0.83256 0.84001
2808 1 1 0.79615 0.78176
2809 1 1 0.80330 0.80786
2810 1 1 0.82049 0.81958
2811 1 1 0.81309 0.82037
2812 1 1 0.84571 0.82620
2813 1 1 0.84846 0.82702
2814 1 1 0.86396 0.83324
2815 1 1 0.84759 0.84062
2816 1 1 0.82130 0.85979
2817 1 1 0.84024 0.87049
2818 1 1 0.84180 0.86584
2819 1 1 0.84643 0.86565
2820 1 1 0.81166 0.84709
2821 1 1 0.81951 0.85080
2822 1 1 0.82607 0.87020
2823 1 1 0.82566 0.86451
2824 1 1 0.89668 0.92789
2825 1 1 0.88698 0.91937
2826 1 1 0.91661 0.94152
2827 1 1 0.90433 0.91998
2828 1 1 0.76164 0.78750
2829 1 1 0.78506 0.81347
2830 1 1 0.77280 0.79638
2831 1 1 0.78831 0.81257
2832 1 1 0.72157 0.77787
2833 1 1 0.74672 0.79615
2834 1 1 0.74274 0.77697
2835 1 1 0.76161 0.79903
2836 1 1 0.80730 0.84798
2837 1 1 0.81591 0.85826
2838 1 1 0.82691 0.85609
2839 1 1 0.82072 0.85065
2840 1 1 0.78236 0.81267
2841 1 1 0.80252 0.82808
2842 1 1 0.79546 0.82158
2843 1 1 0.80029 0.82159
2844 1 1 0.76462 0.79653
2845 1 1 0.77510 0.80253
2846 1 1 0.75798 0.79054
2847 1 1 0.76616 0.80549
2848 1 1 0.82563 0.85416
2849 1 1 0.83448 0.86649
2850 1 1 0.83366 0.86449
2851 1 1 0.83273 0.85806
2852 1 1 0.82492 0.83301
2853 1 1 0.82899 0.83942
2854 1 1 0.83054 0.84035
2855 1 1 0.83247 0.84368
2856 1 1 0.79813 0.82086
2857 1 1 0.82557 0.82797
2858 1 1 0.81062 0.82768
2859 1 1 0.81413 0.83990
2860 1 1 0.87966 0.88779
2861 1 1 0.89944 0.89547
2862 1 1 0.88281 0.89937
2863 1 1 0.87409 0.89289
2864 0 0 0.00000 0.00000
2865 0 0 0.00000 0.00000
2866 0 0 0.00000 0.00000
2867 0 0 0.00000 0.00000
2868 0 0 0.00000 0.00000
2869 0 0 0.00000 0.00000
2870 0 0 0.00000 0.00000
2871 0 0 0.00000 0.00000
2872 0 0 0.00000 0.00000
2873 0 0 0.00000 0.00000
2874 0 0 0.00000 0.00000
2875 0 0 0.00000 0.00000
2876 0 0 0.00000 0.00000
2877 0 0 0.00000 0.00000
2878 0 0 0.00000 0.00000
2879 0 0 0.00000 0.00000
2880 0 0 0.00000 0.00000
2881 0 0 0.00000 0.00000
2882 0 0 0.00000 0.00000
2883 0 0 0.00000 0.00000
2884 0 0 0.00000 0.00000
2885 0 0 0.00000 0.00000
2886 0 0 0.00000 0.00000
2887 0 0 0.00000 0.00000
2888 0 0 0.00000 0.00000
2889 0 0 0.00000 0.00000
2890 0 0 0.00000 0.00000
2891 0 0 0.00000 0.00000
2892 0 0 0.00000 0.00000
2893 0 0 0.00000 0.00000
2894 0 0 0.00000 0.00000
2895 0 0 0.00000 0.00000
2896 0 0 0.00000 0.00000
2897 0 0 0.00000 0.00000
2898 0 0 0.00000 0.00000
2899 1 1 0.85618 0.90057
2900 1 1 0.91372 0.92284
2901 1 1 0.95329 0.94538
2902 1 1 0.94062 0.95776
2903 1 1 0.83995 0.86453
2904 1 1 0.84300 0.88415
2905 1 1 0.88330 0.89433
2906 1 1 0.88576 0.92202
2907 1 1 0.78695 0.79566
2908 1 1 0.82250 0.84946
2909 1 1 0.81674 0.83070
2910 1 1 0.82821 0.86350
2911 1 1 0.79567 0.85233
2912 1 1 0.81588 0.88861
2913 1 1 0.81570 0.85846
2914 1 1 0.82305 0.88047
2915 1 1 0.77251 0.84730
2916 1 1 0.76922 0.85554
2917 1 1 0.79887 0.83165
2918 1 1 0.78904 0.85651
2919 1 1 0.79347 0.86271
2920 1 1 0.81038 0.86652
2921 1 1 0.81248 0.83649
2922 1 1 0.80218 0.86978
2923 1 1 0.87631 0.86251
2924 1 1 0.87323 0.86377
2925 1 1 0.87463 0.83479
2926 1 1 0.86348 0.86781
2927 1 1 0.85707 0.83267
2928 1 1 0.85109 0.85227
2929 1 1 0.85213 0.81320
2930 1 1 0.84600 0.84779
2931 1 1 0.91791 0.89680
2932 1 1 0.91484 0.89773
2933 1 1 0.93427 0.87482
2934 1 1 0.91847 0.90135
2935 1 1 0.80193 0.84031
2936 1 1 0.81902 0.84842
2937 1 1 0.81039 0.81210
2938 1 1 0.79856 0.86482
2939 1 1 0.76085 0.82048
2940 1 1 0.80351 0.83940
2941 1 1 0.77746 0.79433
2942 1 1 0.76939 0.84589
2943 1 1 0.84936 0.88691
2944 1 1 0.85680 0.90458
2945 1 1 0.84976 0.85625
2946 1 1 0.84513 0.86849
2947 1 1 0.85403 0.83069
2948 1 1 0.86169 0.84537
2949 1 1 0.85406 0.79428
2950 1 1 0.83962 0.82800
2951 1 1 0.83432 0.79075
2952 1 1 0.84102 0.82541
2953 1 1 0.81055 0.77281
2954 1 1 0.82527 0.81883
2955 1 1 0.92506 0.84934
2956 1 1 0.91996 0.86846
2957 1 1 0.89209 0.82478
2958 1 1 0.88029 0.84928
2959 1 1 0.83736 0.84829
2960 1 1 0.84337 0.87780
2961 1 1 0.81154 0.81672
2962 1 1 0.81952 0.85053
2963 1 1 0.79896 0.82754
2964 1 1 0.82376 0.84923
2965 1 1 0.78158 0.80234
2966 1 1 0.78978 0.83483
2967 1 1 0.87740 0.88418
2968 1 1 0.87002 0.88700
2969 1 1 0.84538 0.83039
2970 1 1 0.75562 0.76151
2971 0 0 0.00000 0.00000
2972 0 0 0.00000 0.00000
2973 0 0 0.00000 0.00000
2974 0 0 0.00000 0.00000
2975 0 0 0.00000 0.00000
2976 0 0 0.00000 0.00000
2977 0 0 0.00000 0.00000
2978 0 0 0.00000 0.00000
2979 0 0 0.00000 0.00000
2980 1 1 0.77379 0.76641
2981 1 1 0.82069 0.81903
2982 1 1 0.94554 0.93128
2983 1 1 0.93787 0.91305
2984 1 1 0.82696 0.82446
2985 1 1 0.84484 0.83297
2986 1 1 0.90606 0.89691
2987 1 1 0.90453 0.88165
2988 1 1 0.76978 0.76579
2989 1 1 0.80651 0.78923
2990 1 1 0.83769 0.82240
2991 1 1 0.84848 0.83407
2992 1 1 0.79185 0.82815
2993 1 1 0.82335 0.83227
2994 1 1 0.84522 0.86223
2995 1 1 0.84662 0.84005
2996 1 1 0.79003 0.79268
2997 1 1 0.80234 0.80404
2998 1 1 0.82851 0.83550
2999 1 1 0.83334 0.82866
3000 1 1 0.81662 0.81828
3001 1 1 0.82513 0.82595
3002 1 1 0.84966 0.84033
3003 1 1 0.85075 0.82811
3004 1 1 0.81431 0.85716
3005 1 1 0.82872 0.85103
3006 1 1 0.86467 0.88828
3007 1 1 0.84381 0.87796
3008 1 1 0.81150 0.83110
3009 1 1 0.81899 0.83272
3010 1 1 0.85247 0.86153
3011 1 1 0.84292 0.85737
3012 1 1 0.88638 0.89644
3013 1 1 0.87892 0.89179
3014 1 1 0.91537 0.93286
3015 1 1 0.89028 0.91559
3016 1 1 0.73876 0.84531
3017 1 1 0.76861 0.84201
3018 1 1 0.75985 0.86251
3019 1 1 0.78401 0.85709
3020 1 1 0.70836 0.81835
3021 1 1 0.75026 0.83579
3022 1 1 0.74389 0.83261
3023 1 1 0.78045 0.82653
3024 1 1 0.77530 0.89435
3025 1 1 0.79911 0.89407
3026 1 1 0.80583 0.91510
3027 1 1 0.81128 0.88496
3028 1 1 0.82855 0.84552
3029 1 1 0.83687 0.83961
3030 1 1 0.85363 0.84565
3031 1 1 0.83566 0.83573
3032 1 1 0.80422 0.80921
3033 1 1 0.82399 0.82113
3034 1 1 0.83665 0.80547
3035 1 1 0.82671 0.82060
3036 1 1 0.87052 0.87492
3037 1 1 0.87783 0.87358
3038 1 1 0.89585 0.88481
3039 1 1 0.88294 0.86900
3040 1 1 0.81695 0.85400
3041 1 1 0.83181 0.85539
3042 1 1 0.82232 0.84965
3043 1 1 0.82391 0.84487
3044 1 1 0.79861 0.82331
3045 1 1 0.82470 0.82918
3046 1 1 0.81782 0.81837
3047 1 1 0.82795 0.83085
3048 1 1 0.86696 0.89419
3049 1 1 0.87073 0.89366
3050 1 1 0.87670 0.88788
3051 1 1 0.88062 0.87365
3052 0 0 0.00000 0.00000
3053 0 0 0.00000 0.00000
3054 0 0 0.00000 0.00000
3055 0 0 0.00000 0.00000
3056 0 0 0.00000 0.00000
3057 0 0 0.00000 0.00000
3058 0 0 0.00000 0.00000
3059 0 0 0.00000 0.00000
3060 0 0 0.00000 0.00000
3061 0 0 0.00000 0.00000
3062 0 0 0.00000 0.00000
3063 0 0 0.00000 0.00000
3064 0 0 0.00000 0.00000
3065 0 0 0.00000 0.00000
3066 0 0 0.00000 0.00000
3067 0 0 0.00000 0.00000
3068 0 0 0.00000 0.00000
3069 0 0 0.00000 0.00000
3070 0 0 0.00000 0.00000
3071 0 0 0.00000 0.00000
3072 0 0 0.00000 0.00000
3073 0 0 0.00000 0.00000
3074 0 0 0.00000 0.00000
3075 0 0 0.00000 0.00000
3076 0 0 0.00000 0.00000
3077 0 0 0.00000 0.00000
3078 0 0 0.00000 0.00000
3079 0 0 0.00000 0.00000
3080 0 0 0.00000 0.00000
3081 0 0 0.00000 0.00000
3082 0 0 0.00000 0.00000
3083 0 0 0.00000 0.00000
3084 0 0 0.00000 0.00000
3085 0 0 0.00000 0.00000
3086 0 0 0.00000 0.00000
3087 1 1 0.85154 0.89345
3088 1 1 0.87349 0.90351
3089 1 1 0.92541 0.93541
3090 1 1 0.92707 0.95557
3091 1 1 0.81647 0.85996
3092 1 1 0.85065 0.87490
3093 1 1 0.86447 0.89590
3094 1 1 0.87226 0.89777
3095 1 1 0.75844 0.80727
3096 1 1 0.80963 0.83200
3097 1 1 0.79425 0.82082
3098 1 1 0.82537 0.85740
3099 1 1 0.79432 0.86514
3100 1 1 0.82901 0.88783
3101 1 1 0.81969 0.85681
3102 1 1 0.83042 0.87252
3103 1 1 0.77297 0.84688
3104 1 1 0.81150 0.84602
3105 1 1 0.79148 0.85235
3106 1 1 0.80667 0.84308
3107 1 1 0.79649 0.85919
3108 1 1 0.82209 0.87346
3109 1 1 0.81229 0.85987
3110 1 1 0.82186 0.85211
3111 1 1 0.86657 0.88596
3112 1 1 0.86934 0.87943
3113 1 1 0.86937 0.88378
3114 1 1 0.86324 0.87525
3115 1 1 0.84319 0.87236
3116 1 1 0.85137 0.86349
3117 1 1 0.86646 0.86460
3118 1 1 0.84644 0.86147
3119 1 1 0.90814 0.92834
3120 1 1 0.92030 0.93041
3121 1 1 0.93122 0.93158
3122 1 1 0.90925 0.91496
3123 1 1 0.76877 0.85288
3124 1 1 0.79296 0.85964
3125 1 1 0.76214 0.81870
3126 1 1 0.78501 0.82531
3127 1 1 0.73300 0.81195
3128 1 1 0.76074 0.84421
3129 1 1 0.74245 0.79023
3130 1 1 0.75903 0.81859
3131 1 1 0.80851 0.88087
3132 1 1 0.82376 0.89158
3133 1 1 0.79551 0.86582
3134 1 1 0.80297 0.86500
3135 1 1 0.80091 0.87268
3136 1 1 0.82605 0.85680
3137 1 1 0.78649 0.84642
3138 1 1 0.79995 0.83540
3139 1 1 0.76603 0.82941
3140 1 1 0.78795 0.86714
3141 1 1 0.75858 0.81208
3142 1 1 0.78961 0.81426
3143 1 1 0.82834 0.88441
3144 1 1 0.83743 0.91950
3145 1 1 0.81744 0.87590
3146 1 1 0.83466 0.88238
3147 1 1 0.78229 0.85035
3148 1 1 0.81722 0.83986
3149 1 1 0.78267 0.83167
3150 1 1 0.80364 0.84346
3151 1 1 0.76085 0.83846
3152 1 1 0.78817 0.84821
3153 1 1 0.75304 0.80583
3154 1 1 0.77772 0.82231
3155 1 1 0.80983 0.89827
3156 1 1 0.83325 0.91172
3157 1 1 0.80068 0.86162
3158 1 1 0.75661 0.84574
3159 0 0 0.00000 0.00000
3160 0 0 0.00000 0.00000
3161 0 0 0.00000 0.00000
3162 0 0 0.00000 0.00000
3163 0 0 0.00000 0.00000
3164 0 0 0.00000 0.00000
3165 0 0 0.00000 0.00000
3166 0 0 0.00000 0.00000
3167 0 0 0.00000 0.00000
3168 1 1 0.79479 0.76639
3169 1 1 0.86367 0.79861
3170 1 1 0.92118 0.88786
3171 1 1 0.92826 0.87660
3172 1 1 0.83848 0.81407
3173 1 1 0.86805 0.82126
3174 1 1 0.89792 0.89783
3175 1 1 0.91240 0.88797
3176 1 1 0.77429 0.78393
3177 1 1 0.83260 0.79794
3178 1 1 0.83355 0.84835
3179 1 1 0.85397 0.84540
3180 1 1 0.77856 0.81413
3181 1 1 0.82342 0.82280
3182 1 1 0.82998 0.86501
3183 1 1 0.83512 0.83314
3184 1 1 0.75980 0.79915
3185 1 1 0.79417 0.79934
3186 1 1 0.80667 0.83231
3187 1 1 0.81088 0.81678
3188 1 1 0.78891 0.84004
3189 1 1 0.81799 0.82433
3190 1 1 0.81415 0.85304
3191 1 1 0.81144 0.85331
3192 1 1 0.85043 0.84631
3193 1 1 0.87050 0.82911
3194 1 1 0.87109 0.87135
3195 1 1 0.86623 0.85142
3196 1 1 0.81243 0.82526
3197 1 1 0.83604 0.82045
3198 1 1 0.85042 0.84961
3199 1 1 0.85326 0.84189
3200 1 1 0.89569 0.89540
3201 1 1 0.90178 0.89073
3202 1 1 0.90776 0.93509
3203 1 1 0.89890 0.90727
3204 1 1 0.82784 0.77562
3205 1 1 0.85832 0.77845
3206 1 1 0.83509 0.79227
3207 1 1 0.84279 0.79296
3208 1 1 0.78272 0.73805
3209 1 1 0.83481 0.75235
3210 1 1 0.81551 0.77367
3211 1 1 0.81746 0.77332
3212 1 1 0.86962 0.81607
3213 1 1 0.88022 0.82331
3214 1 1 0.88744 0.83534
3215 1 1 0.87476 0.82455
3216 1 1 0.78739 0.85716
3217 1 1 0.81825 0.85133
3218 1 1 0.80715 0.85990
3219 1 1 0.81196 0.85048
3220 1 1 0.75579 0.83690
3221 1 1 0.80509 0.83316
3222 1 1 0.77428 0.82351
3223 1 1 0.79110 0.82115
3224 1 1 0.82832 0.91119
3225 1 1 0.85228 0.89784
3226 1 1 0.83617 0.89630
3227 1 1 0.84374 0.87957
3228 1 1 0.82911 0.83726
3229 1 1 0.84864 0.84473
3230 1 1 0.82690 0.84183
3231 1 1 0.82664 0.82816
3232 1 1 0.79244 0.81824
3233 1 1 0.82398 0.82185
3234 1 1 0.79483 0.82649
3235 1 1 0.81755 0.82062
3236 1 1 0.85360 0.90013
3237 1 1 0.88162 0.89669
3238 1 1 0.85792 0.89664
3239 1 1 0.86804 0.87441
3240 0 0 0.00000 0.00000
3241 0 0 0.00000 0.00000
3242 0 0 0.00000 0.00000
3243 0 0 0.00000 0.00000
3244 0 0 0.00000 0.00000
3245 0 0 0.00000 0.00000
3246 0 0 0.00000 0.00000
3247 0 0 0.00000 0.00000
3248 0 0 0.00000 0.00000
3249 0 0 0.00000 0.00000
3250 0 0 0.00000 0.00000
3251 0 0 0.00000 0.00000
3252 0 0 0.00000 0.00000
3253 0 0 0.00000 0.00000
3254 0 0 0.00000 0.00000
3255 0 0 0.00000 0.00000
3256 0 0 0.00000 0.00000
3257 0 0 0.00000 0.00000
3258 0 0 0.00000 0.00000
3259 0 0 0.00000 0.00000
3260 0 0 0.00000 0.00000
3261 0 0 0.00000 0.00000
3262 0 0 0.00000 0.00000
3263 0 0 0.00000 0.00000
3264 0 0 0.00000 0.00000
3265 0 0 0.00000 0.00000
3266 0 0 0.00000 0.00000
3267 0 0 0.00000 0.00000
3268 0 0 0.00000 0.00000
3269 0 0 0.00000 0.00000
3270 0 0 0.00000 0.00000
3271 0 0 0.00000 0.00000
3272 0 0 0.00000 0.00000
3273 0 0 0.00000 0.00000
3274 0 0 0.00000 0.00000
3275 0 0 0.00000 0.00000
3276 0 0 0.00000 0.00000
3277 0 0 0.00000 0.00000
3278 0 0 0.00000 0.00000
3279 0 0 0.00000 0.00000
3280 0 0 0.00000 0.00000
3281 0 0 0.00000 0.00000
3282 0 0 0.00000 0.00000
3283 0 0 0.00000 0.00000
3284 0 0 0.00000 0.00000
3285 0 0 0.00000 0.00000
3286 0 0 0.00000 0.00000
3287 0 0 0.00000 0.00000
3288 0 0 0.00000 0.00000
3289 0 0 0.00000 0.00000
3290 0 0 0.00000 0.00000
3291 0 0 0.00000 0.00000
3292 0 0 0.00000 0.00000
3293 0 0 0.00000 0.00000
3294 0 0 0.00000 0.00000
3295 0 0 0.00000 0.00000
3296 0 0 0.00000 0.00000
3297 0 0 0.00000 0.00000
3298 0 0 0.00000 0.00000
3299 0 0 0.00000 0.00000
3300 0 0 0.00000 0.00000
3301 0 0 0.00000 0.00000
3302 0 0 0.00000 0.00000
3303 0 0 0.00000 0.00000
3304 0 0 0.00000 0.00000
3305 0 0 0.00000 0.00000
3306 0 0 0.00000 0.00000
3307 0 0 0.00000 0.00000
3308 0 0 0.00000 0.00000
3309 0 0 0.00000 0.00000
3310 0 0 0.00000 0.00000
3311 0 0 0.00000 0.00000
3312 0 0 0.00000 0.00000
3313 0 0 0.00000 0.00000
3314 0 0 0.00000 0.00000
3315 0 0 0.00000 0.00000
3316 0 0 0.00000 0.00000
3317 0 0 0.00000 0.00000
3318 0 0 0.00000 0.00000
3319 0 0 0.00000 0.00000
3320 0 0 0.00000 0.00000
3321 0 0 0.00000 0.00000
3322 0 0 0.00000 0.00000
3323 0 0 0.00000 0.00000
3324 0 0 0.00000 0.00000
3325 0 0 0.00000 0.00000
3326 0 0 0.00000 0.00000
3327 0 0 0.00000 0.00000
3328 0 0 0.00000 0.00000
3329 0 0 0.00000 0.00000
3330 0 0 0.00000 0.00000
3331 0 0 0.00000 0.00000
3332 0 0 0.00000 0.00000
3333 0 0 0.00000 0.00000
3334 0 0 0.00000 0.00000
3335 0 0 0.00000 0.00000
3336 0 0 0.00000 0.00000
3337 0 0 0.00000 0.00000
3338 0 0 0.00000 0.00000
3339 0 0 0.00000 0.00000
3340 0 0 0.00000 0.00000
3341 0 0 0.00000 0.00000
3342 0 0 0.00000 0.00000
3343 0 0 0.00000 0.00000
3344 0 0 0.00000 0.00000
3345 0 0 0.00000 0.00000
3346 0 0 0.00000 0.00000
3347 0 0 0.00000 0.00000
3348 0 0 0.00000 0.00000
3349 0 0 0.00000 0.00000
3350 0 0 0.00000 0.00000
3351 0 0 0.00000 0.00000
3352 0 0 0.00000 0.00000
3353 0 0 0.00000 0.00000
3354 0 0 0.00000 0.00000
3355 0 0 0.00000 0.00000
3356 0 0 0.00000 0.00000
3357 0 0 0.00000 0.00000
3358 0 0 0.00000 0.00000
3359 0 0 0.00000 0.00000
3360 0 0 0.00000 0.00000
3361 0 0 0.00000 0.00000
3362 0 0 0.00000 0.00000
3363 0 0 0.00000 0.00000
3364 0 0 0.00000 0.00000
3365 0 0 0.00000 0.00000
3366 0 0 0.00000 0.00000
3367 0 0 0.00000 0.00000
3368 0 0 0.00000 0.00000
3369 0 0 0.00000 0.00000
3370 0 0 0.00000 0.00000
3371 0 0 0.00000 0.00000
3372 0 0 0.00000 0.00000
3373 0 0 0.00000 0.00000
3374 0 0 0.00000 0.00000
3375 0 0 0.00000 0.00000
3376 0 0 0.00000 0.00000
3377 0 0 0.00000 0.00000
3378 0 0 0.00000 0.00000
3379 0 0 0.00000 0.00000
3380 0 0 0.00000 0.00000
3381 0 0 0.00000 0.00000
3382 0 0 0.00000 0.00000
3383 0 0 0.00000 0.00000
3384 0 0 0.00000 0.00000
3385 0 0 0.00000 0.00000
3386 0 0 0.00000 0.00000
3387 0 0 0.00000 0.00000
3388 0 0 0.00000 0.00000
3389 0 0 0.00000 0.00000
3390 0 0 0.00000 0.00000
3391 0 0 0.00000 0.00000
3392 0 0 0.00000 0.00000
3393 0 0 0.00000 0.00000
3394 0 0 0.00000 0.00000
3395 0 0 0.00000 0.00000
3396 0 0 0.00000 0.00000
3397 0 0 0.00000 0.00000
3398 0 0 0.00000 0.00000
3399 0 0 0.00000 0.00000
3400 0 0 0.00000 0.00000
3401 0 0 0.00000 0.00000
3402 0 0 0.00000 0.00000
3403 0 0 0.00000 0.00000
3404 0 0 0.00000 0.00000
3405 0 0 0.00000 0.00000
3406 0 0 0.00000 0.00000
3407 0 0 0.00000 0.00000
3408 0 0 0.00000 0.00000
3409 0 0 0.00000 0.00000
3410 0 0 0.00000 0.00000
3411 0 0 0.00000 0.00000
3412 0 0 0.00000 0.00000
3413 0 0 0.00000 0.00000
3414 0 0 0.00000 0.00000
3415 0 0 0.00000 0.00000
3416 0 0 0.00000 0.00000
3417 0 0 0.00000 0.00000
3418 0 0 0.00000 0.00000
3419 0 0 0.00000 0.00000
3420 0 0 0.00000 0.00000
3421 0 0 0.00000 0.00000
3422 0 0 0.00000 0.00000
3423 0 0 0.00000 0.00000
3424 0 0 0.00000 0.00000
3425 0 0 0.00000 0.00000
3426 0 0 0.00000 0.00000
3427 0 0 0.00000 0.00000
3428 0 0 0.00000 0.00000
3429 0 0 0.00000 0.00000
3430 0 0 0.00000 0.00000
3431 0 0 0.00000 0.00000
3432 0 0 0.00000 0.00000
3433 0 0 0.00000 0.00000
3434 0 0 0.00000 0.00000
3435 0 0 0.00000 0.00000
3436 0 0 0.00000 0.00000
3437 0 0 0.00000 0.00000
3438 0 0 0.00000 0.00000
3439 0 0 0.00000 0.00000
3440 0 0 0.00000 0.00000
3441 0 0 0.00000 0.00000
3442 0 0 0.00000 0.00000
3443 0 0 0.00000 0.00000
3444 0 0 0.00000 0.00000
3445 0 0 0.00000 0.00000
3446 0 0 0.00000 0.00000
3447 0 0 0.00000 0.00000
3448 0 0 0.00000 0.00000
3449 0 0 0.00000 0.00000
3450 0 0 0.00000 0.00000
3451 0 0 0.00000 0.00000
3452 0 0 0.00000 0.00000
3453 0 0 0.00000 0.00000
3454 0 0 0.00000 0.00000
3455 0 0 0.00000 0.00000
3456 0 0 0.00000 0.00000
3457 0 0 0.00000 0.00000
3458 0 0 0.00000 0.00000
3459 0 0 0.00000 0.00000
3460 0 0 0.00000 0.00000
3461 0 0 0.00000 0.00000
3462 0 0 0.00000 0.00000
3463 0 0 0.00000 0.00000
3464 0 0 0.00000 0.00000
3465 0 0 0.00000 0.00000
3466 0 0 0.00000 0.00000
3467 0 0 0.00000 0.00000
3468 0 0 0.00000 0.00000
3469 0 0 0.00000 0.00000
3470 0 0 0.00000 0.00000
3471 0 0 0.00000 0.00000
3472 0 0 0.00000 0.00000
3473 0 0 0.00000 0.00000
3474 0 0 0.00000 0.00000
3475 0 0 0.00000 0.00000
3476 0 0 0.00000 0.00000
3477 0 0 0.00000 0.00000
3478 0 0 0.00000 0.00000
3479 0 0 0.00000 0.00000
3480 0 0 0.00000 0.00000
3481 0 0 0.00000 0.00000
3482 0 0 0.00000 0.00000
3483 0 0 0.00000 0.00000
3484 0 0 0.00000 0.00000
3485 0 0 0.00000 0.00000
3486 0 0 0.00000 0.00000
3487 0 0 0.00000 0.00000
3488 0 0 0.00000 0.00000
3489 0 0 0.00000 0.00000
3490 0 0 0.00000 0.00000
3491 0 0 0.00000 0.00000
3492 0 0 0.00000 0.00000
3493 0 0 0.00000 0.00000
3494 0 0 0.00000 0.00000
3495 0 0 0.00000 0.00000
3496 0 0 0.00000 0.00000
3497 0 0 0.00000 0.00000
3498 0 0 0.00000 0.00000
3499 0 0 0.00000 0.00000
3500 0 0 0.00000 0.00000
3501 0 0 0.00000 0.00000
3502 0 0 0.00000 0.00000
3503 0 0 0.00000 0.00000
3504 0 0 0.00000 0.00000
3505 0 0 0.00000 0.00000
3506 0 0 0.00000 0.00000
3507 0 0 0.00000 0.00000
3508 0 0 0.00000 0.00000
3509 0 0 0.00000 0.00000
3510 0 0 0.00000 0.00000
3511 0 0 0.00000 0.00000
3512 0 0 0.00000 0.00000
3513 0 0 0.00000 0.00000
3514 0 0 0.00000 0.00000
3515 0 0 0.00000 0.00000
3516 0 0 0.00000 0.00000
3517 0 0 0.00000 0.00000
3518 0 0 0.00000 0.00000
3519 0 0 0.00000 0.00000
3520 0 0 0.00000 0.00000
3521 0 0 0.00000 0.00000
3522 0 0 0.00000 0.00000
3523 0 0 0.00000 0.00000
3524 0 0 0.00000 0.00000
3525 0 0 0.00000 0.00000
3526 0 0 0.00000 0.00000
3527 0 0 0.00000 0.00000
3528 0 0 0.00000 0.00000
3529 0 0 0.00000 0.00000
3530 0 0 0.00000 0.00000
3531 0 0 0.00000 0.00000
3532 0 0 0.00000 0.00000
3533 0 0 0.00000 0.00000
3534 0 0 0.00000 0.00000
3535 0 0 0.00000 0.00000
3536 0 0 0.00000 0.00000
3537 0 0 0.00000 0.00000
3538 0 0 0.00000 0.00000
3539 0 0 0.00000 0.00000
3540 0 0 0.00000 0.00000
3541 0 0 0.00000 0.00000
3542 0 0 0.00000 0.00000
3543 0 0 0.00000 0.00000
3544 0 0 0.00000 0.00000
3545 0 0 0.00000 0.00000
3546 0 0 0.00000 0.00000
3547 0 0 0.00000 0.00000
3548 0 0 0.00000 0.00000
3549 0 0 0.00000 0.00000
3550 0 0 0.00000 0.00000
3551 0 0 0.00000 0.00000
3552 0 0 0.00000 0.00000
3553 0 0 0.00000 0.00000
3554 0 0 0.00000 0.00000
3555 0 0 0.00000 0.00000
3556 0 0 0.00000 0.00000
3557 0 0 0.00000 0.00000
3558 0 0 0.00000 0.00000
3559 0 0 0.00000 0.00000
3560 0 0 0.00000 0.00000
3561 0 0 0.00000 0.00000
3562 0 0 0.00000 0.00000
3563 0 0 0.00000 0.00000
3564 0 0 0.00000 0.00000
