1 1 1  0.926 0.982
2 1 1  0.918 0.955
3 1 1  0.998 0.993
4 1 1  0.987 0.913
5 1 1  0.95 0.956
6 1 1  0.984 0.925
7 1 1  0.981 0.992
8 1 1  0.927 0.913
9 1 1  0.963 0.972
10 1 1  0.937 0.971
11 1 1  0.974 0.985
12 1 1  0.93 0.996
13 0 0 0.0 0.0
14 0 0 0.0 0.0
15 0 0 0.0 0.0
16 0 0 0.0 0.0
17 0 0 0.0 0.0
18 0 0 0.0 0.0
19 0 0 0.0 0.0
20 0 0 0.0 0.0
21 0 0 0.0 0.0
22 0 0 0.0 0.0
23 0 0 0.0 0.0
24 0 0 0.0 0.0
25 0 0 0.0 0.0
26 0 0 0.0 0.0
27 0 0 0.0 0.0
28 0 0 0.0 0.0
29 0 0 0.0 0.0
30 0 0 0.0 0.0
31 0 0 0.0 0.0
32 0 0 0.0 0.0
33 0 0 0.0 0.0
34 0 0 0.0 0.0
35 0 0 0.0 0.0
36 0 0 0.0 0.0
37 0 0 0.0 0.0
38 0 0 0.0 0.0
39 0 0 0.0 0.0
40 0 0 0.0 0.0
41 0 0 0.0 0.0
42 0 0 0.0 0.0
43 0 0 0.0 0.0
44 0 0 0.0 0.0
45 0 0 0.0 0.0
46 0 0 0.0 0.0
47 0 0 0.0 0.0
48 0 0 0.0 0.0
49 0 0 0.0 0.0
50 0 0 0.0 0.0
51 0 0 0.0 0.0
52 0 0 0.0 0.0
53 0 0 0.0 0.0
54 0 0 0.0 0.0
55 0 0 0.0 0.0
56 0 0 0.0 0.0
57 0 0 0.0 0.0
58 0 0 0.0 0.0
59 0 0 0.0 0.0
60 1 1  0.995 0.936
61 1 1  0.916 0.949
62 1 1  0.944 0.946
63 1 1  0.981 0.99
64 1 1  0.997 0.958
65 1 1  0.975 0.93
66 1 1  0.978 0.952
67 1 1  0.907 0.961
68 1 1  0.926 0.936
69 1 1  0.984 0.998
70 1 1  0.925 0.996
71 1 1  0.926 0.974
72 1 1  0.96 0.98
73 1 1  0.96 0.94
74 1 1  0.984 0.978
75 1 1  0.901 0.911
76 1 1  0.953 0.968
77 1 1  0.925 0.989
78 1 1  0.985 0.983
79 1 1  0.94 0.935
80 1 1  0.994 0.985
81 1 1  0.913 0.932
82 1 1  0.98 0.962
83 1 1  1 0.975
84 1 1  0.954 0.971
85 1 1  0.901 0.992
86 1 1  0.944 0.95
87 1 1  0.901 0.94
88 1 1  0.929 0.984
89 1 1  0.9 0.946
90 1 1  0.943 0.998
91 1 1  0.937 0.907
92 1 1  0.902 0.967
93 1 1  0.95 0.934
94 1 1  0.933 0.903
95 1 1  0.948 0.934
96 1 1  0.901 0.949
97 1 1  0.911 0.98
98 1 1  0.992 0.952
99 1 1  0.999 0.986
100 1 1  0.912 0.941
101 1 1  0.922 0.928
102 1 1  0.993 0.932
103 1 1  0.965 0.996
104 1 1  0.974 0.904
105 1 1  0.997 0.952
106 1 1  0.982 0.96
107 1 1  0.931 0.968
108 1 1  0.971 0.985
109 1 1  0.959 0.905
110 1 1  0.998 0.934
111 1 1  0.946 0.926
112 1 1  0.901 0.966
113 1 1  0.934 0.924
114 1 1  0.98 0.916
115 1 1  0.997 0.94
116 1 1  0.978 0.964
117 1 1  0.972 0.976
118 1 1  0.923 0.995
119 1 1  0.99 0.901
120 1 1  0.996 0.975
121 1 1  0.944 0.946
122 1 1  0.979 0.988
123 1 1  0.947 0.921
124 1 1  0.971 0.955
125 1 1  0.953 0.983
126 1 1  0.937 0.981
127 1 1  0.973 0.966
128 1 1  0.94 0.976
129 1 1  0.939 0.956
130 1 1  0.996 0.919
131 1 1  0.934 0.972
132 0 0 0.0 0.0
133 0 0 0.0 0.0
134 0 0 0.0 0.0
135 0 0 0.0 0.0
136 0 0 0.0 0.0
137 0 0 0.0 0.0
138 0 0 0.0 0.0
139 0 0 0.0 0.0
140 1 1  0.967 0.905
141 1 1  0.982 0.994
142 1 1  0.947 0.988
143 1 1  0.955 0.988
144 1 1  0.999 0.989
145 1 1  0.928 1
146 1 1  0.905 0.96
147 1 1  0.939 0.948
148 1 1  0.976 0.951
149 1 1  0.978 0.98
150 1 1  0.96 0.992
151 1 1  0.957 0.955
152 1 1  0.975 0.925
153 1 1  0.943 0.909
154 1 1  0.956 0.984
155 1 1  0.951 0.958
156 1 1  0.946 0.976
157 1 1  0.934 0.936
158 1 1  0.995 0.965
159 1 1  0.976 0.929
160 1 1  0.972 0.904
161 1 1  0.935 0.996
162 1 1  0.933 0.934
163 1 1  0.947 0.974
164 1 1  0.969 0.915
165 1 1  0.904 0.987
166 1 1  0.918 0.994
167 1 1  0.977 0.947
168 1 1  0.993 0.907
169 1 1  0.977 0.916
170 1 1  0.99 0.951
171 1 1  0.929 0.941
172 1 1  0.922 0.901
173 1 1  0.974 0.937
174 1 1  0.929 0.958
175 1 1  0.908 0.981
176 1 1  0.948 0.932
177 1 1  0.943 0.932
178 1 1  0.932 0.938
179 1 1  0.966 0.937
180 1 1  0.971 0.963
181 1 1  0.978 1
182 1 1  0.961 0.912
183 1 1  0.905 0.934
184 1 1  0.902 0.991
185 1 1  0.902 0.958
186 1 1  0.974 0.906
187 1 1  0.99 0.934
188 1 1  0.904 0.96
189 1 1  0.906 0.976
190 1 1  0.944 0.931
191 1 1  0.918 0.908
192 1 1  0.928 0.902
193 1 1  0.977 0.999
194 1 1  0.936 0.948
195 1 1  0.994 0.917
196 1 1  0.937 0.969
197 1 1  0.955 0.913
198 1 1  0.973 0.958
199 1 1  0.919 0.999
200 1 1  0.902 0.924
201 1 1  0.917 0.975
202 1 1  0.93 0.998
203 1 1  0.987 0.993
204 1 1  0.939 0.908
205 1 1  0.963 0.909
206 1 1  0.94 0.91
207 1 1  0.94 0.971
208 1 1  0.998 0.995
209 1 1  0.949 0.937
210 1 1  0.978 0.927
211 1 1  0.95 0.959
212 0 0 0.0 0.0
213 0 0 0.0 0.0
214 0 0 0.0 0.0
215 0 0 0.0 0.0
216 0 0 0.0 0.0
217 0 0 0.0 0.0
218 0 0 0.0 0.0
219 0 0 0.0 0.0
220 0 0 0.0 0.0
221 0 0 0.0 0.0
222 0 0 0.0 0.0
223 0 0 0.0 0.0
224 0 0 0.0 0.0
225 0 0 0.0 0.0
226 0 0 0.0 0.0
227 0 0 0.0 0.0
228 0 0 0.0 0.0
229 0 0 0.0 0.0
230 0 0 0.0 0.0
231 0 0 0.0 0.0
232 0 0 0.0 0.0
233 0 0 0.0 0.0
234 0 0 0.0 0.0
235 0 0 0.0 0.0
236 0 0 0.0 0.0
237 0 0 0.0 0.0
238 0 0 0.0 0.0
239 0 0 0.0 0.0
240 0 0 0.0 0.0
241 0 0 0.0 0.0
242 0 0 0.0 0.0
243 0 0 0.0 0.0
244 0 0 0.0 0.0
245 0 0 0.0 0.0
246 0 0 0.0 0.0
247 1 1  0.935 0.917
248 1 1  0.903 0.998
249 1 1  0.98 0.995
250 1 1  0.991 0.951
251 1 1  0.931 0.902
252 1 1  0.927 0.964
253 1 1  0.91 0.915
254 1 1  0.954 0.969
255 1 1  0.927 0.966
256 1 1  0.945 0.981
257 1 1  0.968 0.982
258 1 1  0.903 0.905
259 1 1  0.901 0.957
260 1 1  0.968 0.964
261 1 1  0.912 0.955
262 1 1  0.972 0.954
263 1 1  0.994 0.932
264 1 1  0.984 0.943
265 1 1  0.938 0.979
266 1 1  0.956 0.934
267 1 1  0.979 0.917
268 1 1  0.991 0.941
269 1 1  0.943 0.947
270 1 1  0.95 0.936
271 1 1  0.91 0.992
272 1 1  0.938 0.909
273 1 1  0.952 0.974
274 1 1  0.93 0.956
275 1 1  0.999 0.988
276 1 1  0.927 0.979
277 1 1  0.901 0.917
278 1 1  0.985 0.906
279 1 1  0.933 0.99
280 1 1  0.906 0.986
281 1 1  0.99 0.973
282 1 1  0.944 0.904
283 1 1  0.989 0.989
284 1 1  0.949 0.983
285 1 1  0.966 0.921
286 1 1  0.955 0.989
287 1 1  0.93 0.923
288 1 1  0.906 0.947
289 1 1  0.989 0.906
290 1 1  0.915 0.907
291 1 1  0.905 0.9
292 1 1  0.964 0.943
293 1 1  0.983 0.981
294 1 1  0.951 0.972
295 1 1  0.956 0.995
296 1 1  0.958 0.904
297 1 1  0.902 0.936
298 1 1  0.902 0.992
299 1 1  0.917 0.96
300 1 1  0.921 0.948
301 1 1  0.93 0.905
302 1 1  0.964 0.923
303 1 1  0.972 0.993
304 1 1  0.96 0.917
305 1 1  0.916 0.92
306 1 1  0.978 0.969
307 1 1  0.985 0.957
308 1 1  0.996 0.931
309 1 1  0.915 0.939
310 1 1  0.983 0.971
311 1 1  0.929 0.933
312 1 1  0.908 0.992
313 1 1  0.973 0.99
314 1 1  0.979 0.934
315 1 1  0.986 0.967
316 1 1  0.977 0.962
317 1 1  0.974 0.998
318 1 1  0.937 0.981
319 0 0 0.0 0.0
320 0 0 0.0 0.0
321 0 0 0.0 0.0
322 0 0 0.0 0.0
323 0 0 0.0 0.0
324 0 0 0.0 0.0
325 0 0 0.0 0.0
326 0 0 0.0 0.0
327 1 1  0.975 0.926
328 1 1  1 0.921
329 1 1  0.962 0.98
330 1 1  0.987 0.955
331 1 1  0.944 0.985
332 1 1  0.933 0.965
333 1 1  0.984 0.934
334 1 1  0.949 0.98
335 1 1  0.934 0.909
336 1 1  0.99 0.906
337 1 1  0.916 0.962
338 1 1  0.99 0.978
339 1 1  0.998 0.998
340 1 1  0.988 0.991
341 1 1  0.981 0.985
342 1 1  0.938 0.985
343 1 1  0.917 0.906
344 1 1  0.931 0.927
345 1 1  0.968 0.949
346 1 1  0.966 0.917
347 1 1  0.979 0.961
348 1 1  0.966 0.913
349 1 1  0.901 0.952
350 1 1  0.933 0.987
351 1 1  0.991 0.947
352 1 1  0.955 0.991
353 1 1  0.923 0.993
354 1 1  0.957 0.964
355 1 1  0.929 0.91
356 1 1  0.951 0.977
357 1 1  0.908 0.969
358 1 1  0.937 0.93
359 1 1  0.983 0.918
360 1 1  0.957 0.93
361 1 1  0.985 0.948
362 1 1  0.964 0.976
363 1 1  0.915 0.975
364 1 1  0.921 0.972
365 1 1  0.966 0.993
366 1 1  0.99 0.941
367 1 1  0.955 0.973
368 1 1  0.902 0.975
369 1 1  0.998 0.935
370 1 1  0.924 0.988
371 1 1  0.901 0.934
372 1 1  0.986 0.959
373 1 1  0.984 0.986
374 1 1  0.999 0.967
375 1 1  0.998 0.969
376 1 1  0.947 0.984
377 1 1  0.946 0.973
378 1 1  0.916 0.908
379 1 1  0.908 0.965
380 1 1  0.903 0.921
381 1 1  0.91 0.922
382 1 1  0.959 0.956
383 1 1  1 0.971
384 1 1  0.982 0.943
385 1 1  0.963 0.91
386 1 1  0.945 0.928
387 1 1  0.925 0.943
388 1 1  0.908 0.965
389 1 1  0.995 0.984
390 1 1  0.939 0.949
391 1 1  0.942 0.977
392 1 1  0.981 0.918
393 1 1  0.91 0.91
394 1 1  0.961 0.92
395 1 1  0.925 0.93
396 1 1  0.904 0.95
397 1 1  0.909 0.987
398 1 1  0.964 0.907
399 0 0 0.0 0.0
400 0 0 0.0 0.0
401 0 0 0.0 0.0
402 0 0 0.0 0.0
403 0 0 0.0 0.0
404 0 0 0.0 0.0
405 0 0 0.0 0.0
406 0 0 0.0 0.0
407 0 0 0.0 0.0
408 0 0 0.0 0.0
409 0 0 0.0 0.0
410 0 0 0.0 0.0
411 0 0 0.0 0.0
412 0 0 0.0 0.0
413 0 0 0.0 0.0
414 0 0 0.0 0.0
415 0 0 0.0 0.0
416 0 0 0.0 0.0
417 0 0 0.0 0.0
418 0 0 0.0 0.0
419 0 0 0.0 0.0
420 0 0 0.0 0.0
421 0 0 0.0 0.0
422 0 0 0.0 0.0
423 0 0 0.0 0.0
424 0 0 0.0 0.0
425 0 0 0.0 0.0
426 0 0 0.0 0.0
427 0 0 0.0 0.0
428 0 0 0.0 0.0
429 0 0 0.0 0.0
430 0 0 0.0 0.0
431 0 0 0.0 0.0
432 0 0 0.0 0.0
433 0 0 0.0 0.0
434 1 1  0.961 0.913
435 1 1  0.98 0.986
436 1 1  0.949 0.955
437 1 1  0.948 0.953
438 1 1  0.918 0.91
439 1 1  0.98 0.973
440 1 1  0.93 0.984
441 1 1  0.956 0.96
442 1 1  0.939 0.945
443 1 1  0.962 0.916
444 1 1  0.991 0.901
445 1 1  0.951 0.99
446 1 1  0.907 0.918
447 1 1  0.987 0.966
448 1 1  0.977 0.914
449 1 1  0.98 0.988
450 1 1  0.965 0.966
451 1 1  0.968 0.924
452 1 1  0.948 0.936
453 1 1  0.976 0.908
454 1 1  0.997 0.923
455 1 1  0.935 0.961
456 1 1  0.919 0.913
457 1 1  0.94 0.916
458 1 1  0.917 0.999
459 1 1  0.913 0.981
460 1 1  0.948 0.905
461 1 1  0.923 0.993
462 1 1  0.993 0.987
463 1 1  0.952 0.969
464 1 1  0.931 0.982
465 1 1  0.983 0.953
466 1 1  0.926 0.971
467 1 1  0.936 0.901
468 1 1  0.956 0.936
469 1 1  0.999 0.967
470 1 1  0.953 0.992
471 1 1  0.971 0.917
472 1 1  0.927 0.913
473 1 1  0.957 0.939
474 1 1  0.948 0.909
475 1 1  0.943 0.969
476 1 1  0.962 0.922
477 1 1  0.954 0.987
478 1 1  0.933 0.942
479 1 1  0.969 0.907
480 1 1  0.932 0.967
481 1 1  0.969 0.931
482 1 1  0.925 0.9
483 1 1  0.996 0.961
484 1 1  0.976 0.92
485 1 1  0.905 0.969
486 1 1  0.989 0.922
487 1 1  0.932 0.932
488 1 1  0.938 0.924
489 1 1  0.905 0.909
490 1 1  0.959 0.981
491 1 1  0.989 1
492 1 1  0.982 0.996
493 1 1  0.985 0.992
494 1 1  0.965 0.947
495 1 1  0.989 0.909
496 1 1  0.998 0.966
497 1 1  0.948 0.912
498 1 1  0.96 0.986
499 1 1  0.965 0.997
500 1 1  0.907 0.981
501 1 1  0.966 0.924
502 1 1  0.941 0.958
503 1 1  0.951 0.972
504 1 1  0.906 0.947
505 1 1  0.95 0.992
506 0 0 0.0 0.0
507 0 0 0.0 0.0
508 0 0 0.0 0.0
509 0 0 0.0 0.0
510 0 0 0.0 0.0
511 0 0 0.0 0.0
512 0 0 0.0 0.0
513 0 0 0.0 0.0
514 1 1  0.921 0.927
515 1 1  0.933 0.942
516 1 1  0.945 0.992
517 1 1  0.925 0.928
518 1 1  0.972 0.911
519 1 1  0.931 0.984
520 1 1  0.903 0.989
521 1 1  0.915 0.911
522 1 1  0.966 0.93
523 1 1  0.916 0.97
524 1 1  1 0.947
525 1 1  0.974 0.993
526 1 1  0.975 0.915
527 1 1  0.974 0.91
528 1 1  0.985 0.971
529 1 1  0.929 0.939
530 1 1  0.913 0.907
531 1 1  0.998 0.975
532 1 1  0.976 0.951
533 1 1  0.929 0.939
534 1 1  0.918 0.955
535 1 1  0.947 0.903
536 1 1  0.932 0.934
537 1 1  0.998 0.908
538 1 1  0.922 0.981
539 1 1  0.91 0.91
540 1 1  0.995 0.977
541 1 1  0.956 0.95
542 1 1  0.953 0.975
543 1 1  0.962 0.953
544 1 1  0.932 0.988
545 1 1  0.939 0.961
546 1 1  0.956 0.947
547 1 1  0.909 0.922
548 1 1  0.959 0.916
549 1 1  0.945 0.985
550 1 1  0.949 0.942
551 1 1  0.95 0.953
552 1 1  0.932 0.933
553 1 1  0.977 0.96
554 1 1  0.922 0.991
555 1 1  1 0.986
556 1 1  0.932 0.923
557 1 1  0.965 0.911
558 1 1  0.975 0.962
559 1 1  0.963 0.925
560 1 1  0.984 0.974
561 1 1  0.993 0.984
562 1 1  0.93 0.933
563 1 1  0.943 0.963
564 1 1  0.983 0.933
565 1 1  0.946 0.915
566 1 1  0.976 0.992
567 1 1  0.933 0.965
568 1 1  0.92 0.97
569 1 1  0.979 0.991
570 1 1  0.928 0.945
571 1 1  0.913 0.959
572 1 1  0.933 0.972
573 1 1  0.944 0.942
574 1 1  0.903 0.991
575 1 1  0.959 0.942
576 1 1  0.914 0.95
577 1 1  0.949 0.97
578 1 1  0.959 0.98
579 1 1  0.941 0.917
580 1 1  0.967 0.933
581 1 1  0.93 0.909
582 1 1  0.935 0.972
583 1 1  0.951 0.921
584 1 1  0.98 0.982
585 1 1  0.949 0.954
586 0 0 0.0 0.0
587 0 0 0.0 0.0
588 0 0 0.0 0.0
589 0 0 0.0 0.0
590 0 0 0.0 0.0
591 0 0 0.0 0.0
592 0 0 0.0 0.0
593 0 0 0.0 0.0
594 0 0 0.0 0.0
595 0 0 0.0 0.0
596 0 0 0.0 0.0
597 0 0 0.0 0.0
598 0 0 0.0 0.0
599 0 0 0.0 0.0
600 0 0 0.0 0.0
601 0 0 0.0 0.0
602 0 0 0.0 0.0
603 0 0 0.0 0.0
604 0 0 0.0 0.0
605 0 0 0.0 0.0
606 0 0 0.0 0.0
607 0 0 0.0 0.0
608 0 0 0.0 0.0
609 0 0 0.0 0.0
610 0 0 0.0 0.0
611 0 0 0.0 0.0
612 0 0 0.0 0.0
613 0 0 0.0 0.0
614 0 0 0.0 0.0
615 0 0 0.0 0.0
616 0 0 0.0 0.0
617 0 0 0.0 0.0
618 0 0 0.0 0.0
619 0 0 0.0 0.0
620 0 0 0.0 0.0
621 1 1  0.992 0.973
622 1 1  0.903 0.999
623 1 1  0.96 0.958
624 1 1  0.965 0.942
625 1 1  0.953 0.993
626 1 1  0.994 0.944
627 1 1  0.957 0.911
628 1 1  0.926 0.924
629 1 1  0.975 0.971
630 1 1  0.902 0.906
631 1 1  0.955 0.979
632 1 1  0.996 0.997
633 1 1  0.913 0.952
634 1 1  0.983 0.929
635 1 1  0.925 0.93
636 1 1  0.997 0.973
637 1 1  0.961 0.921
638 1 1  0.982 0.987
639 1 1  0.957 0.959
640 1 1  0.941 0.998
641 1 1  0.963 0.915
642 1 1  0.967 0.922
643 1 1  0.914 0.941
644 1 1  0.98 0.964
645 1 1  0.956 0.982
646 1 1  0.951 0.988
647 1 1  0.988 0.901
648 1 1  0.995 0.958
649 1 1  0.961 0.949
650 1 1  0.969 0.98
651 1 1  0.94 0.941
652 1 1  0.917 0.949
653 1 1  0.946 0.913
654 1 1  0.925 0.988
655 1 1  0.951 0.954
656 1 1  0.921 0.921
657 1 1  0.938 0.993
658 1 1  0.911 0.902
659 1 1  0.932 0.994
660 1 1  0.965 0.977
661 1 1  0.937 0.971
662 1 1  0.982 0.971
663 1 1  0.953 0.989
664 1 1  0.962 0.986
665 1 1  0.968 0.932
666 1 1  0.921 0.979
667 1 1  0.995 0.933
668 1 1  0.981 0.96
669 1 1  0.979 0.983
670 1 1  0.947 0.995
671 1 1  0.942 0.968
672 1 1  0.947 0.951
673 1 1  0.969 0.903
674 1 1  0.94 0.913
675 1 1  0.955 0.951
676 1 1  0.968 0.941
677 1 1  0.901 0.945
678 1 1  0.974 0.991
679 1 1  0.903 0.98
680 1 1  0.911 0.938
681 1 1  0.924 0.913
682 1 1  0.909 0.943
683 1 1  0.941 0.912
684 1 1  0.916 0.912
685 1 1  0.932 0.976
686 1 1  0.964 0.956
687 1 1  0.962 0.985
688 1 1  0.902 0.94
689 1 1  0.927 0.985
690 1 1  0.969 0.935
691 1 1  0.954 0.958
692 1 1  0.912 0.93
693 0 0 0.0 0.0
694 0 0 0.0 0.0
695 0 0 0.0 0.0
696 0 0 0.0 0.0
697 0 0 0.0 0.0
698 0 0 0.0 0.0
699 0 0 0.0 0.0
700 0 0 0.0 0.0
701 1 1  0.937 0.908
702 1 1  0.984 0.982
703 1 1  0.955 0.906
704 1 1  0.916 0.95
705 1 1  0.948 0.91
706 1 1  0.923 0.988
707 1 1  0.971 0.939
708 1 1  0.941 0.988
709 1 1  0.925 0.932
710 1 1  0.918 0.972
711 1 1  0.907 0.94
712 1 1  0.915 0.909
713 1 1  0.931 0.941
714 1 1  0.92 0.905
715 1 1  0.931 0.931
716 1 1  0.946 0.987
717 1 1  0.984 0.975
718 1 1  0.916 0.903
719 1 1  0.965 0.92
720 1 1  0.963 0.935
721 1 1  0.996 0.981
722 1 1  0.907 0.975
723 1 1  0.964 0.983
724 1 1  0.994 0.955
725 1 1  0.991 0.939
726 1 1  0.983 0.966
727 1 1  0.95 0.984
728 1 1  0.957 0.979
729 1 1  0.993 0.914
730 1 1  0.99 0.918
731 1 1  0.996 0.944
732 1 1  0.996 0.976
733 1 1  0.938 0.966
734 1 1  0.961 0.954
735 1 1  0.968 0.904
736 1 1  0.975 0.952
737 1 1  0.943 0.937
738 1 1  0.972 0.948
739 1 1  0.999 0.935
740 1 1  0.926 0.957
741 1 1  0.937 0.968
742 1 1  0.947 0.935
743 1 1  0.924 0.921
744 1 1  0.906 0.982
745 1 1  0.94 0.931
746 1 1  0.901 0.991
747 1 1  0.919 0.984
748 1 1  0.903 0.91
749 1 1  0.944 0.978
750 1 1  0.914 0.961
751 1 1  0.909 0.94
752 1 1  0.914 0.949
753 1 1  0.938 0.93
754 1 1  0.984 0.929
755 1 1  0.946 0.912
756 1 1  0.969 0.974
757 1 1  0.962 0.975
758 1 1  0.964 0.971
759 1 1  0.983 0.927
760 1 1  0.978 0.94
761 1 1  0.9 0.934
762 1 1  0.924 1
763 1 1  0.963 0.987
764 1 1  0.929 0.948
765 1 1  0.956 0.923
766 1 1  0.973 0.931
767 1 1  0.933 0.97
768 1 1  0.959 0.986
769 1 1  0.935 0.915
770 1 1  0.92 0.907
771 1 1  0.935 0.921
772 1 1  0.986 0.964
773 0 0 0.0 0.0
774 0 0 0.0 0.0
775 0 0 0.0 0.0
776 0 0 0.0 0.0
777 0 0 0.0 0.0
778 0 0 0.0 0.0
779 0 0 0.0 0.0
780 0 0 0.0 0.0
781 0 0 0.0 0.0
782 0 0 0.0 0.0
783 0 0 0.0 0.0
784 0 0 0.0 0.0
785 0 0 0.0 0.0
786 0 0 0.0 0.0
787 0 0 0.0 0.0
788 0 0 0.0 0.0
789 0 0 0.0 0.0
790 0 0 0.0 0.0
791 0 0 0.0 0.0
792 0 0 0.0 0.0
793 0 0 0.0 0.0
794 0 0 0.0 0.0
795 0 0 0.0 0.0
796 0 0 0.0 0.0
797 0 0 0.0 0.0
798 0 0 0.0 0.0
799 0 0 0.0 0.0
800 0 0 0.0 0.0
801 0 0 0.0 0.0
802 0 0 0.0 0.0
803 0 0 0.0 0.0
804 0 0 0.0 0.0
805 0 0 0.0 0.0
806 0 0 0.0 0.0
807 0 0 0.0 0.0
808 0 0 0.0 0.0
809 0 0 0.0 0.0
810 0 0 0.0 0.0
811 0 0 0.0 0.0
812 0 0 0.0 0.0
813 0 0 0.0 0.0
814 0 0 0.0 0.0
815 0 0 0.0 0.0
816 0 0 0.0 0.0
817 0 0 0.0 0.0
818 0 0 0.0 0.0
819 0 0 0.0 0.0
820 0 0 0.0 0.0
821 0 0 0.0 0.0
822 0 0 0.0 0.0
823 0 0 0.0 0.0
824 0 0 0.0 0.0
825 0 0 0.0 0.0
826 0 0 0.0 0.0
827 0 0 0.0 0.0
828 0 0 0.0 0.0
829 0 0 0.0 0.0
830 0 0 0.0 0.0
831 0 0 0.0 0.0
832 0 0 0.0 0.0
833 0 0 0.0 0.0
834 0 0 0.0 0.0
835 0 0 0.0 0.0
836 0 0 0.0 0.0
837 0 0 0.0 0.0
838 0 0 0.0 0.0
839 0 0 0.0 0.0
840 0 0 0.0 0.0
841 0 0 0.0 0.0
842 0 0 0.0 0.0
843 0 0 0.0 0.0
844 0 0 0.0 0.0
845 0 0 0.0 0.0
846 0 0 0.0 0.0
847 1 1  0.958 0.983
848 1 1  0.986 0.959
849 1 1  0.932 0.939
850 1 1  0.952 0.923
851 1 1  0.982 0.974
852 1 1  0.98 0.904
853 1 1  0.983 0.945
854 1 1  0.941 0.975
855 1 1  0.976 0.948
856 1 1  0.996 0.994
857 1 1  0.962 0.916
858 1 1  0.959 0.927
859 1 1  0.902 0.985
860 1 1  0.909 0.983
861 1 1  0.993 0.912
862 1 1  0.987 0.977
863 1 1  0.991 0.939
864 1 1  0.968 0.951
865 1 1  0.945 0.918
866 1 1  0.952 0.982
867 1 1  0.909 0.99
868 1 1  0.909 0.932
869 1 1  0.907 0.993
870 1 1  0.968 0.951
871 1 1  0.967 0.931
872 1 1  0.953 0.913
873 1 1  0.939 0.989
874 1 1  0.956 0.912
875 1 1  0.902 0.986
876 1 1  0.944 0.904
877 1 1  0.96 0.994
878 1 1  0.929 0.941
879 1 1  0.943 0.943
880 1 1  0.947 0.914
881 1 1  0.941 0.993
882 1 1  0.915 0.956
883 1 1  0.945 0.956
884 1 1  0.924 0.951
885 1 1  0.989 0.965
886 1 1  0.936 0.939
887 1 1  0.94 0.946
888 1 1  0.938 0.962
889 1 1  0.951 0.964
890 1 1  0.989 0.901
891 1 1  0.947 0.9
892 1 1  0.961 0.968
893 1 1  0.985 0.934
894 1 1  0.984 0.925
895 1 1  0.944 0.953
896 1 1  0.998 0.949
897 1 1  0.95 0.971
898 1 1  0.928 0.955
899 1 1  0.985 0.905
900 1 1  0.931 0.908
901 1 1  0.935 0.929
902 1 1  0.974 0.902
903 1 1  0.917 0.908
904 1 1  0.964 0.997
905 1 1  0.929 0.931
906 1 1  0.973 0.992
907 1 1  0.933 0.912
908 1 1  0.91 0.901
909 1 1  0.986 0.929
910 1 1  0.984 0.983
911 1 1  0.97 0.968
912 1 1  0.962 0.997
913 1 1  0.944 0.934
914 1 1  0.943 0.917
915 1 1  0.927 0.93
916 1 1  0.928 0.946
917 1 1  0.91 0.998
918 1 1  0.999 0.983
919 0 0 0.0 0.0
920 0 0 0.0 0.0
921 0 0 0.0 0.0
922 0 0 0.0 0.0
923 0 0 0.0 0.0
924 0 0 0.0 0.0
925 0 0 0.0 0.0
926 0 0 0.0 0.0
927 0 0 0.0 0.0
928 0 0 0.0 0.0
929 0 0 0.0 0.0
930 0 0 0.0 0.0
931 0 0 0.0 0.0
932 0 0 0.0 0.0
933 0 0 0.0 0.0
934 0 0 0.0 0.0
935 0 0 0.0 0.0
936 0 0 0.0 0.0
937 0 0 0.0 0.0
938 0 0 0.0 0.0
939 0 0 0.0 0.0
940 0 0 0.0 0.0
941 0 0 0.0 0.0
942 0 0 0.0 0.0
943 0 0 0.0 0.0
944 0 0 0.0 0.0
945 0 0 0.0 0.0
946 0 0 0.0 0.0
947 0 0 0.0 0.0
948 0 0 0.0 0.0
949 0 0 0.0 0.0
950 0 0 0.0 0.0
951 0 0 0.0 0.0
952 0 0 0.0 0.0
953 0 0 0.0 0.0
954 1 1  0.97 0.989
955 1 1  0.926 0.984
956 1 1  0.915 0.926
957 1 1  0.947 0.918
958 1 1  0.944 0.943
959 1 1  0.983 0.91
960 1 1  0.993 0.951
961 1 1  0.944 0.961
962 1 1  0.915 0.985
963 1 1  0.954 0.903
964 1 1  0.948 0.997
965 1 1  0.97 0.938
966 1 1  0.913 0.96
967 1 1  0.98 0.996
968 1 1  0.915 0.908
969 1 1  0.972 0.956
970 1 1  0.933 0.914
971 1 1  0.953 0.911
972 1 1  0.912 0.93
973 1 1  0.903 0.919
974 1 1  0.935 0.963
975 1 1  0.93 0.918
976 1 1  0.964 0.969
977 1 1  0.955 0.989
978 1 1  0.949 0.925
979 1 1  0.939 0.97
980 1 1  0.926 0.953
981 1 1  0.935 0.983
982 1 1  0.949 0.903
983 1 1  0.969 0.945
984 1 1  0.939 0.984
985 1 1  0.933 0.95
986 1 1  0.987 0.93
987 1 1  0.914 0.976
988 1 1  0.908 0.951
989 1 1  0.989 0.98
990 1 1  0.989 0.981
991 1 1  0.943 0.959
992 1 1  0.978 0.945
993 1 1  0.958 0.946
994 1 1  0.934 0.943
995 1 1  0.993 0.98
996 1 1  0.938 0.986
997 1 1  0.924 0.966
998 1 1  0.9 0.981
999 1 1  0.913 0.975
1000 1 1  0.989 0.968
1001 1 1  0.907 0.95
1002 1 1  0.929 0.944
1003 1 1  0.92 0.944
1004 1 1  0.971 0.973
1005 1 1  0.981 0.958
1006 1 1  0.945 0.901
1007 1 1  0.92 0.968
1008 1 1  0.998 0.905
1009 1 1  0.985 0.994
1010 1 1  0.932 0.905
1011 1 1  0.927 0.99
1012 1 1  0.975 0.962
1013 1 1  0.995 0.909
1014 1 1  0.959 0.919
1015 1 1  0.972 0.981
1016 1 1  0.995 0.933
1017 1 1  0.991 0.975
1018 1 1  0.904 0.946
1019 1 1  0.984 0.985
1020 1 1  0.918 0.984
1021 1 1  0.942 0.971
1022 1 1  0.909 0.965
1023 1 1  0.997 0.926
1024 1 1  0.911 0.987
1025 1 1  0.985 0.996
1026 0 0 0.0 0.0
1027 0 0 0.0 0.0
1028 0 0 0.0 0.0
1029 0 0 0.0 0.0
1030 0 0 0.0 0.0
1031 0 0 0.0 0.0
1032 0 0 0.0 0.0
1033 0 0 0.0 0.0
1034 1 1  0.975 0.949
1035 1 1  0.994 0.911
1036 1 1  0.972 0.994
1037 1 1  0.969 0.972
1038 1 1  0.99 0.926
1039 1 1  0.913 0.965
1040 1 1  0.983 0.963
1041 1 1  0.908 0.928
1042 1 1  0.921 0.902
1043 1 1  0.97 0.984
1044 1 1  0.97 0.982
1045 1 1  0.944 0.975
1046 1 1  0.933 0.961
1047 1 1  0.962 0.994
1048 1 1  0.948 0.961
1049 1 1  0.913 0.902
1050 1 1  0.921 0.91
1051 1 1  0.969 0.948
1052 1 1  0.988 0.982
1053 1 1  0.993 0.963
1054 1 1  0.948 0.943
1055 1 1  0.965 0.998
1056 1 1  0.934 0.912
1057 1 1  0.942 0.922
1058 1 1  0.939 0.921
1059 1 1  0.905 0.924
1060 1 1  0.968 0.947
1061 1 1  0.968 0.999
1062 1 1  0.973 0.912
1063 1 1  0.942 0.915
1064 1 1  0.973 0.927
1065 1 1  0.909 0.913
1066 1 1  0.972 0.931
1067 1 1  0.907 0.929
1068 1 1  0.969 0.927
1069 1 1  0.982 0.917
1070 1 1  0.971 0.965
1071 1 1  0.944 0.966
1072 1 1  0.911 0.941
1073 1 1  0.944 0.982
1074 1 1  0.93 0.998
1075 1 1  0.975 0.95
1076 1 1  0.97 1
1077 1 1  0.987 0.975
1078 1 1  0.919 0.939
1079 1 1  0.961 0.996
1080 1 1  0.948 0.982
1081 1 1  0.935 0.921
1082 1 1  0.98 0.938
1083 1 1  0.968 0.999
1084 1 1  0.982 0.922
1085 1 1  0.927 0.956
1086 1 1  0.952 0.945
1087 1 1  0.943 0.984
1088 1 1  0.961 0.924
1089 1 1  0.921 0.92
1090 1 1  0.919 0.931
1091 1 1  0.991 0.904
1092 1 1  0.928 0.924
1093 1 1  0.915 0.925
1094 1 1  0.902 0.993
1095 1 1  0.981 0.96
1096 1 1  0.972 0.972
1097 1 1  0.901 0.921
1098 1 1  0.919 0.902
1099 1 1  0.923 0.996
1100 1 1  0.924 0.92
1101 1 1  0.994 0.923
1102 1 1  0.983 0.965
1103 1 1  0.916 0.989
1104 1 1  0.993 0.933
1105 1 1  0.986 0.985
1106 0 0 0.0 0.0
1107 0 0 0.0 0.0
1108 0 0 0.0 0.0
1109 0 0 0.0 0.0
1110 0 0 0.0 0.0
1111 0 0 0.0 0.0
1112 0 0 0.0 0.0
1113 0 0 0.0 0.0
1114 0 0 0.0 0.0
1115 0 0 0.0 0.0
1116 0 0 0.0 0.0
1117 0 0 0.0 0.0
1118 0 0 0.0 0.0
1119 0 0 0.0 0.0
1120 0 0 0.0 0.0
1121 0 0 0.0 0.0
1122 0 0 0.0 0.0
1123 0 0 0.0 0.0
1124 0 0 0.0 0.0
1125 0 0 0.0 0.0
1126 0 0 0.0 0.0
1127 0 0 0.0 0.0
1128 0 0 0.0 0.0
1129 0 0 0.0 0.0
1130 0 0 0.0 0.0
1131 0 0 0.0 0.0
1132 0 0 0.0 0.0
1133 0 0 0.0 0.0
1134 0 0 0.0 0.0
1135 0 0 0.0 0.0
1136 0 0 0.0 0.0
1137 0 0 0.0 0.0
1138 0 0 0.0 0.0
1139 0 0 0.0 0.0
1140 0 0 0.0 0.0
1141 1 1  0.994 0.92
1142 1 1  0.933 0.931
1143 1 1  0.931 0.974
1144 1 1  0.931 0.935
1145 1 1  0.977 0.975
1146 1 1  0.908 0.974
1147 1 1  0.905 0.912
1148 1 1  0.96 0.999
1149 1 1  0.94 0.966
1150 1 1  0.939 0.998
1151 1 1  0.906 0.97
1152 1 1  0.98 0.984
1153 1 1  0.969 0.987
1154 1 1  0.921 0.908
1155 1 1  0.933 0.998
1156 1 1  0.997 0.993
1157 1 1  0.997 0.927
1158 1 1  0.965 0.971
1159 1 1  0.927 0.946
1160 1 1  0.984 0.999
1161 1 1  0.977 0.915
1162 1 1  0.981 0.957
1163 1 1  0.948 0.978
1164 1 1  0.977 0.999
1165 1 1  0.989 0.95
1166 1 1  0.927 0.944
1167 1 1  0.915 0.932
1168 1 1  0.954 0.914
1169 1 1  0.93 0.977
1170 1 1  0.943 0.995
1171 1 1  0.954 0.937
1172 1 1  0.962 0.923
1173 1 1  0.981 0.926
1174 1 1  0.928 0.913
1175 1 1  0.925 0.939
1176 1 1  0.971 0.938
1177 1 1  0.947 0.939
1178 1 1  0.933 0.956
1179 1 1  0.917 0.984
1180 1 1  0.974 0.957
1181 1 1  0.913 0.936
1182 1 1  0.977 0.936
1183 1 1  0.946 0.971
1184 1 1  0.977 0.955
1185 1 1  0.963 0.905
1186 1 1  0.998 0.952
1187 1 1  0.975 0.97
1188 1 1  0.926 0.998
1189 1 1  0.954 0.92
1190 1 1  0.912 0.938
1191 1 1  0.96 0.976
1192 1 1  0.986 0.996
1193 1 1  0.95 0.904
1194 1 1  0.929 0.902
1195 1 1  0.982 0.927
1196 1 1  0.956 0.917
1197 1 1  0.934 0.918
1198 1 1  0.959 0.907
1199 1 1  0.913 0.919
1200 1 1  0.983 0.944
1201 1 1  0.99 0.919
1202 1 1  0.9 0.921
1203 1 1  0.943 0.999
1204 1 1  0.922 0.931
1205 1 1  0.99 0.929
1206 1 1  0.989 0.922
1207 1 1  0.946 0.906
1208 1 1  0.946 0.908
1209 1 1  0.945 0.911
1210 1 1  0.972 0.936
1211 1 1  0.98 0.903
1212 1 1  0.997 0.922
1213 0 0 0.0 0.0
1214 0 0 0.0 0.0
1215 0 0 0.0 0.0
1216 0 0 0.0 0.0
1217 0 0 0.0 0.0
1218 0 0 0.0 0.0
1219 0 0 0.0 0.0
1220 0 0 0.0 0.0
1221 1 1  0.998 0.937
1222 1 1  0.908 0.973
1223 1 1  0.936 0.916
1224 1 1  0.95 0.926
1225 1 1  0.975 0.994
1226 1 1  0.916 0.948
1227 1 1  0.985 0.969
1228 1 1  0.914 0.957
1229 1 1  0.915 0.965
1230 1 1  0.943 0.924
1231 1 1  0.996 0.989
1232 1 1  0.998 0.947
1233 1 1  0.95 0.992
1234 1 1  0.996 0.92
1235 1 1  0.909 0.914
1236 1 1  0.922 0.971
1237 1 1  0.903 0.988
1238 1 1  0.973 0.954
1239 1 1  0.994 0.926
1240 1 1  0.936 0.932
1241 1 1  0.919 0.958
1242 1 1  0.984 0.925
1243 1 1  0.936 0.901
1244 1 1  0.995 0.929
1245 1 1  0.971 0.973
1246 1 1  0.949 0.948
1247 1 1  0.919 0.941
1248 1 1  0.991 0.942
1249 1 1  0.968 0.971
1250 1 1  0.922 0.907
1251 1 1  0.993 0.928
1252 1 1  0.942 0.964
1253 1 1  0.994 0.993
1254 1 1  0.953 0.972
1255 1 1  0.968 0.925
1256 1 1  0.994 0.94
1257 1 1  0.931 0.992
1258 1 1  0.917 0.908
1259 1 1  0.945 0.901
1260 1 1  0.976 0.995
1261 1 1  0.953 0.948
1262 1 1  0.953 0.98
1263 1 1  0.991 0.964
1264 1 1  0.929 0.976
1265 1 1  0.997 0.902
1266 1 1  0.995 0.904
1267 1 1  0.924 0.934
1268 1 1  0.983 0.913
1269 1 1  0.945 0.968
1270 1 1  0.998 0.924
1271 1 1  0.944 0.968
1272 1 1  0.962 0.901
1273 1 1  0.968 1
1274 1 1  0.973 0.91
1275 1 1  0.948 0.943
1276 1 1  0.945 0.952
1277 1 1  0.923 0.929
1278 1 1  0.905 0.992
1279 1 1  0.906 0.952
1280 1 1  0.999 0.95
1281 1 1  0.91 0.98
1282 1 1  0.999 0.995
1283 1 1  0.974 0.959
1284 1 1  0.975 0.93
1285 1 1  0.904 0.944
1286 1 1  0.989 0.933
1287 1 1  0.902 0.93
1288 1 1  0.926 0.956
1289 1 1  0.956 0.965
1290 1 1  0.906 0.964
1291 1 1  0.93 0.932
1292 1 1  0.995 0.97
1293 0 0 0.0 0.0
1294 0 0 0.0 0.0
1295 0 0 0.0 0.0
1296 0 0 0.0 0.0
1297 0 0 0.0 0.0
1298 0 0 0.0 0.0
1299 0 0 0.0 0.0
1300 0 0 0.0 0.0
1301 0 0 0.0 0.0
1302 0 0 0.0 0.0
1303 0 0 0.0 0.0
1304 0 0 0.0 0.0
1305 0 0 0.0 0.0
1306 0 0 0.0 0.0
1307 0 0 0.0 0.0
1308 0 0 0.0 0.0
1309 0 0 0.0 0.0
1310 0 0 0.0 0.0
1311 0 0 0.0 0.0
1312 0 0 0.0 0.0
1313 0 0 0.0 0.0
1314 0 0 0.0 0.0
1315 0 0 0.0 0.0
1316 0 0 0.0 0.0
1317 0 0 0.0 0.0
1318 0 0 0.0 0.0
1319 0 0 0.0 0.0
1320 0 0 0.0 0.0
1321 0 0 0.0 0.0
1322 0 0 0.0 0.0
1323 0 0 0.0 0.0
1324 0 0 0.0 0.0
1325 0 0 0.0 0.0
1326 0 0 0.0 0.0
1327 0 0 0.0 0.0
1328 1 1  0.999 0.967
1329 1 1  0.981 0.932
1330 1 1  0.994 0.963
1331 1 1  0.973 0.935
1332 1 1  0.909 0.929
1333 1 1  0.937 0.948
1334 1 1  0.992 0.964
1335 1 1  0.927 0.991
1336 1 1  0.922 0.977
1337 1 1  0.994 0.964
1338 1 1  0.973 0.917
1339 1 1  0.961 0.907
1340 1 1  0.986 0.968
1341 1 1  0.986 0.967
1342 1 1  0.943 0.93
1343 1 1  0.936 0.99
1344 1 1  0.914 0.97
1345 1 1  0.975 0.987
1346 1 1  0.92 0.975
1347 1 1  0.982 0.984
1348 1 1  0.964 0.963
1349 1 1  0.9 0.994
1350 1 1  0.965 0.919
1351 1 1  0.973 0.976
1352 1 1  0.95 0.93
1353 1 1  0.901 0.93
1354 1 1  0.974 0.961
1355 1 1  0.945 0.986
1356 1 1  0.978 0.991
1357 1 1  0.905 0.997
1358 1 1  0.919 0.974
1359 1 1  0.979 0.908
1360 1 1  0.957 0.918
1361 1 1  0.967 0.912
1362 1 1  0.957 0.915
1363 1 1  0.971 0.935
1364 1 1  0.911 0.926
1365 1 1  0.996 0.981
1366 1 1  0.96 0.947
1367 1 1  0.988 0.981
1368 1 1  0.917 0.926
1369 1 1  0.917 0.958
1370 1 1  0.919 0.982
1371 1 1  0.948 0.977
1372 1 1  0.932 0.99
1373 1 1  0.943 0.904
1374 1 1  0.941 0.952
1375 1 1  0.989 0.917
1376 1 1  0.983 0.959
1377 1 1  0.963 0.944
1378 1 1  0.933 0.957
1379 1 1  0.926 0.975
1380 1 1  0.939 0.998
1381 1 1  0.965 0.901
1382 1 1  0.943 0.943
1383 1 1  0.987 0.906
1384 1 1  0.978 0.98
1385 1 1  0.951 0.942
1386 1 1  0.905 0.93
1387 1 1  0.994 0.93
1388 1 1  0.94 0.945
1389 1 1  0.92 0.975
1390 1 1  0.901 0.969
1391 1 1  0.924 0.941
1392 1 1  0.905 0.978
1393 1 1  0.914 0.989
1394 1 1  0.949 0.903
1395 1 1  0.973 0.985
1396 1 1  0.943 0.99
1397 1 1  0.964 0.999
1398 1 1  0.963 0.976
1399 1 1  0.997 0.92
1400 0 0 0.0 0.0
1401 0 0 0.0 0.0
1402 0 0 0.0 0.0
1403 0 0 0.0 0.0
1404 0 0 0.0 0.0
1405 0 0 0.0 0.0
1406 0 0 0.0 0.0
1407 0 0 0.0 0.0
1408 1 1  0.942 0.905
1409 1 1  0.971 0.963
1410 1 1  0.965 0.999
1411 1 1  0.905 0.941
1412 1 1  0.985 0.984
1413 1 1  0.921 0.981
1414 1 1  0.928 0.974
1415 1 1  0.939 0.93
1416 1 1  0.952 0.935
1417 1 1  0.911 0.979
1418 1 1  0.983 0.937
1419 1 1  0.956 0.964
1420 1 1  0.962 0.997
1421 1 1  0.929 0.948
1422 1 1  0.928 0.955
1423 1 1  0.998 0.999
1424 1 1  0.97 0.991
1425 1 1  0.93 0.989
1426 1 1  0.912 0.916
1427 1 1  0.912 0.908
1428 1 1  0.908 0.983
1429 1 1  0.993 0.987
1430 1 1  0.989 0.975
1431 1 1  0.972 0.939
1432 1 1  0.911 0.991
1433 1 1  0.947 0.91
1434 1 1  0.957 0.948
1435 1 1  0.992 0.92
1436 1 1  0.975 0.944
1437 1 1  0.912 0.905
1438 1 1  0.935 0.98
1439 1 1  0.948 0.941
1440 1 1  0.952 0.965
1441 1 1  0.974 0.947
1442 1 1  0.94 0.909
1443 1 1  0.947 0.968
1444 1 1  0.953 0.94
1445 1 1  0.918 0.949
1446 1 1  0.969 0.916
1447 1 1  0.999 0.978
1448 1 1  0.936 0.994
1449 1 1  0.965 0.951
1450 1 1  0.986 0.937
1451 1 1  0.992 0.943
1452 1 1  0.993 0.991
1453 1 1  0.988 0.94
1454 1 1  0.994 0.96
1455 1 1  0.977 0.952
1456 1 1  0.954 0.917
1457 1 1  0.921 0.968
1458 1 1  0.916 0.946
1459 1 1  0.904 0.996
1460 1 1  0.983 0.925
1461 1 1  0.964 0.976
1462 1 1  0.924 0.945
1463 1 1  0.97 0.942
1464 1 1  0.939 0.953
1465 1 1  0.972 0.929
1466 1 1  0.902 0.992
1467 1 1  0.967 0.944
1468 1 1  0.91 0.923
1469 1 1  0.948 0.939
1470 1 1  0.917 0.91
1471 1 1  0.955 0.91
1472 1 1  0.948 0.906
1473 1 1  0.914 0.918
1474 1 1  0.934 0.949
1475 1 1  0.981 0.998
1476 1 1  0.98 0.905
1477 1 1  0.908 0.977
1478 1 1  0.91 0.939
1479 1 1  0.915 0.904
1480 0 0 0.0 0.0
1481 0 0 0.0 0.0
1482 0 0 0.0 0.0
1483 0 0 0.0 0.0
1484 0 0 0.0 0.0
1485 0 0 0.0 0.0
1486 0 0 0.0 0.0
1487 0 0 0.0 0.0
1488 0 0 0.0 0.0
1489 0 0 0.0 0.0
1490 0 0 0.0 0.0
1491 0 0 0.0 0.0
1492 0 0 0.0 0.0
1493 0 0 0.0 0.0
1494 0 0 0.0 0.0
1495 0 0 0.0 0.0
1496 0 0 0.0 0.0
1497 0 0 0.0 0.0
1498 0 0 0.0 0.0
1499 0 0 0.0 0.0
1500 0 0 0.0 0.0
1501 0 0 0.0 0.0
1502 0 0 0.0 0.0
1503 0 0 0.0 0.0
1504 0 0 0.0 0.0
1505 0 0 0.0 0.0
1506 0 0 0.0 0.0
1507 0 0 0.0 0.0
1508 0 0 0.0 0.0
1509 0 0 0.0 0.0
1510 0 0 0.0 0.0
1511 0 0 0.0 0.0
1512 0 0 0.0 0.0
1513 0 0 0.0 0.0
1514 0 0 0.0 0.0
1515 1 1  0.951 0.976
1516 1 1  0.931 0.992
1517 1 1  0.946 0.941
1518 1 1  0.906 0.982
1519 1 1  0.933 0.913
1520 1 1  0.955 0.986
1521 1 1  0.979 0.923
1522 1 1  0.944 0.907
1523 1 1  0.909 0.947
1524 1 1  0.956 0.985
1525 1 1  0.953 0.984
1526 1 1  0.992 0.96
1527 1 1  0.907 0.942
1528 1 1  0.934 0.973
1529 1 1  0.988 0.918
1530 1 1  0.929 0.999
1531 1 1  0.96 0.994
1532 1 1  0.932 0.943
1533 1 1  0.947 0.982
1534 1 1  0.923 0.955
1535 1 1  0.996 0.957
1536 1 1  0.982 0.914
1537 1 1  0.968 0.918
1538 1 1  0.912 0.958
1539 1 1  0.991 0.959
1540 1 1  0.909 0.961
1541 1 1  0.905 0.931
1542 1 1  0.959 0.983
1543 1 1  0.959 0.968
1544 1 1  0.905 0.991
1545 1 1  0.996 0.928
1546 1 1  0.928 0.971
1547 1 1  0.924 0.948
1548 1 1  0.933 0.949
1549 1 1  0.962 0.982
1550 1 1  0.988 0.969
1551 1 1  0.931 0.987
1552 1 1  0.921 0.936
1553 1 1  0.992 0.957
1554 1 1  0.931 0.991
1555 1 1  0.979 0.999
1556 1 1  0.978 0.988
1557 1 1  0.981 0.915
1558 1 1  0.975 0.99
1559 1 1  0.976 0.937
1560 1 1  0.917 0.933
1561 1 1  0.912 0.999
1562 1 1  0.985 0.999
1563 1 1  0.96 0.963
1564 1 1  0.974 0.928
1565 1 1  0.904 0.958
1566 1 1  0.927 0.986
1567 1 1  0.936 0.957
1568 1 1  0.975 0.948
1569 1 1  0.976 0.946
1570 1 1  0.95 0.913
1571 1 1  0.912 0.968
1572 1 1  0.966 0.975
1573 1 1  0.99 0.929
1574 1 1  0.944 0.91
1575 1 1  0.94 0.946
1576 1 1  0.917 0.911
1577 1 1  0.975 0.98
1578 1 1  0.933 0.902
1579 1 1  0.904 0.988
1580 1 1  0.976 0.91
1581 1 1  0.936 0.926
1582 1 1  0.999 0.941
1583 1 1  0.996 0.907
1584 1 1  0.913 0.912
1585 1 1  0.923 0.903
1586 1 1  0.936 0.947
1587 0 0 0.0 0.0
1588 0 0 0.0 0.0
1589 0 0 0.0 0.0
1590 0 0 0.0 0.0
1591 0 0 0.0 0.0
1592 0 0 0.0 0.0
1593 0 0 0.0 0.0
1594 0 0 0.0 0.0
1595 1 1  0.982 0.994
1596 1 1  0.9 0.905
1597 1 1  0.992 0.923
1598 1 1  0.995 0.934
1599 1 1  0.944 0.935
1600 1 1  0.906 0.969
1601 1 1  0.989 0.946
1602 1 1  0.956 0.908
1603 1 1  0.95 0.915
1604 1 1  0.902 0.971
1605 1 1  0.946 0.932
1606 1 1  0.95 0.938
1607 1 1  0.997 0.998
1608 1 1  0.909 0.903
1609 1 1  0.961 0.908
1610 1 1  0.999 0.941
1611 1 1  0.916 0.981
1612 1 1  0.941 0.901
1613 1 1  0.912 0.965
1614 1 1  0.969 0.947
1615 1 1  0.937 0.964
1616 1 1  0.911 0.976
1617 1 1  0.906 0.984
1618 1 1  0.939 0.913
1619 1 1  0.966 0.972
1620 1 1  0.903 0.945
1621 1 1  0.989 0.954
1622 1 1  0.935 0.92
1623 1 1  0.904 0.925
1624 1 1  0.954 0.946
1625 1 1  0.954 0.92
1626 1 1  0.985 0.967
1627 1 1  0.917 0.947
1628 1 1  0.961 0.978
1629 1 1  0.919 0.985
1630 1 1  0.987 0.935
1631 1 1  0.94 0.96
1632 1 1  0.931 0.987
1633 1 1  0.976 0.952
1634 1 1  0.905 1
1635 1 1  0.977 0.991
1636 1 1  0.937 0.907
1637 1 1  0.915 0.978
1638 1 1  0.925 0.913
1639 1 1  0.919 0.903
1640 1 1  0.94 0.916
1641 1 1  0.993 0.977
1642 1 1  0.948 0.974
1643 1 1  0.996 0.927
1644 1 1  0.999 0.963
1645 1 1  0.991 0.988
1646 1 1  0.99 0.97
1647 1 1  0.942 0.944
1648 1 1  0.967 0.989
1649 1 1  0.975 0.909
1650 1 1  0.925 0.946
1651 1 1  0.929 0.954
1652 1 1  0.956 0.936
1653 1 1  0.963 0.951
1654 1 1  0.982 0.947
1655 1 1  0.911 0.932
1656 1 1  0.924 0.915
1657 1 1  0.966 0.965
1658 1 1  0.993 0.933
1659 1 1  0.972 0.951
1660 1 1  0.99 0.995
1661 1 1  0.947 0.947
1662 1 1  0.948 0.963
1663 1 1  0.969 0.926
1664 1 1  0.914 0.918
1665 1 1  0.91 0.93
1666 1 1  0.996 0.994
1667 0 0 0.0 0.0
1668 0 0 0.0 0.0
1669 0 0 0.0 0.0
1670 0 0 0.0 0.0
1671 0 0 0.0 0.0
1672 0 0 0.0 0.0
1673 0 0 0.0 0.0
1674 0 0 0.0 0.0
1675 0 0 0.0 0.0
1676 0 0 0.0 0.0
1677 0 0 0.0 0.0
1678 0 0 0.0 0.0
1679 0 0 0.0 0.0
1680 0 0 0.0 0.0
1681 0 0 0.0 0.0
1682 0 0 0.0 0.0
1683 0 0 0.0 0.0
1684 0 0 0.0 0.0
1685 0 0 0.0 0.0
1686 0 0 0.0 0.0
1687 0 0 0.0 0.0
1688 0 0 0.0 0.0
1689 0 0 0.0 0.0
1690 0 0 0.0 0.0
1691 0 0 0.0 0.0
1692 0 0 0.0 0.0
1693 0 0 0.0 0.0
1694 0 0 0.0 0.0
1695 0 0 0.0 0.0
1696 0 0 0.0 0.0
1697 0 0 0.0 0.0
1698 0 0 0.0 0.0
1699 0 0 0.0 0.0
1700 0 0 0.0 0.0
1701 0 0 0.0 0.0
1702 0 0 0.0 0.0
1703 0 0 0.0 0.0
1704 0 0 0.0 0.0
1705 0 0 0.0 0.0
1706 0 0 0.0 0.0
1707 0 0 0.0 0.0
1708 0 0 0.0 0.0
1709 0 0 0.0 0.0
1710 0 0 0.0 0.0
1711 0 0 0.0 0.0
1712 0 0 0.0 0.0
1713 0 0 0.0 0.0
1714 0 0 0.0 0.0
1715 0 0 0.0 0.0
1716 0 0 0.0 0.0
1717 0 0 0.0 0.0
1718 0 0 0.0 0.0
1719 0 0 0.0 0.0
1720 0 0 0.0 0.0
1721 0 0 0.0 0.0
1722 0 0 0.0 0.0
1723 0 0 0.0 0.0
1724 0 0 0.0 0.0
1725 0 0 0.0 0.0
1726 0 0 0.0 0.0
1727 0 0 0.0 0.0
1728 0 0 0.0 0.0
1729 0 0 0.0 0.0
1730 0 0 0.0 0.0
1731 0 0 0.0 0.0
1732 0 0 0.0 0.0
1733 0 0 0.0 0.0
1734 0 0 0.0 0.0
1735 0 0 0.0 0.0
1736 0 0 0.0 0.0
1737 0 0 0.0 0.0
1738 0 0 0.0 0.0
1739 0 0 0.0 0.0
1740 0 0 0.0 0.0
1741 1 1  0.929 0.906
1742 1 1  0.98 0.949
1743 1 1  0.932 0.911
1744 1 1  0.909 0.949
1745 1 1  0.924 0.93
1746 1 1  0.959 0.932
1747 1 1  0.994 0.965
1748 1 1  0.901 0.948
1749 1 1  0.943 0.906
1750 1 1  0.971 0.997
1751 1 1  0.955 0.964
1752 1 1  0.955 0.9
1753 1 1  0.93 0.985
1754 1 1  0.941 0.946
1755 1 1  0.996 0.985
1756 1 1  0.903 0.906
1757 1 1  0.956 0.954
1758 1 1  0.934 0.913
1759 1 1  0.934 0.987
1760 1 1  0.979 0.914
1761 1 1  0.959 0.947
1762 1 1  0.915 0.968
1763 1 1  0.951 0.977
1764 1 1  0.92 0.944
1765 1 1  0.94 0.959
1766 1 1  0.962 0.924
1767 1 1  0.92 0.913
1768 1 1  0.988 0.948
1769 1 1  0.93 0.916
1770 1 1  0.935 0.953
1771 1 1  0.913 0.9
1772 1 1  0.952 0.988
1773 1 1  0.95 0.932
1774 1 1  0.968 0.927
1775 1 1  0.907 0.976
1776 1 1  0.938 0.953
1777 1 1  0.927 0.953
1778 1 1  0.952 0.943
1779 1 1  0.952 0.913
1780 1 1  0.939 0.935
1781 1 1  0.951 0.969
1782 1 1  0.917 0.988
1783 1 1  0.944 0.957
1784 1 1  0.953 0.937
1785 1 1  0.971 0.952
1786 1 1  0.925 0.968
1787 1 1  0.929 0.991
1788 1 1  0.977 0.992
1789 1 1  0.972 0.943
1790 1 1  0.951 0.988
1791 1 1  0.921 1
1792 1 1  0.977 0.905
1793 1 1  0.986 0.997
1794 1 1  0.995 0.971
1795 1 1  0.919 0.968
1796 1 1  0.932 0.955
1797 1 1  0.922 0.967
1798 1 1  0.959 0.952
1799 1 1  0.956 0.93
1800 1 1  0.994 0.918
1801 1 1  0.916 0.97
1802 1 1  0.985 0.982
1803 1 1  0.907 0.97
1804 1 1  0.921 0.992
1805 1 1  0.945 0.981
1806 1 1  0.935 0.921
1807 1 1  0.946 0.929
1808 1 1  0.99 0.939
1809 1 1  0.942 0.949
1810 1 1  0.959 0.919
1811 1 1  0.926 0.97
1812 1 1  0.98 0.979
1813 0 0 0.0 0.0
1814 0 0 0.0 0.0
1815 0 0 0.0 0.0
1816 0 0 0.0 0.0
1817 0 0 0.0 0.0
1818 0 0 0.0 0.0
1819 0 0 0.0 0.0
1820 0 0 0.0 0.0
1821 0 0 0.0 0.0
1822 0 0 0.0 0.0
1823 0 0 0.0 0.0
1824 0 0 0.0 0.0
1825 0 0 0.0 0.0
1826 0 0 0.0 0.0
1827 0 0 0.0 0.0
1828 0 0 0.0 0.0
1829 0 0 0.0 0.0
1830 0 0 0.0 0.0
1831 0 0 0.0 0.0
1832 0 0 0.0 0.0
1833 0 0 0.0 0.0
1834 0 0 0.0 0.0
1835 0 0 0.0 0.0
1836 0 0 0.0 0.0
1837 0 0 0.0 0.0
1838 0 0 0.0 0.0
1839 0 0 0.0 0.0
1840 0 0 0.0 0.0
1841 0 0 0.0 0.0
1842 0 0 0.0 0.0
1843 0 0 0.0 0.0
1844 0 0 0.0 0.0
1845 0 0 0.0 0.0
1846 0 0 0.0 0.0
1847 0 0 0.0 0.0
1848 1 1  0.931 0.907
1849 1 1  0.981 0.907
1850 1 1  0.927 0.914
1851 1 1  0.984 0.995
1852 1 1  0.938 0.957
1853 1 1  0.902 0.942
1854 1 1  0.982 0.934
1855 1 1  1 0.934
1856 1 1  0.965 0.923
1857 1 1  1 0.992
1858 1 1  0.997 0.985
1859 1 1  0.996 0.922
1860 1 1  0.936 0.904
1861 1 1  0.966 0.932
1862 1 1  0.909 0.998
1863 1 1  0.962 0.907
1864 1 1  0.939 0.904
1865 1 1  0.929 0.915
1866 1 1  0.949 0.968
1867 1 1  0.989 0.932
1868 1 1  0.933 0.969
1869 1 1  0.931 0.92
1870 1 1  0.916 0.921
1871 1 1  0.929 0.965
1872 1 1  0.991 0.993
1873 1 1  0.97 0.993
1874 1 1  0.962 0.922
1875 1 1  0.944 0.96
1876 1 1  0.996 0.98
1877 1 1  0.932 0.942
1878 1 1  0.962 0.981
1879 1 1  0.934 0.931
1880 1 1  0.916 0.932
1881 1 1  0.954 0.938
1882 1 1  0.903 0.952
1883 1 1  0.909 0.935
1884 1 1  0.918 0.945
1885 1 1  0.911 0.951
1886 1 1  0.924 0.942
1887 1 1  0.936 0.928
1888 1 1  0.903 0.914
1889 1 1  0.907 0.905
1890 1 1  0.994 0.976
1891 1 1  0.987 0.924
1892 1 1  0.971 0.969
1893 1 1  0.923 0.942
1894 1 1  0.998 0.966
1895 1 1  0.967 0.968
1896 1 1  0.94 0.911
1897 1 1  0.945 0.932
1898 1 1  0.984 0.909
1899 1 1  0.99 0.911
1900 1 1  0.901 0.917
1901 1 1  0.971 0.95
1902 1 1  0.981 0.993
1903 1 1  0.942 0.946
1904 1 1  0.946 0.917
1905 1 1  0.977 0.926
1906 1 1  0.986 0.991
1907 1 1  0.936 0.941
1908 1 1  0.935 0.98
1909 1 1  0.997 0.944
1910 1 1  0.995 0.969
1911 1 1  0.969 0.981
1912 1 1  0.974 0.961
1913 1 1  0.932 0.921
1914 1 1  0.918 0.937
1915 1 1  0.915 1
1916 1 1  0.92 0.977
1917 1 1  1 0.907
1918 1 1  0.995 0.939
1919 1 1  0.918 0.966
1920 0 0 0.0 0.0
1921 0 0 0.0 0.0
1922 0 0 0.0 0.0
1923 0 0 0.0 0.0
1924 0 0 0.0 0.0
1925 0 0 0.0 0.0
1926 0 0 0.0 0.0
1927 0 0 0.0 0.0
1928 1 1  0.939 0.941
1929 1 1  0.994 0.992
1930 1 1  0.916 0.928
1931 1 1  0.988 0.963
1932 1 1  0.973 0.953
1933 1 1  0.911 0.906
1934 1 1  0.909 0.991
1935 1 1  0.986 0.961
1936 1 1  0.915 0.93
1937 1 1  0.966 0.944
1938 1 1  0.943 0.926
1939 1 1  0.968 0.979
1940 1 1  0.969 0.929
1941 1 1  0.996 0.95
1942 1 1  0.967 0.969
1943 1 1  0.924 0.991
1944 1 1  0.961 0.997
1945 1 1  0.936 0.953
1946 1 1  0.972 0.935
1947 1 1  0.924 0.916
1948 1 1  0.934 0.939
1949 1 1  0.911 0.938
1950 1 1  0.964 0.921
1951 1 1  0.965 0.995
1952 1 1  0.917 0.903
1953 1 1  0.975 0.98
1954 1 1  0.97 0.974
1955 1 1  0.973 0.95
1956 1 1  0.984 0.915
1957 1 1  0.991 0.989
1958 1 1  0.913 0.935
1959 1 1  0.909 0.976
1960 1 1  0.92 0.913
1961 1 1  0.938 0.94
1962 1 1  0.947 0.906
1963 1 1  0.989 0.915
1964 1 1  0.962 0.968
1965 1 1  0.99 0.978
1966 1 1  0.922 0.9
1967 1 1  0.905 0.902
1968 1 1  0.998 0.982
1969 1 1  0.994 0.944
1970 1 1  0.917 0.976
1971 1 1  0.908 0.991
1972 1 1  0.921 0.912
1973 1 1  0.948 0.933
1974 1 1  0.972 0.957
1975 1 1  0.999 0.907
1976 1 1  0.985 0.954
1977 1 1  0.959 0.995
1978 1 1  0.912 0.904
1979 1 1  0.943 0.962
1980 1 1  0.907 0.984
1981 1 1  0.924 0.951
1982 1 1  0.919 0.973
1983 1 1  0.975 0.948
1984 1 1  0.908 0.941
1985 1 1  0.967 0.96
1986 1 1  0.918 0.989
1987 1 1  0.995 0.996
1988 1 1  0.991 0.908
1989 1 1  0.937 0.978
1990 1 1  0.984 0.909
1991 1 1  0.957 0.952
1992 1 1  0.9 0.912
1993 1 1  0.928 0.988
1994 1 1  0.962 0.966
1995 1 1  0.986 0.914
1996 1 1  1 0.956
1997 1 1  0.987 0.995
1998 1 1  0.984 0.908
1999 1 1  0.911 0.932
2000 0 0 0.0 0.0
2001 0 0 0.0 0.0
2002 0 0 0.0 0.0
2003 0 0 0.0 0.0
2004 0 0 0.0 0.0
2005 0 0 0.0 0.0
2006 0 0 0.0 0.0
2007 0 0 0.0 0.0
2008 0 0 0.0 0.0
2009 0 0 0.0 0.0
2010 0 0 0.0 0.0
2011 0 0 0.0 0.0
2012 0 0 0.0 0.0
2013 0 0 0.0 0.0
2014 0 0 0.0 0.0
2015 0 0 0.0 0.0
2016 0 0 0.0 0.0
2017 0 0 0.0 0.0
2018 0 0 0.0 0.0
2019 0 0 0.0 0.0
2020 0 0 0.0 0.0
2021 0 0 0.0 0.0
2022 0 0 0.0 0.0
2023 0 0 0.0 0.0
2024 0 0 0.0 0.0
2025 0 0 0.0 0.0
2026 0 0 0.0 0.0
2027 0 0 0.0 0.0
2028 0 0 0.0 0.0
2029 0 0 0.0 0.0
2030 0 0 0.0 0.0
2031 0 0 0.0 0.0
2032 0 0 0.0 0.0
2033 0 0 0.0 0.0
2034 0 0 0.0 0.0
2035 1 1  0.983 0.958
2036 1 1  0.933 0.912
2037 1 1  0.912 0.974
2038 1 1  0.967 0.973
2039 1 1  0.988 0.951
2040 1 1  0.981 0.978
2041 1 1  0.94 0.977
2042 1 1  0.909 0.986
2043 1 1  0.976 0.976
2044 1 1  0.954 0.995
2045 1 1  0.94 0.98
2046 1 1  0.964 0.93
2047 1 1  0.916 0.967
2048 1 1  0.934 0.964
2049 1 1  0.929 0.992
2050 1 1  0.986 0.956
2051 1 1  0.972 0.919
2052 1 1  0.976 0.961
2053 1 1  0.995 0.91
2054 1 1  1 0.934
2055 1 1  0.974 0.974
2056 1 1  0.982 0.985
2057 1 1  0.914 0.993
2058 1 1  0.96 0.991
2059 1 1  0.946 0.974
2060 1 1  0.927 0.965
2061 1 1  0.933 0.939
2062 1 1  0.942 0.989
2063 1 1  0.901 0.975
2064 1 1  0.964 0.912
2065 1 1  0.915 0.905
2066 1 1  0.954 0.955
2067 1 1  0.93 0.901
2068 1 1  0.954 0.951
2069 1 1  0.962 0.985
2070 1 1  0.935 0.95
2071 1 1  0.956 0.994
2072 1 1  0.919 0.966
2073 1 1  0.964 0.945
2074 1 1  0.971 0.937
2075 1 1  0.911 0.995
2076 1 1  0.98 0.951
2077 1 1  0.945 0.967
2078 1 1  0.957 0.986
2079 1 1  0.982 0.95
2080 1 1  0.953 0.942
2081 1 1  0.994 0.962
2082 1 1  0.974 0.917
2083 1 1  0.904 0.924
2084 1 1  0.91 0.973
2085 1 1  0.913 0.96
2086 1 1  0.963 0.98
2087 1 1  0.924 0.985
2088 1 1  0.92 0.994
2089 1 1  0.914 0.958
2090 1 1  0.922 0.926
2091 1 1  0.948 0.976
2092 1 1  0.932 0.923
2093 1 1  0.943 0.92
2094 1 1  0.947 0.999
2095 1 1  0.943 0.984
2096 1 1  0.969 0.937
2097 1 1  0.922 0.94
2098 1 1  0.904 0.967
2099 1 1  0.974 0.987
2100 1 1  0.947 0.921
2101 1 1  0.938 0.907
2102 1 1  0.993 0.985
2103 1 1  0.975 0.933
2104 1 1  0.914 0.914
2105 1 1  0.902 0.956
2106 1 1  0.94 0.925
2107 0 0 0.0 0.0
2108 0 0 0.0 0.0
2109 0 0 0.0 0.0
2110 0 0 0.0 0.0
2111 0 0 0.0 0.0
2112 0 0 0.0 0.0
2113 0 0 0.0 0.0
2114 0 0 0.0 0.0
2115 1 1  0.998 0.977
2116 1 1  0.907 0.952
2117 1 1  0.979 0.969
2118 1 1  0.949 0.937
2119 1 1  0.99 0.983
2120 1 1  0.958 0.968
2121 1 1  0.954 0.968
2122 1 1  0.971 0.937
2123 1 1  0.983 0.97
2124 1 1  0.983 0.909
2125 1 1  0.977 0.931
2126 1 1  0.985 0.904
2127 1 1  0.902 0.953
2128 1 1  0.952 0.988
2129 1 1  0.913 0.995
2130 1 1  0.913 0.961
2131 1 1  0.93 0.919
2132 1 1  0.927 0.971
2133 1 1  0.99 0.946
2134 1 1  0.978 0.961
2135 1 1  0.974 0.925
2136 1 1  0.902 0.965
2137 1 1  0.905 0.904
2138 1 1  0.915 0.997
2139 1 1  0.936 0.915
2140 1 1  0.983 0.972
2141 1 1  0.954 0.952
2142 1 1  0.973 0.914
2143 1 1  0.969 0.994
2144 1 1  0.908 0.909
2145 1 1  0.981 0.971
2146 1 1  0.967 0.902
2147 1 1  0.979 0.904
2148 1 1  0.979 0.91
2149 1 1  0.966 0.979
2150 1 1  0.98 0.974
2151 1 1  0.904 0.998
2152 1 1  0.959 0.98
2153 1 1  0.996 0.98
2154 1 1  0.915 0.972
2155 1 1  0.975 0.984
2156 1 1  0.966 0.94
2157 1 1  0.988 0.976
2158 1 1  0.946 0.964
2159 1 1  0.948 0.911
2160 1 1  0.951 0.991
2161 1 1  0.967 0.904
2162 1 1  0.929 0.905
2163 1 1  0.957 0.911
2164 1 1  0.953 0.909
2165 1 1  0.901 0.986
2166 1 1  0.957 0.995
2167 1 1  0.923 0.912
2168 1 1  0.97 0.911
2169 1 1  0.967 0.919
2170 1 1  0.978 0.933
2171 1 1  0.93 0.988
2172 1 1  0.978 0.981
2173 1 1  0.978 0.932
2174 1 1  0.918 0.977
2175 1 1  0.946 0.916
2176 1 1  0.993 0.942
2177 1 1  0.911 0.997
2178 1 1  0.957 0.944
2179 1 1  0.944 0.96
2180 1 1  0.968 0.998
2181 1 1  0.913 0.961
2182 1 1  0.968 0.9
2183 1 1  0.972 0.986
2184 1 1  0.951 0.906
2185 1 1  0.968 0.938
2186 1 1  0.916 0.957
2187 0 0 0.0 0.0
2188 0 0 0.0 0.0
2189 0 0 0.0 0.0
2190 0 0 0.0 0.0
2191 0 0 0.0 0.0
2192 0 0 0.0 0.0
2193 0 0 0.0 0.0
2194 0 0 0.0 0.0
2195 0 0 0.0 0.0
2196 0 0 0.0 0.0
2197 0 0 0.0 0.0
2198 0 0 0.0 0.0
2199 0 0 0.0 0.0
2200 0 0 0.0 0.0
2201 0 0 0.0 0.0
2202 0 0 0.0 0.0
2203 0 0 0.0 0.0
2204 0 0 0.0 0.0
2205 0 0 0.0 0.0
2206 0 0 0.0 0.0
2207 0 0 0.0 0.0
2208 0 0 0.0 0.0
2209 0 0 0.0 0.0
2210 0 0 0.0 0.0
2211 0 0 0.0 0.0
2212 0 0 0.0 0.0
2213 0 0 0.0 0.0
2214 0 0 0.0 0.0
2215 0 0 0.0 0.0
2216 0 0 0.0 0.0
2217 0 0 0.0 0.0
2218 0 0 0.0 0.0
2219 0 0 0.0 0.0
2220 0 0 0.0 0.0
2221 0 0 0.0 0.0
2222 1 1  0.946 0.992
2223 1 1  0.953 0.93
2224 1 1  0.961 0.99
2225 1 1  0.966 0.94
2226 1 1  0.99 0.901
2227 1 1  0.916 0.997
2228 1 1  0.964 0.973
2229 1 1  0.95 0.907
2230 1 1  0.948 0.956
2231 1 1  0.957 0.963
2232 1 1  0.94 0.92
2233 1 1  0.91 0.947
2234 1 1  0.911 0.91
2235 1 1  0.948 0.945
2236 1 1  0.924 0.914
2237 1 1  0.987 0.967
2238 1 1  0.977 0.997
2239 1 1  0.943 0.982
2240 1 1  0.945 0.947
2241 1 1  0.941 0.954
2242 1 1  0.905 0.939
2243 1 1  0.967 0.944
2244 1 1  0.99 0.977
2245 1 1  0.931 0.98
2246 1 1  0.941 0.911
2247 1 1  0.939 0.98
2248 1 1  0.917 0.935
2249 1 1  0.965 0.966
2250 1 1  0.937 0.983
2251 1 1  0.979 0.993
2252 1 1  0.981 0.936
2253 1 1  0.915 0.944
2254 1 1  0.97 0.998
2255 1 1  0.919 0.969
2256 1 1  0.925 0.996
2257 1 1  0.963 0.971
2258 1 1  0.952 0.956
2259 1 1  0.934 0.906
2260 1 1  0.941 0.967
2261 1 1  0.902 0.989
2262 1 1  0.979 0.933
2263 1 1  0.959 0.923
2264 1 1  0.916 0.93
2265 1 1  0.929 0.932
2266 1 1  0.956 0.924
2267 1 1  0.939 0.928
2268 1 1  0.915 0.919
2269 1 1  0.992 0.918
2270 1 1  0.908 0.909
2271 1 1  0.953 0.906
2272 1 1  0.961 0.965
2273 1 1  0.982 1
2274 1 1  0.949 0.986
2275 1 1  0.995 0.918
2276 1 1  0.917 0.968
2277 1 1  0.983 0.934
2278 1 1  0.981 0.996
2279 1 1  0.906 0.95
2280 1 1  0.976 0.963
2281 1 1  0.914 0.908
2282 1 1  0.947 0.957
2283 1 1  0.993 0.947
2284 1 1  0.928 0.907
2285 1 1  0.94 0.932
2286 1 1  0.94 0.974
2287 1 1  0.975 0.911
2288 1 1  0.941 0.929
2289 1 1  0.916 0.987
2290 1 1  0.965 0.987
2291 1 1  0.939 0.96
2292 1 1  0.986 0.91
2293 1 1  0.914 0.983
2294 0 0 0.0 0.0
2295 0 0 0.0 0.0
2296 0 0 0.0 0.0
2297 0 0 0.0 0.0
2298 0 0 0.0 0.0
2299 0 0 0.0 0.0
2300 0 0 0.0 0.0
2301 0 0 0.0 0.0
2302 1 1  1 0.983
2303 1 1  0.905 0.968
2304 1 1  0.993 0.977
2305 1 1  0.927 0.964
2306 1 1  0.988 0.978
2307 1 1  0.932 0.945
2308 1 1  0.909 0.941
2309 1 1  0.964 0.976
2310 1 1  0.979 0.946
2311 1 1  0.9 0.91
2312 1 1  0.915 0.905
2313 1 1  0.971 0.977
2314 1 1  0.991 0.949
2315 1 1  0.969 0.977
2316 1 1  0.998 0.932
2317 1 1  0.941 0.954
2318 1 1  0.953 0.906
2319 1 1  0.989 0.962
2320 1 1  0.998 0.929
2321 1 1  0.916 0.976
2322 1 1  0.964 0.989
2323 1 1  0.912 0.966
2324 1 1  0.983 0.906
2325 1 1  0.967 0.906
2326 1 1  0.977 0.941
2327 1 1  0.935 0.902
2328 1 1  0.905 0.917
2329 1 1  0.922 0.943
2330 1 1  0.979 0.963
2331 1 1  0.972 0.973
2332 1 1  0.953 0.971
2333 1 1  0.976 0.962
2334 1 1  0.939 0.995
2335 1 1  0.933 0.91
2336 1 1  0.9 0.991
2337 1 1  0.903 0.991
2338 1 1  0.952 0.908
2339 1 1  0.963 0.938
2340 1 1  0.918 0.954
2341 1 1  0.951 0.93
2342 1 1  0.977 0.973
2343 1 1  0.956 0.914
2344 1 1  0.989 0.929
2345 1 1  0.985 0.993
2346 1 1  0.965 0.973
2347 1 1  0.968 0.974
2348 1 1  0.96 0.916
2349 1 1  0.926 0.947
2350 1 1  0.927 0.971
2351 1 1  0.98 0.968
2352 1 1  0.912 0.928
2353 1 1  0.982 0.976
2354 1 1  0.973 0.959
2355 1 1  0.977 0.972
2356 1 1  0.92 0.997
2357 1 1  0.981 0.971
2358 1 1  0.937 0.956
2359 1 1  0.967 0.92
2360 1 1  0.96 0.971
2361 1 1  0.953 0.954
2362 1 1  0.964 0.999
2363 1 1  0.937 0.972
2364 1 1  0.966 0.945
2365 1 1  0.903 0.976
2366 1 1  0.914 0.986
2367 1 1  0.927 0.926
2368 1 1  0.942 0.953
2369 1 1  0.997 0.932
2370 1 1  0.924 0.935
2371 1 1  0.971 0.944
2372 1 1  0.901 0.981
2373 1 1  0.938 0.906
2374 0 0 0.0 0.0
2375 0 0 0.0 0.0
2376 0 0 0.0 0.0
2377 0 0 0.0 0.0
2378 0 0 0.0 0.0
2379 0 0 0.0 0.0
2380 0 0 0.0 0.0
2381 0 0 0.0 0.0
2382 0 0 0.0 0.0
2383 0 0 0.0 0.0
2384 0 0 0.0 0.0
2385 0 0 0.0 0.0
2386 0 0 0.0 0.0
2387 0 0 0.0 0.0
2388 0 0 0.0 0.0
2389 0 0 0.0 0.0
2390 0 0 0.0 0.0
2391 0 0 0.0 0.0
2392 0 0 0.0 0.0
2393 0 0 0.0 0.0
2394 0 0 0.0 0.0
2395 0 0 0.0 0.0
2396 0 0 0.0 0.0
2397 0 0 0.0 0.0
2398 0 0 0.0 0.0
2399 0 0 0.0 0.0
2400 0 0 0.0 0.0
2401 0 0 0.0 0.0
2402 0 0 0.0 0.0
2403 0 0 0.0 0.0
2404 0 0 0.0 0.0
2405 0 0 0.0 0.0
2406 0 0 0.0 0.0
2407 0 0 0.0 0.0
2408 0 0 0.0 0.0
2409 1 1  0.931 0.984
2410 1 1  0.929 0.938
2411 1 1  0.964 0.919
2412 1 1  0.91 0.93
2413 1 1  0.936 0.939
2414 1 1  0.915 0.939
2415 1 1  0.955 0.936
2416 1 1  0.909 0.917
2417 1 1  0.969 0.943
2418 1 1  0.998 0.949
2419 1 1  0.973 0.95
2420 1 1  0.994 0.996
2421 1 1  0.989 0.932
2422 1 1  0.918 0.948
2423 1 1  0.915 0.933
2424 1 1  0.933 0.981
2425 1 1  0.924 0.991
2426 1 1  0.961 0.907
2427 1 1  0.906 0.966
2428 1 1  0.922 0.932
2429 1 1  0.931 0.941
2430 1 1  0.966 0.924
2431 1 1  0.933 0.943
2432 1 1  0.992 0.989
2433 1 1  0.941 0.988
2434 1 1  0.979 0.986
2435 1 1  0.904 0.98
2436 1 1  0.949 0.906
2437 1 1  0.916 0.961
2438 1 1  0.964 0.926
2439 1 1  0.979 0.979
2440 1 1  0.908 0.998
2441 1 1  0.921 0.98
2442 1 1  0.925 0.931
2443 1 1  0.935 0.962
2444 1 1  0.997 0.985
2445 1 1  0.908 0.952
2446 1 1  0.937 0.914
2447 1 1  0.974 0.965
2448 1 1  0.977 0.992
2449 1 1  0.949 0.981
2450 1 1  0.946 0.953
2451 1 1  0.976 0.959
2452 1 1  0.968 0.947
2453 1 1  0.974 0.937
2454 1 1  0.908 0.971
2455 1 1  0.96 0.945
2456 1 1  0.901 0.98
2457 1 1  0.996 0.926
2458 1 1  0.979 0.904
2459 1 1  0.907 0.926
2460 1 1  0.933 0.915
2461 1 1  0.93 0.945
2462 1 1  0.975 0.978
2463 1 1  0.955 0.971
2464 1 1  0.978 0.907
2465 1 1  0.944 0.936
2466 1 1  0.948 0.996
2467 1 1  0.967 0.909
2468 1 1  0.963 0.972
2469 1 1  0.986 0.942
2470 1 1  0.97 0.908
2471 1 1  0.943 0.923
2472 1 1  0.997 0.908
2473 1 1  0.987 0.96
2474 1 1  0.908 0.908
2475 1 1  0.916 0.939
2476 1 1  0.923 1
2477 1 1  0.933 0.918
2478 1 1  0.927 0.984
2479 1 1  0.953 0.914
2480 1 1  0.982 0.969
2481 0 0 0.0 0.0
2482 0 0 0.0 0.0
2483 0 0 0.0 0.0
2484 0 0 0.0 0.0
2485 0 0 0.0 0.0
2486 0 0 0.0 0.0
2487 0 0 0.0 0.0
2488 0 0 0.0 0.0
2489 1 1  0.948 0.938
2490 1 1  0.979 0.926
2491 1 1  0.964 0.985
2492 1 1  0.908 0.995
2493 1 1  0.936 0.959
2494 1 1  0.922 0.947
2495 1 1  0.97 0.923
2496 1 1  0.947 0.934
2497 1 1  0.976 0.924
2498 1 1  0.924 0.984
2499 1 1  0.904 0.908
2500 1 1  0.951 0.907
2501 1 1  0.968 0.968
2502 1 1  0.92 0.992
2503 1 1  0.931 0.915
2504 1 1  0.901 0.92
2505 1 1  0.965 0.943
2506 1 1  0.918 0.929
2507 1 1  0.912 0.981
2508 1 1  0.962 0.96
2509 1 1  0.948 0.984
2510 1 1  0.903 0.913
2511 1 1  0.96 0.991
2512 1 1  0.96 0.973
2513 1 1  0.938 0.902
2514 1 1  0.955 0.984
2515 1 1  0.949 0.906
2516 1 1  0.951 0.996
2517 1 1  0.922 0.939
2518 1 1  0.901 0.916
2519 1 1  0.984 0.919
2520 1 1  0.911 0.936
2521 1 1  0.969 0.939
2522 1 1  0.952 0.95
2523 1 1  0.934 0.903
2524 1 1  0.971 0.992
2525 1 1  0.946 0.917
2526 1 1  0.901 0.946
2527 1 1  0.993 0.904
2528 1 1  0.98 0.963
2529 1 1  0.963 0.924
2530 1 1  0.992 0.99
2531 1 1  0.921 0.988
2532 1 1  0.952 0.907
2533 1 1  0.913 0.95
2534 1 1  0.965 0.972
2535 1 1  0.973 0.931
2536 1 1  0.957 0.929
2537 1 1  0.97 0.994
2538 1 1  0.96 0.957
2539 1 1  0.932 0.926
2540 1 1  0.949 0.908
2541 1 1  0.983 0.918
2542 1 1  0.919 0.99
2543 1 1  0.985 0.946
2544 1 1  0.925 0.905
2545 1 1  0.963 0.948
2546 1 1  0.922 0.911
2547 1 1  0.917 0.979
2548 1 1  0.987 0.912
2549 1 1  0.955 0.989
2550 1 1  0.955 0.99
2551 1 1  0.925 0.923
2552 1 1  0.938 0.918
2553 1 1  0.947 0.971
2554 1 1  0.989 0.973
2555 1 1  0.954 0.919
2556 1 1  0.923 0.918
2557 1 1  0.946 0.95
2558 1 1  0.907 0.935
2559 1 1  0.92 0.952
2560 1 1  0.912 0.977
2561 0 0 0.0 0.0
2562 0 0 0.0 0.0
2563 0 0 0.0 0.0
2564 0 0 0.0 0.0
2565 0 0 0.0 0.0
2566 0 0 0.0 0.0
2567 0 0 0.0 0.0
2568 0 0 0.0 0.0
2569 0 0 0.0 0.0
2570 0 0 0.0 0.0
2571 0 0 0.0 0.0
2572 0 0 0.0 0.0
2573 0 0 0.0 0.0
2574 0 0 0.0 0.0
2575 0 0 0.0 0.0
2576 0 0 0.0 0.0
2577 0 0 0.0 0.0
2578 0 0 0.0 0.0
2579 0 0 0.0 0.0
2580 0 0 0.0 0.0
2581 0 0 0.0 0.0
2582 0 0 0.0 0.0
2583 0 0 0.0 0.0
2584 0 0 0.0 0.0
2585 0 0 0.0 0.0
2586 0 0 0.0 0.0
2587 0 0 0.0 0.0
2588 0 0 0.0 0.0
2589 0 0 0.0 0.0
2590 0 0 0.0 0.0
2591 0 0 0.0 0.0
2592 0 0 0.0 0.0
2593 0 0 0.0 0.0
2594 0 0 0.0 0.0
2595 0 0 0.0 0.0
2596 0 0 0.0 0.0
2597 0 0 0.0 0.0
2598 0 0 0.0 0.0
2599 0 0 0.0 0.0
2600 0 0 0.0 0.0
2601 0 0 0.0 0.0
2602 0 0 0.0 0.0
2603 0 0 0.0 0.0
2604 0 0 0.0 0.0
2605 0 0 0.0 0.0
2606 0 0 0.0 0.0
2607 0 0 0.0 0.0
2608 0 0 0.0 0.0
2609 0 0 0.0 0.0
2610 0 0 0.0 0.0
2611 0 0 0.0 0.0
2612 0 0 0.0 0.0
2613 0 0 0.0 0.0
2614 0 0 0.0 0.0
2615 0 0 0.0 0.0
2616 0 0 0.0 0.0
2617 0 0 0.0 0.0
2618 0 0 0.0 0.0
2619 0 0 0.0 0.0
2620 0 0 0.0 0.0
2621 0 0 0.0 0.0
2622 0 0 0.0 0.0
2623 0 0 0.0 0.0
2624 0 0 0.0 0.0
2625 0 0 0.0 0.0
2626 0 0 0.0 0.0
2627 0 0 0.0 0.0
2628 0 0 0.0 0.0
2629 0 0 0.0 0.0
2630 0 0 0.0 0.0
2631 0 0 0.0 0.0
2632 0 0 0.0 0.0
2633 0 0 0.0 0.0
2634 0 0 0.0 0.0
2635 1 1  0.938 0.918
2636 1 1  0.933 0.963
2637 1 1  0.974 0.942
2638 1 1  0.988 0.95
2639 1 1  0.907 0.994
2640 1 1  0.934 0.906
2641 1 1  0.912 0.921
2642 1 1  0.964 0.987
2643 1 1  0.964 0.925
2644 1 1  0.989 0.988
2645 1 1  0.943 0.948
2646 1 1  0.966 0.992
2647 1 1  0.943 0.988
2648 1 1  0.977 0.956
2649 1 1  0.972 0.926
2650 1 1  0.953 0.923
2651 1 1  0.938 0.989
2652 1 1  0.996 0.908
2653 1 1  0.95 0.917
2654 1 1  0.944 0.934
2655 1 1  0.987 0.999
2656 1 1  0.932 0.933
2657 1 1  0.907 0.961
2658 1 1  0.988 0.904
2659 1 1  0.957 0.966
2660 1 1  0.937 0.946
2661 1 1  0.963 0.955
2662 1 1  0.996 0.907
2663 1 1  0.955 0.905
2664 1 1  0.985 0.912
2665 1 1  0.994 0.944
2666 1 1  0.922 0.914
2667 1 1  0.976 0.94
2668 1 1  0.915 0.984
2669 1 1  0.986 0.935
2670 1 1  0.945 0.934
2671 1 1  0.971 0.958
2672 1 1  0.972 0.997
2673 1 1  0.908 0.924
2674 1 1  0.916 0.929
2675 1 1  0.997 0.909
2676 1 1  0.925 0.902
2677 1 1  0.989 0.908
2678 1 1  0.954 0.965
2679 1 1  0.969 0.937
2680 1 1  0.997 0.927
2681 1 1  0.981 0.921
2682 1 1  0.901 0.989
2683 1 1  0.938 0.948
2684 1 1  0.961 0.998
2685 1 1  0.938 0.91
2686 1 1  0.996 0.932
2687 1 1  0.959 0.947
2688 1 1  0.971 0.957
2689 1 1  0.945 0.946
2690 1 1  0.992 0.983
2691 1 1  0.925 0.985
2692 1 1  0.928 0.959
2693 1 1  0.987 0.932
2694 1 1  0.954 0.987
2695 1 1  0.983 0.916
2696 1 1  0.921 0.943
2697 1 1  0.917 0.957
2698 1 1  0.907 0.968
2699 1 1  0.953 0.949
2700 1 1  0.977 0.903
2701 1 1  0.989 0.902
2702 1 1  0.902 0.959
2703 1 1  0.92 0.934
2704 1 1  0.908 0.996
2705 1 1  0.959 0.998
2706 1 1  0.949 0.906
2707 0 0 0.0 0.0
2708 0 0 0.0 0.0
2709 0 0 0.0 0.0
2710 0 0 0.0 0.0
2711 0 0 0.0 0.0
2712 0 0 0.0 0.0
2713 0 0 0.0 0.0
2714 0 0 0.0 0.0
2715 0 0 0.0 0.0
2716 0 0 0.0 0.0
2717 0 0 0.0 0.0
2718 0 0 0.0 0.0
2719 0 0 0.0 0.0
2720 0 0 0.0 0.0
2721 0 0 0.0 0.0
2722 0 0 0.0 0.0
2723 0 0 0.0 0.0
2724 0 0 0.0 0.0
2725 0 0 0.0 0.0
2726 0 0 0.0 0.0
2727 0 0 0.0 0.0
2728 0 0 0.0 0.0
2729 0 0 0.0 0.0
2730 0 0 0.0 0.0
2731 0 0 0.0 0.0
2732 0 0 0.0 0.0
2733 0 0 0.0 0.0
2734 0 0 0.0 0.0
2735 0 0 0.0 0.0
2736 0 0 0.0 0.0
2737 0 0 0.0 0.0
2738 0 0 0.0 0.0
2739 0 0 0.0 0.0
2740 0 0 0.0 0.0
2741 0 0 0.0 0.0
2742 1 1  0.971 0.939
2743 1 1  0.95 0.979
2744 1 1  0.955 0.91
2745 1 1  0.912 0.988
2746 1 1  0.991 0.987
2747 1 1  0.921 0.95
2748 1 1  0.985 0.963
2749 1 1  0.978 0.941
2750 1 1  0.945 0.965
2751 1 1  0.954 0.942
2752 1 1  0.933 0.958
2753 1 1  0.94 0.995
2754 1 1  0.911 0.936
2755 1 1  0.977 0.989
2756 1 1  0.949 0.951
2757 1 1  0.95 0.979
2758 1 1  0.936 1
2759 1 1  0.936 0.97
2760 1 1  0.947 0.958
2761 1 1  0.947 0.915
2762 1 1  0.937 0.992
2763 1 1  0.901 0.993
2764 1 1  0.964 0.95
2765 1 1  0.951 0.928
2766 1 1  0.958 0.913
2767 1 1  0.992 0.975
2768 1 1  0.937 0.931
2769 1 1  0.991 0.96
2770 1 1  0.969 0.935
2771 1 1  0.91 0.942
2772 1 1  0.911 0.903
2773 1 1  0.992 0.925
2774 1 1  0.956 0.916
2775 1 1  0.971 0.942
2776 1 1  0.973 0.982
2777 1 1  0.956 0.969
2778 1 1  0.945 0.93
2779 1 1  0.97 0.944
2780 1 1  0.987 0.907
2781 1 1  0.904 0.925
2782 1 1  0.957 0.983
2783 1 1  0.924 0.973
2784 1 1  0.97 0.963
2785 1 1  0.957 0.965
2786 1 1  0.984 0.983
2787 1 1  0.973 0.91
2788 1 1  0.931 0.995
2789 1 1  0.99 0.987
2790 1 1  0.943 0.983
2791 1 1  0.939 0.947
2792 1 1  0.967 0.905
2793 1 1  0.971 0.904
2794 1 1  0.93 0.999
2795 1 1  0.973 0.963
2796 1 1  0.989 0.946
2797 1 1  0.978 0.911
2798 1 1  0.901 0.995
2799 1 1  0.925 0.994
2800 1 1  0.917 0.954
2801 1 1  0.953 0.944
2802 1 1  0.941 0.976
2803 1 1  0.944 0.99
2804 1 1  0.969 0.988
2805 1 1  0.934 0.977
2806 1 1  0.993 0.929
2807 1 1  0.976 0.985
2808 1 1  0.937 0.965
2809 1 1  0.979 0.991
2810 1 1  0.977 0.904
2811 1 1  0.906 0.925
2812 1 1  0.921 0.92
2813 1 1  0.972 0.937
2814 0 0 0.0 0.0
2815 0 0 0.0 0.0
2816 0 0 0.0 0.0
2817 0 0 0.0 0.0
2818 0 0 0.0 0.0
2819 0 0 0.0 0.0
2820 0 0 0.0 0.0
2821 0 0 0.0 0.0
2822 1 1  0.997 0.929
2823 1 1  0.991 0.929
2824 1 1  0.964 0.904
2825 1 1  0.968 0.968
2826 1 1  0.937 0.901
2827 1 1  0.96 0.985
2828 1 1  0.912 0.927
2829 1 1  0.925 0.903
2830 1 1  0.978 0.988
2831 1 1  0.977 0.995
2832 1 1  0.984 0.901
2833 1 1  0.931 0.966
2834 1 1  0.995 0.947
2835 1 1  0.902 0.924
2836 1 1  0.937 0.922
2837 1 1  0.914 0.994
2838 1 1  0.923 0.934
2839 1 1  0.994 0.928
2840 1 1  0.956 0.923
2841 1 1  0.904 0.919
2842 1 1  0.979 0.963
2843 1 1  0.94 0.949
2844 1 1  0.903 0.973
2845 1 1  0.979 0.973
2846 1 1  0.906 0.941
2847 1 1  0.996 0.909
2848 1 1  0.905 0.995
2849 1 1  0.911 0.95
2850 1 1  0.955 0.985
2851 1 1  0.99 0.951
2852 1 1  0.965 0.958
2853 1 1  0.906 0.947
2854 1 1  0.926 0.903
2855 1 1  0.91 0.993
2856 1 1  0.93 0.929
2857 1 1  0.995 0.953
2858 1 1  0.951 0.983
2859 1 1  0.982 0.9
2860 1 1  0.939 0.91
2861 1 1  0.914 0.964
2862 1 1  0.961 0.934
2863 1 1  0.91 0.994
2864 1 1  0.959 0.911
2865 1 1  0.995 0.942
2866 1 1  0.989 0.972
2867 1 1  0.933 0.95
2868 1 1  0.948 0.989
2869 1 1  0.945 0.953
2870 1 1  0.903 0.934
2871 1 1  0.927 0.954
2872 1 1  0.928 0.902
2873 1 1  0.99 0.932
2874 1 1  0.956 0.974
2875 1 1  0.942 0.915
2876 1 1  0.959 0.935
2877 1 1  0.906 0.98
2878 1 1  0.913 0.974
2879 1 1  0.962 0.957
2880 1 1  0.916 0.987
2881 1 1  0.975 0.991
2882 1 1  0.978 0.967
2883 1 1  0.941 0.948
2884 1 1  0.954 0.957
2885 1 1  0.92 0.943
2886 1 1  0.947 0.957
2887 1 1  0.924 0.919
2888 1 1  0.983 0.936
2889 1 1  0.921 0.927
2890 1 1  0.94 0.988
2891 1 1  0.977 0.994
2892 1 1  0.987 0.907
2893 1 1  0.923 0.975
2894 0 0 0.0 0.0
2895 0 0 0.0 0.0
2896 0 0 0.0 0.0
2897 0 0 0.0 0.0
2898 0 0 0.0 0.0
2899 0 0 0.0 0.0
2900 0 0 0.0 0.0
2901 0 0 0.0 0.0
2902 0 0 0.0 0.0
2903 0 0 0.0 0.0
2904 0 0 0.0 0.0
2905 0 0 0.0 0.0
2906 0 0 0.0 0.0
2907 0 0 0.0 0.0
2908 0 0 0.0 0.0
2909 0 0 0.0 0.0
2910 0 0 0.0 0.0
2911 0 0 0.0 0.0
2912 0 0 0.0 0.0
2913 0 0 0.0 0.0
2914 0 0 0.0 0.0
2915 0 0 0.0 0.0
2916 0 0 0.0 0.0
2917 0 0 0.0 0.0
2918 0 0 0.0 0.0
2919 0 0 0.0 0.0
2920 0 0 0.0 0.0
2921 0 0 0.0 0.0
2922 0 0 0.0 0.0
2923 0 0 0.0 0.0
2924 0 0 0.0 0.0
2925 0 0 0.0 0.0
2926 0 0 0.0 0.0
2927 0 0 0.0 0.0
2928 0 0 0.0 0.0
2929 1 1  0.908 0.993
2930 1 1  0.98 0.933
2931 1 1  0.982 0.921
2932 1 1  0.959 0.938
2933 1 1  0.905 0.923
2934 1 1  0.951 0.954
2935 1 1  0.973 0.978
2936 1 1  0.978 0.994
2937 1 1  0.972 0.944
2938 1 1  0.925 0.991
2939 1 1  0.971 0.945
2940 1 1  0.943 0.904
2941 1 1  0.982 0.944
2942 1 1  0.974 0.905
2943 1 1  0.969 0.991
2944 1 1  0.931 0.956
2945 1 1  0.931 0.994
2946 1 1  0.966 0.947
2947 1 1  0.992 0.919
2948 1 1  0.951 0.939
2949 1 1  0.987 0.947
2950 1 1  0.996 0.946
2951 1 1  0.982 0.915
2952 1 1  0.977 0.96
2953 1 1  0.917 0.984
2954 1 1  0.929 0.973
2955 1 1  0.955 0.958
2956 1 1  0.948 0.982
2957 1 1  0.963 0.925
2958 1 1  0.945 0.998
2959 1 1  0.971 0.962
2960 1 1  0.98 0.953
2961 1 1  0.942 0.969
2962 1 1  0.968 0.946
2963 1 1  0.987 0.924
2964 1 1  0.9 0.957
2965 1 1  0.982 0.942
2966 1 1  0.936 0.92
2967 1 1  0.981 0.924
2968 1 1  0.999 0.989
2969 1 1  0.917 0.944
2970 1 1  0.916 0.935
2971 1 1  0.988 0.983
2972 1 1  0.951 0.962
2973 1 1  0.913 0.952
2974 1 1  0.999 0.995
2975 1 1  0.96 0.986
2976 1 1  0.961 0.98
2977 1 1  0.99 0.992
2978 1 1  0.92 0.911
2979 1 1  0.954 0.919
2980 1 1  0.932 0.934
2981 1 1  0.971 0.911
2982 1 1  0.97 0.919
2983 1 1  0.916 0.975
2984 1 1  0.95 0.913
2985 1 1  0.958 0.999
2986 1 1  0.928 0.965
2987 1 1  0.901 0.948
2988 1 1  0.958 0.938
2989 1 1  0.928 0.936
2990 1 1  0.999 0.963
2991 1 1  0.957 0.987
2992 1 1  0.939 0.953
2993 1 1  0.901 0.988
2994 1 1  0.958 0.943
2995 1 1  0.957 0.903
2996 1 1  0.944 0.935
2997 1 1  0.913 0.953
2998 1 1  0.926 0.941
2999 1 1  0.965 0.95
3000 1 1  0.932 0.909
3001 0 0 0.0 0.0
3002 0 0 0.0 0.0
3003 0 0 0.0 0.0
3004 0 0 0.0 0.0
3005 0 0 0.0 0.0
3006 0 0 0.0 0.0
3007 0 0 0.0 0.0
3008 0 0 0.0 0.0
3009 1 1  0.996 0.933
3010 1 1  0.919 0.991
3011 1 1  0.962 0.912
3012 1 1  0.905 0.975
3013 1 1  0.964 0.9
3014 1 1  0.975 0.949
3015 1 1  0.963 0.972
3016 1 1  0.96 0.994
3017 1 1  0.94 0.974
3018 1 1  0.915 0.923
3019 1 1  0.927 0.946
3020 1 1  0.986 0.967
3021 1 1  0.977 0.917
3022 1 1  0.915 0.912
3023 1 1  0.906 0.912
3024 1 1  0.982 0.938
3025 1 1  0.963 0.925
3026 1 1  0.994 0.982
3027 1 1  0.908 0.961
3028 1 1  0.97 0.972
3029 1 1  0.906 0.982
3030 1 1  0.932 0.9
3031 1 1  0.968 0.946
3032 1 1  0.936 0.906
3033 1 1  0.949 0.98
3034 1 1  0.989 0.946
3035 1 1  0.937 0.914
3036 1 1  0.914 0.976
3037 1 1  0.952 0.944
3038 1 1  0.975 0.949
3039 1 1  0.957 0.954
3040 1 1  0.9 0.959
3041 1 1  0.941 0.905
3042 1 1  0.903 0.914
3043 1 1  0.961 0.97
3044 1 1  0.966 0.989
3045 1 1  0.914 0.903
3046 1 1  0.917 0.956
3047 1 1  0.922 0.995
3048 1 1  0.903 0.927
3049 1 1  0.961 0.94
3050 1 1  0.981 0.935
3051 1 1  0.95 0.977
3052 1 1  0.913 0.915
3053 1 1  0.923 0.978
3054 1 1  0.977 0.98
3055 1 1  0.992 0.916
3056 1 1  0.941 0.919
3057 1 1  0.909 0.979
3058 1 1  0.929 0.925
3059 1 1  0.905 0.943
3060 1 1  0.903 0.956
3061 1 1  0.939 0.926
3062 1 1  0.971 0.912
3063 1 1  0.996 0.94
3064 1 1  0.952 0.952
3065 1 1  0.984 0.962
3066 1 1  0.919 0.924
3067 1 1  0.939 0.977
3068 1 1  0.901 0.987
3069 1 1  0.931 0.953
3070 1 1  0.914 0.954
3071 1 1  0.932 0.988
3072 1 1  0.985 0.914
3073 1 1  0.973 0.942
3074 1 1  0.942 0.935
3075 1 1  0.952 0.928
3076 1 1  0.925 0.958
3077 1 1  0.919 0.971
3078 1 1  0.954 0.965
3079 1 1  0.905 0.979
3080 1 1  0.938 0.939
3081 0 0 0.0 0.0
3082 0 0 0.0 0.0
3083 0 0 0.0 0.0
3084 0 0 0.0 0.0
3085 0 0 0.0 0.0
3086 0 0 0.0 0.0
3087 0 0 0.0 0.0
3088 0 0 0.0 0.0
3089 0 0 0.0 0.0
3090 0 0 0.0 0.0
3091 0 0 0.0 0.0
3092 0 0 0.0 0.0
3093 0 0 0.0 0.0
3094 0 0 0.0 0.0
3095 0 0 0.0 0.0
3096 0 0 0.0 0.0
3097 0 0 0.0 0.0
3098 0 0 0.0 0.0
3099 0 0 0.0 0.0
3100 0 0 0.0 0.0
3101 0 0 0.0 0.0
3102 0 0 0.0 0.0
3103 0 0 0.0 0.0
3104 0 0 0.0 0.0
3105 0 0 0.0 0.0
3106 0 0 0.0 0.0
3107 0 0 0.0 0.0
3108 0 0 0.0 0.0
3109 0 0 0.0 0.0
3110 0 0 0.0 0.0
3111 0 0 0.0 0.0
3112 0 0 0.0 0.0
3113 0 0 0.0 0.0
3114 0 0 0.0 0.0
3115 0 0 0.0 0.0
3116 1 1  0.97 0.971
3117 1 1  0.946 0.916
3118 1 1  0.986 0.99
3119 1 1  0.906 0.97
3120 1 1  0.903 0.951
3121 1 1  0.96 0.919
3122 1 1  0.913 0.975
3123 1 1  0.985 0.928
3124 1 1  0.963 0.953
3125 1 1  0.924 0.943
3126 1 1  0.973 0.909
3127 1 1  0.93 0.987
3128 1 1  0.948 0.92
3129 1 1  0.939 0.927
3130 1 1  0.913 0.99
3131 1 1  0.966 0.978
3132 1 1  0.947 0.925
3133 1 1  0.987 0.925
3134 1 1  0.955 0.949
3135 1 1  0.915 0.908
3136 1 1  0.961 0.948
3137 1 1  0.908 0.974
3138 1 1  0.922 0.948
3139 1 1  0.984 0.95
3140 1 1  0.91 0.994
3141 1 1  0.98 0.902
3142 1 1  0.908 0.969
3143 1 1  0.956 0.981
3144 1 1  0.92 0.991
3145 1 1  0.991 0.919
3146 1 1  0.911 0.914
3147 1 1  0.945 0.95
3148 1 1  0.936 0.911
3149 1 1  0.994 0.981
3150 1 1  0.934 0.949
3151 1 1  0.908 0.982
3152 1 1  0.999 0.917
3153 1 1  0.981 0.904
3154 1 1  0.919 0.962
3155 1 1  0.916 0.956
3156 1 1  0.993 1
3157 1 1  0.915 0.965
3158 1 1  0.953 0.933
3159 1 1  0.945 0.926
3160 1 1  0.945 0.986
3161 1 1  0.914 0.935
3162 1 1  0.973 0.92
3163 1 1  0.923 0.947
3164 1 1  0.934 0.914
3165 1 1  0.964 0.916
3166 1 1  0.965 0.921
3167 1 1  0.95 0.953
3168 1 1  0.945 0.919
3169 1 1  0.917 0.974
3170 1 1  0.923 0.955
3171 1 1  0.97 0.98
3172 1 1  0.972 0.964
3173 1 1  0.988 0.91
3174 1 1  0.917 0.978
3175 1 1  0.982 0.939
3176 1 1  0.95 0.916
3177 1 1  0.97 0.988
3178 1 1  0.981 0.933
3179 1 1  0.995 0.976
3180 1 1  0.983 0.957
3181 1 1  0.928 0.928
3182 1 1  0.934 0.989
3183 1 1  0.975 0.984
3184 1 1  0.989 0.965
3185 1 1  0.932 0.921
3186 1 1  0.98 0.918
3187 1 1  0.943 0.948
3188 0 0 0.0 0.0
3189 0 0 0.0 0.0
3190 0 0 0.0 0.0
3191 0 0 0.0 0.0
3192 0 0 0.0 0.0
3193 0 0 0.0 0.0
3194 0 0 0.0 0.0
3195 0 0 0.0 0.0
3196 0 0 0.0 0.0
3197 0 0 0.0 0.0
3198 0 0 0.0 0.0
3199 0 0 0.0 0.0
3200 0 0 0.0 0.0
3201 0 0 0.0 0.0
3202 0 0 0.0 0.0
3203 0 0 0.0 0.0
3204 0 0 0.0 0.0
3205 0 0 0.0 0.0
3206 0 0 0.0 0.0
3207 0 0 0.0 0.0
3208 0 0 0.0 0.0
3209 0 0 0.0 0.0
3210 0 0 0.0 0.0
3211 0 0 0.0 0.0
3212 0 0 0.0 0.0
3213 0 0 0.0 0.0
3214 0 0 0.0 0.0
3215 0 0 0.0 0.0
3216 0 0 0.0 0.0
3217 0 0 0.0 0.0
3218 0 0 0.0 0.0
3219 0 0 0.0 0.0
3220 0 0 0.0 0.0
3221 0 0 0.0 0.0
3222 0 0 0.0 0.0
3223 1 1  0.978 0.918
3224 1 1  0.945 0.936
3225 1 1  0.957 0.929
3226 1 1  0.913 0.928
3227 1 1  0.94 0.901
3228 1 1  0.986 0.922
3229 1 1  0.931 0.946
3230 1 1  0.987 0.936
3231 1 1  0.902 0.921
3232 1 1  0.922 0.91
3233 1 1  0.947 0.993
3234 1 1  0.937 0.936
3235 1 1  0.99 0.954
3236 1 1  0.954 0.996
3237 1 1  0.904 0.941
3238 1 1  0.954 0.991
3239 1 1  0.997 0.991
3240 1 1  0.922 0.938
3241 1 1  0.99 0.921
3242 1 1  0.93 0.922
3243 1 1  0.948 0.945
3244 1 1  0.922 0.906
3245 1 1  0.908 0.903
3246 1 1  0.91 0.964
3247 1 1  0.903 0.937
3248 1 1  0.926 0.97
3249 1 1  0.977 0.997
3250 1 1  0.933 0.935
3251 1 1  0.957 0.981
3252 1 1  0.938 0.902
3253 1 1  0.992 0.936
3254 1 1  0.942 0.938
3255 1 1  0.916 0.937
3256 1 1  0.924 0.953
3257 1 1  0.976 0.939
3258 1 1  0.938 0.98
3259 1 1  0.951 0.985
3260 1 1  0.922 0.902
3261 1 1  0.944 0.957
3262 1 1  0.9 0.968
3263 1 1  0.98 0.958
3264 1 1  0.986 0.906
3265 1 1  0.985 0.962
3266 1 1  0.91 0.916
3267 1 1  0.909 0.929
3268 1 1  0.947 0.995
3269 1 1  0.917 0.932
3270 1 1  0.94 0.974
3271 1 1  0.948 0.939
3272 1 1  0.984 0.983
3273 1 1  0.976 0.934
3274 1 1  0.993 0.972
3275 1 1  0.965 0.913
3276 1 1  0.935 0.903
3277 1 1  0.944 0.905
3278 1 1  0.921 0.924
3279 1 1  0.966 0.997
3280 1 1  0.902 0.973
3281 1 1  0.918 0.901
3282 1 1  0.938 0.947
3283 1 1  0.903 0.928
3284 1 1  0.917 0.96
3285 1 1  0.991 0.947
3286 1 1  0.913 0.983
3287 1 1  0.934 0.997
3288 1 1  0.988 0.994
3289 1 1  0.991 0.913
3290 1 1  0.917 0.935
3291 1 1  0.914 0.98
3292 1 1  0.918 0.953
3293 1 1  0.988 0.998
3294 1 1  0.948 0.952
3295 0 0 0.0 0.0
3296 0 0 0.0 0.0
3297 0 0 0.0 0.0
3298 0 0 0.0 0.0
3299 0 0 0.0 0.0
3300 0 0 0.0 0.0
3301 0 0 0.0 0.0
3302 0 0 0.0 0.0
3303 1 1  0.979 0.95
3304 1 1  0.997 0.919
3305 1 1  0.98 0.907
3306 1 1  0.962 0.921
3307 1 1  0.94 0.992
3308 1 1  0.994 0.974
3309 1 1  0.907 0.934
3310 1 1  0.986 0.96
3311 1 1  0.918 0.976
3312 1 1  0.982 0.991
3313 1 1  0.965 0.903
3314 1 1  0.987 0.909
3315 1 1  0.974 0.967
3316 1 1  0.906 0.939
3317 1 1  0.912 0.922
3318 1 1  0.929 0.967
3319 1 1  0.927 0.987
3320 1 1  0.963 0.989
3321 1 1  0.981 0.952
3322 1 1  0.934 0.925
3323 1 1  0.951 0.933
3324 1 1  0.941 0.923
3325 1 1  0.957 0.903
3326 1 1  0.938 0.999
3327 1 1  0.996 0.941
3328 1 1  0.954 0.961
3329 1 1  0.979 0.994
3330 1 1  0.901 0.942
3331 1 1  0.992 0.938
3332 1 1  0.964 0.953
3333 1 1  0.961 0.96
3334 1 1  0.913 0.907
3335 1 1  0.901 0.918
3336 1 1  0.972 0.918
3337 1 1  0.958 0.971
3338 1 1  0.906 0.988
3339 1 1  0.948 0.944
3340 1 1  0.928 0.918
3341 1 1  0.921 0.917
3342 1 1  0.968 0.957
3343 1 1  0.945 0.961
3344 1 1  0.987 0.999
3345 1 1  0.901 0.952
3346 1 1  0.915 0.973
3347 1 1  0.981 0.959
3348 1 1  0.907 0.94
3349 1 1  0.914 0.922
3350 1 1  0.963 0.934
3351 1 1  0.935 0.941
3352 1 1  0.973 0.988
3353 1 1  0.972 0.909
3354 1 1  0.915 0.999
3355 1 1  0.959 0.968
3356 1 1  0.992 0.966
3357 1 1  0.931 0.961
3358 1 1  0.945 0.993
3359 1 1  0.918 0.991
3360 1 1  0.988 0.906
3361 1 1  0.927 0.908
3362 1 1  0.956 0.988
3363 1 1  0.986 0.905
3364 1 1  0.902 0.911
3365 1 1  0.994 0.957
3366 1 1  0.936 0.908
3367 1 1  0.947 0.958
3368 1 1  0.959 0.961
3369 1 1  0.981 0.95
3370 1 1  0.93 0.999
3371 1 1  0.935 0.927
3372 1 1  0.971 0.929
3373 1 1  0.916 0.995
3374 1 1  0.929 0.98
3375 0 0 0.0 0.0
3376 0 0 0.0 0.0
3377 0 0 0.0 0.0
3378 0 0 0.0 0.0
3379 0 0 0.0 0.0
3380 0 0 0.0 0.0
3381 0 0 0.0 0.0
3382 0 0 0.0 0.0
3383 0 0 0.0 0.0
3384 0 0 0.0 0.0
3385 0 0 0.0 0.0
3386 0 0 0.0 0.0
3387 0 0 0.0 0.0
3388 0 0 0.0 0.0
3389 0 0 0.0 0.0
3390 0 0 0.0 0.0
3391 0 0 0.0 0.0
3392 0 0 0.0 0.0
3393 0 0 0.0 0.0
3394 0 0 0.0 0.0
3395 0 0 0.0 0.0
3396 0 0 0.0 0.0
3397 0 0 0.0 0.0
3398 0 0 0.0 0.0
3399 0 0 0.0 0.0
3400 0 0 0.0 0.0
3401 0 0 0.0 0.0
3402 0 0 0.0 0.0
3403 0 0 0.0 0.0
3404 0 0 0.0 0.0
3405 0 0 0.0 0.0
3406 0 0 0.0 0.0
3407 0 0 0.0 0.0
3408 0 0 0.0 0.0
3409 0 0 0.0 0.0
3410 0 0 0.0 0.0
3411 0 0 0.0 0.0
3412 0 0 0.0 0.0
3413 0 0 0.0 0.0
3414 0 0 0.0 0.0
3415 0 0 0.0 0.0
3416 0 0 0.0 0.0
3417 0 0 0.0 0.0
3418 0 0 0.0 0.0
3419 0 0 0.0 0.0
3420 0 0 0.0 0.0
3421 0 0 0.0 0.0
3422 0 0 0.0 0.0
3423 0 0 0.0 0.0
3424 0 0 0.0 0.0
3425 0 0 0.0 0.0
3426 0 0 0.0 0.0
3427 0 0 0.0 0.0
3428 0 0 0.0 0.0
3429 0 0 0.0 0.0
3430 0 0 0.0 0.0
3431 0 0 0.0 0.0
3432 0 0 0.0 0.0
3433 0 0 0.0 0.0
3434 0 0 0.0 0.0
3435 0 0 0.0 0.0
3436 0 0 0.0 0.0
3437 0 0 0.0 0.0
3438 0 0 0.0 0.0
3439 0 0 0.0 0.0
3440 0 0 0.0 0.0
3441 0 0 0.0 0.0
3442 0 0 0.0 0.0
3443 0 0 0.0 0.0
3444 0 0 0.0 0.0
3445 0 0 0.0 0.0
3446 0 0 0.0 0.0
3447 0 0 0.0 0.0
3448 0 0 0.0 0.0
3449 0 0 0.0 0.0
3450 0 0 0.0 0.0
3451 0 0 0.0 0.0
3452 0 0 0.0 0.0
3453 0 0 0.0 0.0
3454 0 0 0.0 0.0
3455 0 0 0.0 0.0
3456 0 0 0.0 0.0
3457 0 0 0.0 0.0
3458 0 0 0.0 0.0
3459 0 0 0.0 0.0
3460 0 0 0.0 0.0
3461 0 0 0.0 0.0
3462 0 0 0.0 0.0
3463 0 0 0.0 0.0
3464 0 0 0.0 0.0
3465 0 0 0.0 0.0
3466 0 0 0.0 0.0
3467 0 0 0.0 0.0
3468 0 0 0.0 0.0
3469 0 0 0.0 0.0
3470 0 0 0.0 0.0
3471 0 0 0.0 0.0
3472 0 0 0.0 0.0
3473 0 0 0.0 0.0
3474 0 0 0.0 0.0
3475 0 0 0.0 0.0
3476 0 0 0.0 0.0
3477 0 0 0.0 0.0
3478 0 0 0.0 0.0
3479 0 0 0.0 0.0
3480 0 0 0.0 0.0
3481 0 0 0.0 0.0
3482 0 0 0.0 0.0
3483 0 0 0.0 0.0
3484 0 0 0.0 0.0
3485 0 0 0.0 0.0
3486 0 0 0.0 0.0
3487 0 0 0.0 0.0
3488 0 0 0.0 0.0
3489 0 0 0.0 0.0
3490 0 0 0.0 0.0
3491 0 0 0.0 0.0
3492 0 0 0.0 0.0
3493 0 0 0.0 0.0
3494 0 0 0.0 0.0
3495 0 0 0.0 0.0
3496 0 0 0.0 0.0
3497 0 0 0.0 0.0
3498 0 0 0.0 0.0
3499 0 0 0.0 0.0
3500 0 0 0.0 0.0
3501 0 0 0.0 0.0
3502 0 0 0.0 0.0
3503 0 0 0.0 0.0
3504 0 0 0.0 0.0
3505 0 0 0.0 0.0
3506 0 0 0.0 0.0
3507 0 0 0.0 0.0
3508 0 0 0.0 0.0
3509 0 0 0.0 0.0
3510 0 0 0.0 0.0
3511 0 0 0.0 0.0
3512 0 0 0.0 0.0
3513 0 0 0.0 0.0
3514 0 0 0.0 0.0
3515 0 0 0.0 0.0
3516 0 0 0.0 0.0
3517 0 0 0.0 0.0
3518 0 0 0.0 0.0
3519 0 0 0.0 0.0
3520 0 0 0.0 0.0
3521 0 0 0.0 0.0
3522 0 0 0.0 0.0
3523 0 0 0.0 0.0
3524 0 0 0.0 0.0
3525 0 0 0.0 0.0
3526 0 0 0.0 0.0
3527 0 0 0.0 0.0
3528 0 0 0.0 0.0
3529 0 0 0.0 0.0
3530 0 0 0.0 0.0
3531 0 0 0.0 0.0
3532 0 0 0.0 0.0
3533 0 0 0.0 0.0
3534 0 0 0.0 0.0
3535 0 0 0.0 0.0
3536 0 0 0.0 0.0
3537 0 0 0.0 0.0
3538 0 0 0.0 0.0
3539 0 0 0.0 0.0
3540 0 0 0.0 0.0
3541 0 0 0.0 0.0
3542 0 0 0.0 0.0
3543 0 0 0.0 0.0
3544 0 0 0.0 0.0
3545 0 0 0.0 0.0
3546 0 0 0.0 0.0
3547 0 0 0.0 0.0
3548 0 0 0.0 0.0
3549 0 0 0.0 0.0
3550 0 0 0.0 0.0
3551 0 0 0.0 0.0
3552 0 0 0.0 0.0
3553 0 0 0.0 0.0
3554 0 0 0.0 0.0
3555 0 0 0.0 0.0
3556 0 0 0.0 0.0
3557 0 0 0.0 0.0
3558 0 0 0.0 0.0
3559 0 0 0.0 0.0
3560 0 0 0.0 0.0
3561 0 0 0.0 0.0
3562 0 0 0.0 0.0
3563 0 0 0.0 0.0
3564 0 0 0.0 0.0
