1 1 1  0.985 0.956
2 0 0 0.0 0.0
3 0 0 0.0 0.0
4 0 0 0.0 0.0
5 0 0 0.0 0.0
6 0 0 0.0 0.0
7 0 0 0.0 0.0
8 0 0 0.0 0.0
9 0 0 0.0 0.0
10 0 0 0.0 0.0
11 0 0 0.0 0.0
12 0 0 0.0 0.0
13 0 0 0.0 0.0
14 0 0 0.0 0.0
15 0 0 0.0 0.0
16 0 0 0.0 0.0
17 0 0 0.0 0.0
18 0 0 0.0 0.0
19 0 0 0.0 0.0
20 0 0 0.0 0.0
21 0 0 0.0 0.0
22 0 0 0.0 0.0
23 0 0 0.0 0.0
24 0 0 0.0 0.0
25 0 0 0.0 0.0
26 0 0 0.0 0.0
27 0 0 0.0 0.0
28 0 0 0.0 0.0
29 0 0 0.0 0.0
30 0 0 0.0 0.0
31 0 0 0.0 0.0
32 0 0 0.0 0.0
33 0 0 0.0 0.0
34 0 0 0.0 0.0
35 0 0 0.0 0.0
36 0 0 0.0 0.0
37 0 0 0.0 0.0
38 0 0 0.0 0.0
39 1 1  0.902 0.984
40 0 0 0.0 0.0
41 1 1  0.902 0.947
42 0 0 0.0 0.0
43 1 1  0.94 0.922
44 0 0 0.0 0.0
45 1 1  0.93 0.921
46 0 0 0.0 0.0
47 1 1  0.976 0.934
48 0 0 0.0 0.0
49 1 1  0.95 0.981
50 0 0 0.0 0.0
51 1 1  0.959 0.943
52 0 0 0.0 0.0
53 1 1  0.956 0.972
54 0 0 0.0 0.0
55 1 1  0.931 0.99
56 0 0 0.0 0.0
57 1 1  0.945 0.956
58 0 0 0.0 0.0
59 1 1  0.946 0.953
60 0 0 0.0 0.0
61 1 1  0.993 0.927
62 0 0 0.0 0.0
63 0 0 0.0 0.0
64 0 0 0.0 0.0
65 0 0 0.0 0.0
66 0 0 0.0 0.0
67 0 0 0.0 0.0
68 0 0 0.0 0.0
69 0 0 0.0 0.0
70 0 0 0.0 0.0
71 0 0 0.0 0.0
72 0 0 0.0 0.0
73 0 0 0.0 0.0
74 0 0 0.0 0.0
75 0 0 0.0 0.0
76 0 0 0.0 0.0
77 0 0 0.0 0.0
78 0 0 0.0 0.0
79 0 0 0.0 0.0
80 0 0 0.0 0.0
81 0 0 0.0 0.0
82 0 0 0.0 0.0
83 0 0 0.0 0.0
84 0 0 0.0 0.0
85 0 0 0.0 0.0
86 0 0 0.0 0.0
87 0 0 0.0 0.0
88 0 0 0.0 0.0
89 0 0 0.0 0.0
90 0 0 0.0 0.0
91 0 0 0.0 0.0
92 0 0 0.0 0.0
93 0 0 0.0 0.0
94 0 0 0.0 0.0
95 0 0 0.0 0.0
96 0 0 0.0 0.0
97 0 0 0.0 0.0
98 0 0 0.0 0.0
99 0 0 0.0 0.0
100 0 0 0.0 0.0
101 0 0 0.0 0.0
102 0 0 0.0 0.0
103 0 0 0.0 0.0
104 0 0 0.0 0.0
105 1 1  0.98 0.93
106 0 0 0.0 0.0
107 1 1  0.907 0.964
108 0 0 0.0 0.0
109 1 1  0.921 0.903
110 0 0 0.0 0.0
111 1 1  0.973 0.929
112 0 0 0.0 0.0
113 1 1  0.988 0.904
114 0 0 0.0 0.0
115 1 1  0.935 0.921
116 0 0 0.0 0.0
117 1 1  0.908 0.963
118 0 0 0.0 0.0
119 1 1  0.932 0.971
120 0 0 0.0 0.0
121 1 1  0.977 0.949
122 0 0 0.0 0.0
123 1 1  0.946 0.903
124 0 0 0.0 0.0
125 1 1  0.974 0.921
126 0 0 0.0 0.0
127 1 1  0.966 0.909
128 0 0 0.0 0.0
129 1 1  0.939 0.971
130 0 0 0.0 0.0
131 1 1  0.959 0.94
132 0 0 0.0 0.0
133 1 1  0.979 0.914
134 0 0 0.0 0.0
135 1 1  0.906 0.946
136 0 0 0.0 0.0
137 1 1  0.991 0.958
138 0 0 0.0 0.0
139 1 1  0.991 0.913
140 0 0 0.0 0.0
141 1 1  0.973 0.933
142 0 0 0.0 0.0
143 1 1  0.987 0.905
144 0 0 0.0 0.0
145 1 1  0.952 0.954
146 0 0 0.0 0.0
147 1 1  0.996 0.99
148 0 0 0.0 0.0
149 1 1  0.902 0.914
150 0 0 0.0 0.0
151 1 1  0.926 0.922
152 0 0 0.0 0.0
153 1 1  0.918 0.997
154 0 0 0.0 0.0
155 1 1  0.974 0.989
156 0 0 0.0 0.0
157 1 1  0.994 0.922
158 0 0 0.0 0.0
159 1 1  0.901 0.928
160 0 0 0.0 0.0
161 1 1  0.997 0.907
162 0 0 0.0 0.0
163 1 1  0.937 0.951
164 0 0 0.0 0.0
165 1 1  0.961 0.977
166 0 0 0.0 0.0
167 1 1  0.938 0.996
168 0 0 0.0 0.0
169 1 1  0.999 0.97
170 0 0 0.0 0.0
171 1 1  0.985 0.967
172 0 0 0.0 0.0
173 1 1  0.912 0.982
174 0 0 0.0 0.0
175 1 1  0.93 0.981
176 0 0 0.0 0.0
177 0 0 0.0 0.0
178 0 0 0.0 0.0
179 0 0 0.0 0.0
180 0 0 0.0 0.0
181 0 0 0.0 0.0
182 0 0 0.0 0.0
183 0 0 0.0 0.0
184 1 1  0.998 0.961
185 0 0 0.0 0.0
186 1 1  0.955 0.988
187 0 0 0.0 0.0
188 1 1  0.977 0.969
189 0 0 0.0 0.0
190 1 1  0.928 0.974
191 0 0 0.0 0.0
192 1 1  0.929 0.904
193 0 0 0.0 0.0
194 1 1  0.939 0.912
195 0 0 0.0 0.0
196 1 1  0.991 0.943
197 0 0 0.0 0.0
198 1 1  0.911 0.943
199 0 0 0.0 0.0
200 1 1  0.973 0.957
201 0 0 0.0 0.0
202 1 1  0.966 0.931
203 0 0 0.0 0.0
204 1 1  0.978 0.913
205 0 0 0.0 0.0
206 1 1  0.906 0.945
207 0 0 0.0 0.0
208 1 1  0.936 0.96
209 0 0 0.0 0.0
210 1 1  0.919 0.98
211 0 0 0.0 0.0
212 1 1  0.938 0.932
213 0 0 0.0 0.0
214 1 1  0.905 0.921
215 0 0 0.0 0.0
216 1 1  0.941 0.907
217 0 0 0.0 0.0
218 1 1  0.926 0.914
219 0 0 0.0 0.0
220 1 1  0.922 0.983
221 0 0 0.0 0.0
222 1 1  0.93 0.903
223 0 0 0.0 0.0
224 1 1  0.983 0.915
225 0 0 0.0 0.0
226 1 1  0.929 0.918
227 0 0 0.0 0.0
228 1 1  0.964 0.991
229 0 0 0.0 0.0
230 1 1  0.912 0.919
231 0 0 0.0 0.0
232 1 1  0.91 0.996
233 0 0 0.0 0.0
234 1 1  0.937 0.914
235 0 0 0.0 0.0
236 1 1  0.99 0.939
237 0 0 0.0 0.0
238 1 1  0.903 0.948
239 0 0 0.0 0.0
240 1 1  0.944 0.98
241 0 0 0.0 0.0
242 1 1  0.918 0.929
243 0 0 0.0 0.0
244 1 1  0.916 0.925
245 0 0 0.0 0.0
246 1 1  0.941 0.973
247 0 0 0.0 0.0
248 1 1  0.932 0.905
249 0 0 0.0 0.0
250 1 1  0.978 0.937
251 0 0 0.0 0.0
252 1 1  0.932 0.974
253 0 0 0.0 0.0
254 1 1  0.907 0.936
255 0 0 0.0 0.0
256 0 0 0.0 0.0
257 0 0 0.0 0.0
258 0 0 0.0 0.0
259 0 0 0.0 0.0
260 0 0 0.0 0.0
261 0 0 0.0 0.0
262 0 0 0.0 0.0
263 1 1  0.914 0.911
264 0 0 0.0 0.0
265 1 1  0.927 0.974
266 0 0 0.0 0.0
267 1 1  0.91 0.92
268 0 0 0.0 0.0
269 1 1  0.99 0.992
270 0 0 0.0 0.0
271 1 1  0.942 0.985
272 0 0 0.0 0.0
273 1 1  0.946 0.917
274 0 0 0.0 0.0
275 1 1  0.99 0.993
276 0 0 0.0 0.0
277 1 1  0.91 0.911
278 0 0 0.0 0.0
279 1 1  0.978 0.941
280 0 0 0.0 0.0
281 1 1  0.995 0.949
282 0 0 0.0 0.0
283 1 1  0.936 0.985
284 0 0 0.0 0.0
285 1 1  0.978 0.978
286 0 0 0.0 0.0
287 1 1  0.961 0.946
288 0 0 0.0 0.0
289 1 1  0.927 0.962
290 0 0 0.0 0.0
291 1 1  0.96 0.994
292 0 0 0.0 0.0
293 1 1  0.909 0.989
294 0 0 0.0 0.0
295 1 1  0.921 0.908
296 0 0 0.0 0.0
297 1 1  0.994 0.984
298 0 0 0.0 0.0
299 1 1  0.967 0.954
300 0 0 0.0 0.0
301 1 1  0.985 0.95
302 0 0 0.0 0.0
303 1 1  0.986 0.903
304 0 0 0.0 0.0
305 1 1  0.97 0.901
306 0 0 0.0 0.0
307 1 1  0.946 0.998
308 0 0 0.0 0.0
309 1 1  0.958 0.919
310 0 0 0.0 0.0
311 1 1  0.998 0.904
312 0 0 0.0 0.0
313 1 1  0.923 0.933
314 0 0 0.0 0.0
315 1 1  0.938 0.927
316 0 0 0.0 0.0
317 1 1  0.943 0.942
318 0 0 0.0 0.0
319 1 1  0.938 0.927
320 0 0 0.0 0.0
321 1 1  1 0.987
322 0 0 0.0 0.0
323 1 1  0.943 0.972
324 0 0 0.0 0.0
325 1 1  0.916 0.994
326 0 0 0.0 0.0
327 1 1  0.938 0.921
328 0 0 0.0 0.0
329 1 1  0.927 0.977
330 0 0 0.0 0.0
331 1 1  0.932 0.968
332 0 0 0.0 0.0
333 1 1  0.942 0.906
334 0 0 0.0 0.0
335 0 0 0.0 0.0
336 0 0 0.0 0.0
337 0 0 0.0 0.0
338 0 0 0.0 0.0
339 0 0 0.0 0.0
340 0 0 0.0 0.0
341 0 0 0.0 0.0
342 0 0 0.0 0.0
343 0 0 0.0 0.0
344 0 0 0.0 0.0
345 0 0 0.0 0.0
346 0 0 0.0 0.0
347 0 0 0.0 0.0
348 0 0 0.0 0.0
349 0 0 0.0 0.0
350 0 0 0.0 0.0
351 0 0 0.0 0.0
352 0 0 0.0 0.0
353 0 0 0.0 0.0
354 0 0 0.0 0.0
355 0 0 0.0 0.0
356 0 0 0.0 0.0
357 0 0 0.0 0.0
358 0 0 0.0 0.0
359 0 0 0.0 0.0
360 0 0 0.0 0.0
361 0 0 0.0 0.0
362 0 0 0.0 0.0
363 0 0 0.0 0.0
364 0 0 0.0 0.0
365 0 0 0.0 0.0
366 0 0 0.0 0.0
367 0 0 0.0 0.0
368 0 0 0.0 0.0
369 0 0 0.0 0.0
370 0 0 0.0 0.0
371 0 0 0.0 0.0
372 0 0 0.0 0.0
373 0 0 0.0 0.0
374 0 0 0.0 0.0
375 0 0 0.0 0.0
376 0 0 0.0 0.0
377 0 0 0.0 0.0
378 0 0 0.0 0.0
379 0 0 0.0 0.0
380 0 0 0.0 0.0
381 0 0 0.0 0.0
382 0 0 0.0 0.0
383 0 0 0.0 0.0
384 0 0 0.0 0.0
385 0 0 0.0 0.0
386 0 0 0.0 0.0
387 0 0 0.0 0.0
388 0 0 0.0 0.0
389 0 0 0.0 0.0
390 0 0 0.0 0.0
391 0 0 0.0 0.0
392 0 0 0.0 0.0
393 0 0 0.0 0.0
394 0 0 0.0 0.0
395 0 0 0.0 0.0
396 0 0 0.0 0.0
397 0 0 0.0 0.0
398 0 0 0.0 0.0
399 0 0 0.0 0.0
400 0 0 0.0 0.0
401 0 0 0.0 0.0
402 0 0 0.0 0.0
403 0 0 0.0 0.0
404 0 0 0.0 0.0
405 0 0 0.0 0.0
406 0 0 0.0 0.0
407 0 0 0.0 0.0
408 0 0 0.0 0.0
409 0 0 0.0 0.0
410 0 0 0.0 0.0
411 0 0 0.0 0.0
412 0 0 0.0 0.0
413 0 0 0.0 0.0
414 0 0 0.0 0.0
415 0 0 0.0 0.0
416 0 0 0.0 0.0
417 0 0 0.0 0.0
418 0 0 0.0 0.0
419 0 0 0.0 0.0
420 0 0 0.0 0.0
421 0 0 0.0 0.0
422 0 0 0.0 0.0
423 0 0 0.0 0.0
424 0 0 0.0 0.0
425 0 0 0.0 0.0
426 0 0 0.0 0.0
427 0 0 0.0 0.0
428 0 0 0.0 0.0
429 0 0 0.0 0.0
430 0 0 0.0 0.0
431 0 0 0.0 0.0
432 0 0 0.0 0.0
433 0 0 0.0 0.0
434 0 0 0.0 0.0
435 0 0 0.0 0.0
436 0 0 0.0 0.0
437 0 0 0.0 0.0
438 0 0 0.0 0.0
439 0 0 0.0 0.0
440 0 0 0.0 0.0
441 0 0 0.0 0.0
442 0 0 0.0 0.0
443 0 0 0.0 0.0
444 0 0 0.0 0.0
445 0 0 0.0 0.0
446 0 0 0.0 0.0
447 0 0 0.0 0.0
448 0 0 0.0 0.0
449 1 1  0.908 0.962
450 0 0 0.0 0.0
451 1 1  0.922 0.902
452 0 0 0.0 0.0
453 1 1  0.913 0.996
454 0 0 0.0 0.0
455 1 1  0.986 0.947
456 0 0 0.0 0.0
457 1 1  0.922 0.925
458 0 0 0.0 0.0
459 1 1  0.981 0.915
460 0 0 0.0 0.0
461 1 1  0.928 0.933
462 0 0 0.0 0.0
463 1 1  0.984 0.991
464 0 0 0.0 0.0
465 1 1  0.946 0.947
466 0 0 0.0 0.0
467 1 1  0.976 0.918
468 0 0 0.0 0.0
469 1 1  0.999 0.937
470 0 0 0.0 0.0
471 1 1  0.979 0.989
472 0 0 0.0 0.0
473 1 1  0.98 0.91
474 0 0 0.0 0.0
475 1 1  0.993 0.978
476 0 0 0.0 0.0
477 1 1  0.961 0.962
478 0 0 0.0 0.0
479 1 1  0.946 0.929
480 0 0 0.0 0.0
481 1 1  0.963 0.996
482 0 0 0.0 0.0
483 1 1  0.976 0.949
484 0 0 0.0 0.0
485 1 1  0.92 0.956
486 0 0 0.0 0.0
487 1 1  0.962 0.94
488 0 0 0.0 0.0
489 1 1  0.968 0.995
490 0 0 0.0 0.0
491 1 1  0.975 0.923
492 0 0 0.0 0.0
493 1 1  0.95 0.903
494 0 0 0.0 0.0
495 1 1  0.996 0.993
496 0 0 0.0 0.0
497 1 1  0.969 0.987
498 0 0 0.0 0.0
499 1 1  0.9 0.973
500 0 0 0.0 0.0
501 1 1  0.909 0.919
502 0 0 0.0 0.0
503 1 1  0.932 0.993
504 0 0 0.0 0.0
505 1 1  0.967 0.997
506 0 0 0.0 0.0
507 1 1  0.935 0.951
508 0 0 0.0 0.0
509 1 1  0.93 0.996
510 0 0 0.0 0.0
511 1 1  0.923 0.963
512 0 0 0.0 0.0
513 1 1  0.916 0.917
514 0 0 0.0 0.0
515 1 1  0.969 0.942
516 0 0 0.0 0.0
517 1 1  0.934 0.958
518 0 0 0.0 0.0
519 1 1  0.979 0.975
520 0 0 0.0 0.0
521 0 0 0.0 0.0
522 0 0 0.0 0.0
523 0 0 0.0 0.0
524 0 0 0.0 0.0
525 0 0 0.0 0.0
526 0 0 0.0 0.0
527 0 0 0.0 0.0
528 1 1  0.959 0.943
529 0 0 0.0 0.0
530 1 1  0.933 0.907
531 0 0 0.0 0.0
532 1 1  0.952 0.986
533 0 0 0.0 0.0
534 1 1  0.91 0.964
535 0 0 0.0 0.0
536 1 1  0.995 0.956
537 0 0 0.0 0.0
538 1 1  0.971 0.953
539 0 0 0.0 0.0
540 1 1  0.962 0.917
541 0 0 0.0 0.0
542 1 1  0.974 0.946
543 0 0 0.0 0.0
544 1 1  0.922 0.962
545 0 0 0.0 0.0
546 1 1  0.96 0.91
547 0 0 0.0 0.0
548 1 1  0.989 0.908
549 0 0 0.0 0.0
550 1 1  0.924 0.914
551 0 0 0.0 0.0
552 1 1  0.925 0.963
553 0 0 0.0 0.0
554 1 1  0.979 0.919
555 0 0 0.0 0.0
556 1 1  0.9 0.955
557 0 0 0.0 0.0
558 1 1  0.936 0.988
559 0 0 0.0 0.0
560 1 1  0.91 0.915
561 0 0 0.0 0.0
562 1 1  0.98 0.948
563 0 0 0.0 0.0
564 1 1  0.912 0.983
565 0 0 0.0 0.0
566 1 1  0.959 0.942
567 0 0 0.0 0.0
568 1 1  0.998 0.916
569 0 0 0.0 0.0
570 1 1  0.91 0.991
571 0 0 0.0 0.0
572 1 1  0.985 0.943
573 0 0 0.0 0.0
574 1 1  0.936 0.934
575 0 0 0.0 0.0
576 1 1  0.943 0.908
577 0 0 0.0 0.0
578 1 1  0.995 0.919
579 0 0 0.0 0.0
580 1 1  0.973 0.903
581 0 0 0.0 0.0
582 1 1  0.978 0.915
583 0 0 0.0 0.0
584 1 1  0.917 0.997
585 0 0 0.0 0.0
586 1 1  0.979 0.989
587 0 0 0.0 0.0
588 1 1  0.951 0.904
589 0 0 0.0 0.0
590 1 1  0.98 0.986
591 0 0 0.0 0.0
592 1 1  0.988 0.934
593 0 0 0.0 0.0
594 1 1  0.977 0.933
595 0 0 0.0 0.0
596 1 1  0.948 0.921
597 0 0 0.0 0.0
598 1 1  0.925 0.937
599 0 0 0.0 0.0
600 0 0 0.0 0.0
601 0 0 0.0 0.0
602 0 0 0.0 0.0
603 0 0 0.0 0.0
604 0 0 0.0 0.0
605 0 0 0.0 0.0
606 0 0 0.0 0.0
607 1 1  0.99 0.985
608 0 0 0.0 0.0
609 1 1  0.997 0.975
610 0 0 0.0 0.0
611 1 1  0.941 0.952
612 0 0 0.0 0.0
613 1 1  0.916 0.98
614 0 0 0.0 0.0
615 1 1  0.95 0.909
616 0 0 0.0 0.0
617 1 1  0.919 0.954
618 0 0 0.0 0.0
619 1 1  0.9 0.922
620 0 0 0.0 0.0
621 1 1  0.924 0.962
622 0 0 0.0 0.0
623 1 1  0.921 0.909
624 0 0 0.0 0.0
625 1 1  0.96 0.943
626 0 0 0.0 0.0
627 1 1  0.998 0.978
628 0 0 0.0 0.0
629 1 1  0.935 0.929
630 0 0 0.0 0.0
631 1 1  0.947 0.929
632 0 0 0.0 0.0
633 1 1  0.95 0.912
634 0 0 0.0 0.0
635 1 1  0.997 0.911
636 0 0 0.0 0.0
637 1 1  0.954 0.963
638 0 0 0.0 0.0
639 1 1  0.949 0.909
640 0 0 0.0 0.0
641 1 1  0.986 0.947
642 0 0 0.0 0.0
643 1 1  0.904 0.931
644 0 0 0.0 0.0
645 1 1  0.988 0.918
646 0 0 0.0 0.0
647 1 1  0.908 0.924
648 0 0 0.0 0.0
649 1 1  0.974 0.946
650 0 0 0.0 0.0
651 1 1  0.944 0.977
652 0 0 0.0 0.0
653 1 1  0.913 0.932
654 0 0 0.0 0.0
655 1 1  0.99 0.964
656 0 0 0.0 0.0
657 1 1  0.939 0.943
658 0 0 0.0 0.0
659 1 1  0.993 0.947
660 0 0 0.0 0.0
661 1 1  0.999 0.985
662 0 0 0.0 0.0
663 1 1  0.939 0.939
664 0 0 0.0 0.0
665 1 1  0.978 0.926
666 0 0 0.0 0.0
667 1 1  0.976 0.973
668 0 0 0.0 0.0
669 1 1  0.95 0.932
670 0 0 0.0 0.0
671 1 1  0.924 0.914
672 0 0 0.0 0.0
673 1 1  0.999 0.975
674 0 0 0.0 0.0
675 1 1  0.913 0.974
676 0 0 0.0 0.0
677 1 1  0.993 0.937
678 0 0 0.0 0.0
679 0 0 0.0 0.0
680 0 0 0.0 0.0
681 0 0 0.0 0.0
682 0 0 0.0 0.0
683 0 0 0.0 0.0
684 0 0 0.0 0.0
685 0 0 0.0 0.0
686 0 0 0.0 0.0
687 0 0 0.0 0.0
688 0 0 0.0 0.0
689 0 0 0.0 0.0
690 0 0 0.0 0.0
691 0 0 0.0 0.0
692 0 0 0.0 0.0
693 0 0 0.0 0.0
694 0 0 0.0 0.0
695 0 0 0.0 0.0
696 0 0 0.0 0.0
697 0 0 0.0 0.0
698 0 0 0.0 0.0
699 0 0 0.0 0.0
700 0 0 0.0 0.0
701 0 0 0.0 0.0
702 0 0 0.0 0.0
703 0 0 0.0 0.0
704 0 0 0.0 0.0
705 0 0 0.0 0.0
706 0 0 0.0 0.0
707 0 0 0.0 0.0
708 0 0 0.0 0.0
709 0 0 0.0 0.0
710 0 0 0.0 0.0
711 0 0 0.0 0.0
712 0 0 0.0 0.0
713 0 0 0.0 0.0
714 0 0 0.0 0.0
715 0 0 0.0 0.0
716 0 0 0.0 0.0
717 0 0 0.0 0.0
718 0 0 0.0 0.0
719 0 0 0.0 0.0
720 0 0 0.0 0.0
721 0 0 0.0 0.0
722 0 0 0.0 0.0
723 0 0 0.0 0.0
724 0 0 0.0 0.0
725 0 0 0.0 0.0
726 0 0 0.0 0.0
727 0 0 0.0 0.0
728 0 0 0.0 0.0
729 0 0 0.0 0.0
730 0 0 0.0 0.0
731 0 0 0.0 0.0
732 0 0 0.0 0.0
733 0 0 0.0 0.0
734 0 0 0.0 0.0
735 0 0 0.0 0.0
736 0 0 0.0 0.0
737 0 0 0.0 0.0
738 0 0 0.0 0.0
739 0 0 0.0 0.0
740 0 0 0.0 0.0
741 0 0 0.0 0.0
742 0 0 0.0 0.0
743 0 0 0.0 0.0
744 0 0 0.0 0.0
745 0 0 0.0 0.0
746 0 0 0.0 0.0
747 0 0 0.0 0.0
748 0 0 0.0 0.0
749 0 0 0.0 0.0
750 0 0 0.0 0.0
751 0 0 0.0 0.0
752 0 0 0.0 0.0
753 0 0 0.0 0.0
754 0 0 0.0 0.0
755 0 0 0.0 0.0
756 0 0 0.0 0.0
757 0 0 0.0 0.0
758 0 0 0.0 0.0
759 0 0 0.0 0.0
760 0 0 0.0 0.0
761 0 0 0.0 0.0
762 0 0 0.0 0.0
763 0 0 0.0 0.0
764 0 0 0.0 0.0
765 0 0 0.0 0.0
766 0 0 0.0 0.0
767 0 0 0.0 0.0
768 0 0 0.0 0.0
769 0 0 0.0 0.0
770 0 0 0.0 0.0
771 0 0 0.0 0.0
772 0 0 0.0 0.0
773 0 0 0.0 0.0
774 0 0 0.0 0.0
775 0 0 0.0 0.0
776 0 0 0.0 0.0
777 0 0 0.0 0.0
778 0 0 0.0 0.0
779 0 0 0.0 0.0
780 0 0 0.0 0.0
781 0 0 0.0 0.0
782 0 0 0.0 0.0
783 0 0 0.0 0.0
784 0 0 0.0 0.0
785 0 0 0.0 0.0
786 0 0 0.0 0.0
787 0 0 0.0 0.0
788 0 0 0.0 0.0
789 0 0 0.0 0.0
790 0 0 0.0 0.0
791 0 0 0.0 0.0
792 0 0 0.0 0.0
793 0 0 0.0 0.0
794 0 0 0.0 0.0
795 0 0 0.0 0.0
796 0 0 0.0 0.0
797 0 0 0.0 0.0
798 0 0 0.0 0.0
799 0 0 0.0 0.0
800 0 0 0.0 0.0
801 0 0 0.0 0.0
802 0 0 0.0 0.0
803 0 0 0.0 0.0
804 0 0 0.0 0.0
805 0 0 0.0 0.0
806 0 0 0.0 0.0
807 0 0 0.0 0.0
808 0 0 0.0 0.0
809 0 0 0.0 0.0
810 0 0 0.0 0.0
811 0 0 0.0 0.0
812 0 0 0.0 0.0
813 1 1  0.925 0.996
814 0 0 0.0 0.0
815 1 1  0.948 0.999
816 0 0 0.0 0.0
817 1 1  0.971 0.971
818 0 0 0.0 0.0
819 1 1  0.994 0.971
820 0 0 0.0 0.0
821 1 1  0.989 0.952
822 0 0 0.0 0.0
823 1 1  0.929 0.975
824 0 0 0.0 0.0
825 1 1  0.967 0.941
826 0 0 0.0 0.0
827 1 1  0.918 0.966
828 0 0 0.0 0.0
829 1 1  0.996 0.9
830 0 0 0.0 0.0
831 1 1  0.97 0.915
832 0 0 0.0 0.0
833 1 1  0.911 0.94
834 0 0 0.0 0.0
835 1 1  0.944 0.938
836 0 0 0.0 0.0
837 1 1  0.914 0.926
838 0 0 0.0 0.0
839 1 1  0.983 0.902
840 0 0 0.0 0.0
841 1 1  0.995 0.929
842 0 0 0.0 0.0
843 1 1  0.995 0.999
844 0 0 0.0 0.0
845 1 1  0.924 0.917
846 0 0 0.0 0.0
847 1 1  0.932 0.982
848 0 0 0.0 0.0
849 1 1  0.967 0.988
850 0 0 0.0 0.0
851 1 1  0.965 0.955
852 0 0 0.0 0.0
853 1 1  0.963 0.992
854 0 0 0.0 0.0
855 1 1  0.9 0.995
856 0 0 0.0 0.0
857 1 1  0.942 0.982
858 0 0 0.0 0.0
859 1 1  0.938 0.936
860 0 0 0.0 0.0
861 1 1  0.994 0.996
862 0 0 0.0 0.0
863 1 1  0.909 0.994
864 0 0 0.0 0.0
865 1 1  0.943 0.936
866 0 0 0.0 0.0
867 1 1  0.935 0.9
868 0 0 0.0 0.0
869 1 1  0.92 0.98
870 0 0 0.0 0.0
871 1 1  0.956 0.971
872 0 0 0.0 0.0
873 1 1  0.966 0.92
874 0 0 0.0 0.0
875 1 1  0.924 0.937
876 0 0 0.0 0.0
877 1 1  0.993 0.971
878 0 0 0.0 0.0
879 1 1  0.956 0.994
880 0 0 0.0 0.0
881 1 1  0.927 0.955
882 0 0 0.0 0.0
883 1 1  0.904 0.933
884 0 0 0.0 0.0
885 0 0 0.0 0.0
886 0 0 0.0 0.0
887 0 0 0.0 0.0
888 0 0 0.0 0.0
889 0 0 0.0 0.0
890 0 0 0.0 0.0
891 0 0 0.0 0.0
892 1 1  0.977 0.922
893 0 0 0.0 0.0
894 1 1  0.998 0.932
895 0 0 0.0 0.0
896 1 1  0.924 0.994
897 0 0 0.0 0.0
898 1 1  0.924 0.989
899 0 0 0.0 0.0
900 1 1  0.984 0.993
901 0 0 0.0 0.0
902 1 1  0.974 0.908
903 0 0 0.0 0.0
904 1 1  0.913 0.929
905 0 0 0.0 0.0
906 1 1  0.905 0.999
907 0 0 0.0 0.0
908 1 1  0.975 0.985
909 0 0 0.0 0.0
910 1 1  0.922 0.919
911 0 0 0.0 0.0
912 1 1  0.907 0.941
913 0 0 0.0 0.0
914 1 1  0.982 0.923
915 0 0 0.0 0.0
916 1 1  0.901 0.954
917 0 0 0.0 0.0
918 1 1  0.994 0.91
919 0 0 0.0 0.0
920 1 1  0.927 0.987
921 0 0 0.0 0.0
922 1 1  0.975 0.938
923 0 0 0.0 0.0
924 1 1  0.935 0.963
925 0 0 0.0 0.0
926 1 1  0.951 0.976
927 0 0 0.0 0.0
928 1 1  0.958 0.986
929 0 0 0.0 0.0
930 1 1  0.963 0.913
931 0 0 0.0 0.0
932 1 1  0.908 0.941
933 0 0 0.0 0.0
934 1 1  0.932 0.963
935 0 0 0.0 0.0
936 1 1  0.918 0.959
937 0 0 0.0 0.0
938 1 1  0.921 0.969
939 0 0 0.0 0.0
940 1 1  0.949 0.981
941 0 0 0.0 0.0
942 1 1  0.954 0.957
943 0 0 0.0 0.0
944 1 1  0.917 0.933
945 0 0 0.0 0.0
946 1 1  0.935 0.917
947 0 0 0.0 0.0
948 1 1  0.902 0.971
949 0 0 0.0 0.0
950 1 1  0.952 0.993
951 0 0 0.0 0.0
952 1 1  0.966 0.901
953 0 0 0.0 0.0
954 1 1  0.909 0.977
955 0 0 0.0 0.0
956 1 1  0.966 0.954
957 0 0 0.0 0.0
958 1 1  0.949 0.943
959 0 0 0.0 0.0
960 1 1  0.974 0.914
961 0 0 0.0 0.0
962 1 1  0.937 0.917
963 0 0 0.0 0.0
964 0 0 0.0 0.0
965 0 0 0.0 0.0
966 0 0 0.0 0.0
967 0 0 0.0 0.0
968 0 0 0.0 0.0
969 0 0 0.0 0.0
970 0 0 0.0 0.0
971 0 0 0.0 0.0
972 0 0 0.0 0.0
973 0 0 0.0 0.0
974 0 0 0.0 0.0
975 0 0 0.0 0.0
976 0 0 0.0 0.0
977 0 0 0.0 0.0
978 0 0 0.0 0.0
979 0 0 0.0 0.0
980 0 0 0.0 0.0
981 0 0 0.0 0.0
982 0 0 0.0 0.0
983 0 0 0.0 0.0
984 0 0 0.0 0.0
985 0 0 0.0 0.0
986 0 0 0.0 0.0
987 0 0 0.0 0.0
988 0 0 0.0 0.0
989 0 0 0.0 0.0
990 0 0 0.0 0.0
991 0 0 0.0 0.0
992 0 0 0.0 0.0
993 0 0 0.0 0.0
994 0 0 0.0 0.0
995 0 0 0.0 0.0
996 0 0 0.0 0.0
997 0 0 0.0 0.0
998 0 0 0.0 0.0
999 1 1  0.976 0.963
1000 0 0 0.0 0.0
1001 1 1  0.914 0.931
1002 0 0 0.0 0.0
1003 1 1  0.942 0.942
1004 0 0 0.0 0.0
1005 1 1  0.994 0.979
1006 0 0 0.0 0.0
1007 1 1  0.927 0.96
1008 0 0 0.0 0.0
1009 1 1  0.966 0.911
1010 0 0 0.0 0.0
1011 1 1  0.934 0.925
1012 0 0 0.0 0.0
1013 1 1  0.97 0.983
1014 0 0 0.0 0.0
1015 1 1  0.908 0.997
1016 0 0 0.0 0.0
1017 1 1  0.922 0.993
1018 0 0 0.0 0.0
1019 1 1  0.989 0.905
1020 0 0 0.0 0.0
1021 1 1  0.96 0.995
1022 0 0 0.0 0.0
1023 1 1  0.998 0.966
1024 0 0 0.0 0.0
1025 1 1  0.989 0.904
1026 0 0 0.0 0.0
1027 1 1  0.995 0.913
1028 0 0 0.0 0.0
1029 1 1  0.973 0.943
1030 0 0 0.0 0.0
1031 1 1  0.933 0.902
1032 0 0 0.0 0.0
1033 1 1  0.958 0.928
1034 0 0 0.0 0.0
1035 1 1  0.961 0.946
1036 0 0 0.0 0.0
1037 1 1  0.924 0.987
1038 0 0 0.0 0.0
1039 1 1  0.96 0.969
1040 0 0 0.0 0.0
1041 1 1  0.95 0.951
1042 0 0 0.0 0.0
1043 1 1  0.94 0.959
1044 0 0 0.0 0.0
1045 1 1  0.933 0.984
1046 0 0 0.0 0.0
1047 1 1  0.93 0.929
1048 0 0 0.0 0.0
1049 1 1  0.92 0.906
1050 0 0 0.0 0.0
1051 1 1  0.978 0.965
1052 0 0 0.0 0.0
1053 1 1  0.932 0.915
1054 0 0 0.0 0.0
1055 1 1  0.991 0.989
1056 0 0 0.0 0.0
1057 1 1  0.911 1
1058 0 0 0.0 0.0
1059 1 1  0.93 0.906
1060 0 0 0.0 0.0
1061 1 1  0.965 0.947
1062 0 0 0.0 0.0
1063 1 1  0.99 0.96
1064 0 0 0.0 0.0
1065 1 1  0.933 0.969
1066 0 0 0.0 0.0
1067 1 1  0.932 0.944
1068 0 0 0.0 0.0
1069 1 1  0.922 0.959
1070 0 0 0.0 0.0
1071 0 0 0.0 0.0
1072 0 0 0.0 0.0
1073 0 0 0.0 0.0
1074 0 0 0.0 0.0
1075 0 0 0.0 0.0
1076 0 0 0.0 0.0
1077 0 0 0.0 0.0
1078 1 1  0.999 0.98
1079 0 0 0.0 0.0
1080 1 1  0.991 0.987
1081 0 0 0.0 0.0
1082 1 1  0.932 0.986
1083 0 0 0.0 0.0
1084 1 1  0.94 0.957
1085 0 0 0.0 0.0
1086 1 1  0.907 0.998
1087 0 0 0.0 0.0
1088 1 1  0.988 0.922
1089 0 0 0.0 0.0
1090 1 1  0.923 0.945
1091 0 0 0.0 0.0
1092 1 1  0.987 0.95
1093 0 0 0.0 0.0
1094 1 1  0.959 0.993
1095 0 0 0.0 0.0
1096 1 1  0.991 0.927
1097 0 0 0.0 0.0
1098 1 1  0.93 0.991
1099 0 0 0.0 0.0
1100 1 1  0.976 0.955
1101 0 0 0.0 0.0
1102 1 1  0.938 0.997
1103 0 0 0.0 0.0
1104 1 1  0.93 0.997
1105 0 0 0.0 0.0
1106 1 1  0.941 0.945
1107 0 0 0.0 0.0
1108 1 1  0.997 0.976
1109 0 0 0.0 0.0
1110 1 1  0.994 0.947
1111 0 0 0.0 0.0
1112 1 1  0.955 0.941
1113 0 0 0.0 0.0
1114 1 1  0.979 0.939
1115 0 0 0.0 0.0
1116 1 1  0.969 0.955
1117 0 0 0.0 0.0
1118 1 1  0.999 0.967
1119 0 0 0.0 0.0
1120 1 1  0.985 0.941
1121 0 0 0.0 0.0
1122 1 1  0.968 0.924
1123 0 0 0.0 0.0
1124 1 1  0.925 0.993
1125 0 0 0.0 0.0
1126 1 1  0.96 0.967
1127 0 0 0.0 0.0
1128 1 1  0.928 0.997
1129 0 0 0.0 0.0
1130 1 1  0.935 0.996
1131 0 0 0.0 0.0
1132 1 1  0.908 0.901
1133 0 0 0.0 0.0
1134 1 1  0.926 0.919
1135 0 0 0.0 0.0
1136 1 1  0.938 0.99
1137 0 0 0.0 0.0
1138 1 1  0.941 0.994
1139 0 0 0.0 0.0
1140 1 1  0.928 0.91
1141 0 0 0.0 0.0
1142 1 1  0.977 0.924
1143 0 0 0.0 0.0
1144 1 1  0.957 0.999
1145 0 0 0.0 0.0
1146 1 1  0.942 0.978
1147 0 0 0.0 0.0
1148 1 1  0.912 0.965
1149 0 0 0.0 0.0
1150 0 0 0.0 0.0
1151 0 0 0.0 0.0
1152 0 0 0.0 0.0
1153 0 0 0.0 0.0
1154 0 0 0.0 0.0
1155 0 0 0.0 0.0
1156 0 0 0.0 0.0
1157 1 1  0.965 0.996
1158 0 0 0.0 0.0
1159 1 1  0.942 0.963
1160 0 0 0.0 0.0
1161 1 1  0.927 0.984
1162 0 0 0.0 0.0
1163 1 1  0.939 0.981
1164 0 0 0.0 0.0
1165 1 1  0.962 0.933
1166 0 0 0.0 0.0
1167 1 1  0.987 0.975
1168 0 0 0.0 0.0
1169 1 1  0.98 0.918
1170 0 0 0.0 0.0
1171 1 1  0.956 0.928
1172 0 0 0.0 0.0
1173 1 1  0.931 0.93
1174 0 0 0.0 0.0
1175 1 1  0.987 0.938
1176 0 0 0.0 0.0
1177 1 1  0.957 0.953
1178 0 0 0.0 0.0
1179 1 1  0.907 0.973
1180 0 0 0.0 0.0
1181 1 1  0.912 0.968
1182 0 0 0.0 0.0
1183 1 1  0.998 0.93
1184 0 0 0.0 0.0
1185 1 1  0.977 0.913
1186 0 0 0.0 0.0
1187 1 1  0.92 0.908
1188 0 0 0.0 0.0
1189 1 1  0.904 0.99
1190 0 0 0.0 0.0
1191 1 1  0.994 0.956
1192 0 0 0.0 0.0
1193 1 1  0.98 0.976
1194 0 0 0.0 0.0
1195 1 1  0.947 0.934
1196 0 0 0.0 0.0
1197 1 1  0.983 0.929
1198 0 0 0.0 0.0
1199 1 1  0.933 0.986
1200 0 0 0.0 0.0
1201 1 1  0.987 0.93
1202 0 0 0.0 0.0
1203 1 1  0.929 0.974
1204 0 0 0.0 0.0
1205 1 1  0.983 0.963
1206 0 0 0.0 0.0
1207 1 1  0.97 0.999
1208 0 0 0.0 0.0
1209 1 1  0.968 0.949
1210 0 0 0.0 0.0
1211 1 1  0.951 0.945
1212 0 0 0.0 0.0
1213 1 1  0.925 0.916
1214 0 0 0.0 0.0
1215 1 1  0.98 0.988
1216 0 0 0.0 0.0
1217 1 1  0.913 0.999
1218 0 0 0.0 0.0
1219 1 1  0.911 0.906
1220 0 0 0.0 0.0
1221 1 1  0.982 0.914
1222 0 0 0.0 0.0
1223 1 1  0.991 0.9
1224 0 0 0.0 0.0
1225 1 1  0.944 0.964
1226 0 0 0.0 0.0
1227 1 1  0.994 0.969
1228 0 0 0.0 0.0
1229 0 0 0.0 0.0
1230 0 0 0.0 0.0
1231 0 0 0.0 0.0
1232 0 0 0.0 0.0
1233 0 0 0.0 0.0
1234 0 0 0.0 0.0
1235 0 0 0.0 0.0
1236 0 0 0.0 0.0
1237 0 0 0.0 0.0
1238 0 0 0.0 0.0
1239 0 0 0.0 0.0
1240 0 0 0.0 0.0
1241 0 0 0.0 0.0
1242 0 0 0.0 0.0
1243 0 0 0.0 0.0
1244 0 0 0.0 0.0
1245 0 0 0.0 0.0
1246 0 0 0.0 0.0
1247 0 0 0.0 0.0
1248 0 0 0.0 0.0
1249 0 0 0.0 0.0
1250 0 0 0.0 0.0
1251 0 0 0.0 0.0
1252 0 0 0.0 0.0
1253 0 0 0.0 0.0
1254 0 0 0.0 0.0
1255 0 0 0.0 0.0
1256 0 0 0.0 0.0
1257 0 0 0.0 0.0
1258 0 0 0.0 0.0
1259 0 0 0.0 0.0
1260 0 0 0.0 0.0
1261 0 0 0.0 0.0
1262 0 0 0.0 0.0
1263 0 0 0.0 0.0
1264 0 0 0.0 0.0
1265 0 0 0.0 0.0
1266 0 0 0.0 0.0
1267 0 0 0.0 0.0
1268 0 0 0.0 0.0
1269 0 0 0.0 0.0
1270 0 0 0.0 0.0
1271 0 0 0.0 0.0
1272 0 0 0.0 0.0
1273 0 0 0.0 0.0
1274 0 0 0.0 0.0
1275 0 0 0.0 0.0
1276 0 0 0.0 0.0
1277 0 0 0.0 0.0
1278 0 0 0.0 0.0
1279 0 0 0.0 0.0
1280 0 0 0.0 0.0
1281 0 0 0.0 0.0
1282 0 0 0.0 0.0
1283 0 0 0.0 0.0
1284 0 0 0.0 0.0
1285 0 0 0.0 0.0
1286 0 0 0.0 0.0
1287 0 0 0.0 0.0
1288 0 0 0.0 0.0
1289 0 0 0.0 0.0
1290 0 0 0.0 0.0
1291 0 0 0.0 0.0
1292 0 0 0.0 0.0
1293 0 0 0.0 0.0
1294 0 0 0.0 0.0
1295 0 0 0.0 0.0
1296 0 0 0.0 0.0
1297 0 0 0.0 0.0
1298 0 0 0.0 0.0
1299 0 0 0.0 0.0
1300 0 0 0.0 0.0
1301 0 0 0.0 0.0
1302 0 0 0.0 0.0
1303 0 0 0.0 0.0
1304 0 0 0.0 0.0
1305 0 0 0.0 0.0
1306 0 0 0.0 0.0
1307 0 0 0.0 0.0
1308 0 0 0.0 0.0
1309 0 0 0.0 0.0
1310 0 0 0.0 0.0
1311 0 0 0.0 0.0
1312 0 0 0.0 0.0
1313 0 0 0.0 0.0
1314 0 0 0.0 0.0
1315 0 0 0.0 0.0
1316 0 0 0.0 0.0
1317 0 0 0.0 0.0
1318 0 0 0.0 0.0
1319 0 0 0.0 0.0
1320 0 0 0.0 0.0
1321 0 0 0.0 0.0
1322 0 0 0.0 0.0
1323 0 0 0.0 0.0
1324 0 0 0.0 0.0
1325 0 0 0.0 0.0
1326 0 0 0.0 0.0
1327 0 0 0.0 0.0
1328 0 0 0.0 0.0
1329 0 0 0.0 0.0
1330 0 0 0.0 0.0
1331 0 0 0.0 0.0
1332 0 0 0.0 0.0
1333 0 0 0.0 0.0
1334 0 0 0.0 0.0
1335 0 0 0.0 0.0
1336 0 0 0.0 0.0
1337 0 0 0.0 0.0
1338 0 0 0.0 0.0
1339 0 0 0.0 0.0
1340 0 0 0.0 0.0
1341 0 0 0.0 0.0
1342 0 0 0.0 0.0
1343 1 1  0.91 0.974
1344 0 0 0.0 0.0
1345 1 1  0.93 0.905
1346 0 0 0.0 0.0
1347 1 1  0.925 0.963
1348 0 0 0.0 0.0
1349 1 1  0.95 0.933
1350 0 0 0.0 0.0
1351 1 1  0.983 0.988
1352 0 0 0.0 0.0
1353 1 1  0.94 0.928
1354 0 0 0.0 0.0
1355 1 1  0.964 0.908
1356 0 0 0.0 0.0
1357 1 1  0.905 0.977
1358 0 0 0.0 0.0
1359 1 1  0.911 0.931
1360 0 0 0.0 0.0
1361 1 1  0.998 0.985
1362 0 0 0.0 0.0
1363 1 1  0.998 0.911
1364 0 0 0.0 0.0
1365 1 1  0.956 0.928
1366 0 0 0.0 0.0
1367 1 1  0.929 0.989
1368 0 0 0.0 0.0
1369 1 1  0.979 0.902
1370 0 0 0.0 0.0
1371 1 1  0.915 0.935
1372 0 0 0.0 0.0
1373 1 1  0.936 0.987
1374 0 0 0.0 0.0
1375 1 1  0.987 0.907
1376 0 0 0.0 0.0
1377 1 1  0.92 0.915
1378 0 0 0.0 0.0
1379 1 1  0.953 0.97
1380 0 0 0.0 0.0
1381 1 1  0.929 0.98
1382 0 0 0.0 0.0
1383 1 1  0.982 0.994
1384 0 0 0.0 0.0
1385 1 1  0.977 0.981
1386 0 0 0.0 0.0
1387 1 1  0.977 0.955
1388 0 0 0.0 0.0
1389 1 1  0.999 0.964
1390 0 0 0.0 0.0
1391 1 1  0.908 0.927
1392 0 0 0.0 0.0
1393 1 1  0.903 0.935
1394 0 0 0.0 0.0
1395 1 1  0.926 0.987
1396 0 0 0.0 0.0
1397 1 1  0.943 0.911
1398 0 0 0.0 0.0
1399 1 1  0.91 0.957
1400 0 0 0.0 0.0
1401 1 1  0.962 0.987
1402 0 0 0.0 0.0
1403 1 1  0.989 0.995
1404 0 0 0.0 0.0
1405 1 1  0.992 0.941
1406 0 0 0.0 0.0
1407 1 1  0.986 0.995
1408 0 0 0.0 0.0
1409 1 1  0.971 0.946
1410 0 0 0.0 0.0
1411 1 1  0.929 0.957
1412 0 0 0.0 0.0
1413 1 1  0.916 0.985
1414 0 0 0.0 0.0
1415 0 0 0.0 0.0
1416 0 0 0.0 0.0
1417 0 0 0.0 0.0
1418 0 0 0.0 0.0
1419 0 0 0.0 0.0
1420 0 0 0.0 0.0
1421 0 0 0.0 0.0
1422 1 1  0.947 0.941
1423 0 0 0.0 0.0
1424 1 1  0.94 0.997
1425 0 0 0.0 0.0
1426 1 1  0.989 0.99
1427 0 0 0.0 0.0
1428 1 1  0.999 0.9
1429 0 0 0.0 0.0
1430 1 1  0.953 0.974
1431 0 0 0.0 0.0
1432 1 1  0.942 0.983
1433 0 0 0.0 0.0
1434 1 1  0.942 0.952
1435 0 0 0.0 0.0
1436 1 1  0.911 0.954
1437 0 0 0.0 0.0
1438 1 1  0.975 0.931
1439 0 0 0.0 0.0
1440 1 1  0.933 0.97
1441 0 0 0.0 0.0
1442 1 1  0.955 0.93
1443 0 0 0.0 0.0
1444 1 1  0.978 0.972
1445 0 0 0.0 0.0
1446 1 1  0.941 0.927
1447 0 0 0.0 0.0
1448 1 1  0.912 0.982
1449 0 0 0.0 0.0
1450 1 1  0.9 0.993
1451 0 0 0.0 0.0
1452 1 1  0.918 0.995
1453 0 0 0.0 0.0
1454 1 1  0.989 0.994
1455 0 0 0.0 0.0
1456 1 1  0.984 0.949
1457 0 0 0.0 0.0
1458 1 1  0.916 0.946
1459 0 0 0.0 0.0
1460 1 1  0.921 0.901
1461 0 0 0.0 0.0
1462 1 1  0.911 0.967
1463 0 0 0.0 0.0
1464 1 1  0.972 0.901
1465 0 0 0.0 0.0
1466 1 1  0.911 0.916
1467 0 0 0.0 0.0
1468 1 1  0.965 0.99
1469 0 0 0.0 0.0
1470 1 1  0.977 0.908
1471 0 0 0.0 0.0
1472 1 1  0.983 0.992
1473 0 0 0.0 0.0
1474 1 1  0.967 0.95
1475 0 0 0.0 0.0
1476 1 1  0.908 0.923
1477 0 0 0.0 0.0
1478 1 1  0.974 0.968
1479 0 0 0.0 0.0
1480 1 1  0.927 0.949
1481 0 0 0.0 0.0
1482 1 1  0.965 0.994
1483 0 0 0.0 0.0
1484 1 1  0.907 0.989
1485 0 0 0.0 0.0
1486 1 1  0.981 0.932
1487 0 0 0.0 0.0
1488 1 1  0.956 0.977
1489 0 0 0.0 0.0
1490 1 1  0.959 0.912
1491 0 0 0.0 0.0
1492 1 1  0.925 0.91
1493 0 0 0.0 0.0
1494 0 0 0.0 0.0
1495 0 0 0.0 0.0
1496 0 0 0.0 0.0
1497 0 0 0.0 0.0
1498 0 0 0.0 0.0
1499 0 0 0.0 0.0
1500 0 0 0.0 0.0
1501 1 1  0.979 0.979
1502 0 0 0.0 0.0
1503 1 1  0.951 0.96
1504 0 0 0.0 0.0
1505 1 1  0.975 0.943
1506 0 0 0.0 0.0
1507 1 1  0.957 0.927
1508 0 0 0.0 0.0
1509 1 1  0.976 0.963
1510 0 0 0.0 0.0
1511 1 1  0.983 0.941
1512 0 0 0.0 0.0
1513 1 1  0.986 0.9
1514 0 0 0.0 0.0
1515 1 1  0.98 0.93
1516 0 0 0.0 0.0
1517 1 1  0.978 0.903
1518 0 0 0.0 0.0
1519 1 1  0.939 0.976
1520 0 0 0.0 0.0
1521 1 1  0.912 0.984
1522 0 0 0.0 0.0
1523 1 1  0.986 0.913
1524 0 0 0.0 0.0
1525 1 1  0.935 0.922
1526 0 0 0.0 0.0
1527 1 1  0.969 0.99
1528 0 0 0.0 0.0
1529 1 1  0.943 0.941
1530 0 0 0.0 0.0
1531 1 1  0.982 0.971
1532 0 0 0.0 0.0
1533 1 1  0.964 0.984
1534 0 0 0.0 0.0
1535 1 1  0.902 0.98
1536 0 0 0.0 0.0
1537 1 1  0.972 0.998
1538 0 0 0.0 0.0
1539 1 1  0.956 0.974
1540 0 0 0.0 0.0
1541 1 1  0.906 0.923
1542 0 0 0.0 0.0
1543 1 1  0.946 0.943
1544 0 0 0.0 0.0
1545 1 1  0.998 0.957
1546 0 0 0.0 0.0
1547 1 1  0.925 0.983
1548 0 0 0.0 0.0
1549 1 1  0.987 0.948
1550 0 0 0.0 0.0
1551 1 1  0.956 0.931
1552 0 0 0.0 0.0
1553 1 1  0.933 0.927
1554 0 0 0.0 0.0
1555 1 1  0.942 0.985
1556 0 0 0.0 0.0
1557 1 1  0.971 0.982
1558 0 0 0.0 0.0
1559 1 1  0.942 0.948
1560 0 0 0.0 0.0
1561 1 1  0.919 0.923
1562 0 0 0.0 0.0
1563 1 1  0.919 0.98
1564 0 0 0.0 0.0
1565 1 1  0.937 0.96
1566 0 0 0.0 0.0
1567 1 1  0.953 0.953
1568 0 0 0.0 0.0
1569 1 1  0.945 0.971
1570 0 0 0.0 0.0
1571 1 1  0.976 0.933
1572 0 0 0.0 0.0
1573 0 0 0.0 0.0
1574 0 0 0.0 0.0
1575 0 0 0.0 0.0
1576 0 0 0.0 0.0
1577 0 0 0.0 0.0
1578 0 0 0.0 0.0
1579 0 0 0.0 0.0
1580 0 0 0.0 0.0
1581 0 0 0.0 0.0
1582 0 0 0.0 0.0
1583 0 0 0.0 0.0
1584 0 0 0.0 0.0
1585 0 0 0.0 0.0
1586 0 0 0.0 0.0
1587 0 0 0.0 0.0
1588 0 0 0.0 0.0
1589 0 0 0.0 0.0
1590 0 0 0.0 0.0
1591 0 0 0.0 0.0
1592 0 0 0.0 0.0
1593 0 0 0.0 0.0
1594 0 0 0.0 0.0
1595 0 0 0.0 0.0
1596 0 0 0.0 0.0
1597 0 0 0.0 0.0
1598 0 0 0.0 0.0
1599 0 0 0.0 0.0
1600 0 0 0.0 0.0
1601 0 0 0.0 0.0
1602 0 0 0.0 0.0
1603 0 0 0.0 0.0
1604 0 0 0.0 0.0
1605 0 0 0.0 0.0
1606 0 0 0.0 0.0
1607 0 0 0.0 0.0
1608 0 0 0.0 0.0
1609 0 0 0.0 0.0
1610 0 0 0.0 0.0
1611 0 0 0.0 0.0
1612 0 0 0.0 0.0
1613 0 0 0.0 0.0
1614 0 0 0.0 0.0
1615 0 0 0.0 0.0
1616 0 0 0.0 0.0
1617 0 0 0.0 0.0
1618 0 0 0.0 0.0
1619 0 0 0.0 0.0
1620 0 0 0.0 0.0
1621 0 0 0.0 0.0
1622 0 0 0.0 0.0
1623 0 0 0.0 0.0
1624 0 0 0.0 0.0
1625 0 0 0.0 0.0
1626 0 0 0.0 0.0
1627 0 0 0.0 0.0
1628 0 0 0.0 0.0
1629 0 0 0.0 0.0
1630 0 0 0.0 0.0
1631 0 0 0.0 0.0
1632 0 0 0.0 0.0
1633 0 0 0.0 0.0
1634 0 0 0.0 0.0
1635 0 0 0.0 0.0
1636 0 0 0.0 0.0
1637 0 0 0.0 0.0
1638 0 0 0.0 0.0
1639 0 0 0.0 0.0
1640 0 0 0.0 0.0
1641 0 0 0.0 0.0
1642 0 0 0.0 0.0
1643 0 0 0.0 0.0
1644 0 0 0.0 0.0
1645 0 0 0.0 0.0
1646 0 0 0.0 0.0
1647 0 0 0.0 0.0
1648 0 0 0.0 0.0
1649 0 0 0.0 0.0
1650 0 0 0.0 0.0
1651 0 0 0.0 0.0
1652 0 0 0.0 0.0
1653 0 0 0.0 0.0
1654 0 0 0.0 0.0
1655 0 0 0.0 0.0
1656 0 0 0.0 0.0
1657 0 0 0.0 0.0
1658 0 0 0.0 0.0
1659 0 0 0.0 0.0
1660 0 0 0.0 0.0
1661 0 0 0.0 0.0
1662 0 0 0.0 0.0
1663 0 0 0.0 0.0
1664 0 0 0.0 0.0
1665 0 0 0.0 0.0
1666 0 0 0.0 0.0
1667 0 0 0.0 0.0
1668 0 0 0.0 0.0
1669 0 0 0.0 0.0
1670 0 0 0.0 0.0
1671 0 0 0.0 0.0
1672 0 0 0.0 0.0
1673 0 0 0.0 0.0
1674 0 0 0.0 0.0
1675 0 0 0.0 0.0
1676 0 0 0.0 0.0
1677 0 0 0.0 0.0
1678 0 0 0.0 0.0
1679 0 0 0.0 0.0
1680 0 0 0.0 0.0
1681 0 0 0.0 0.0
1682 0 0 0.0 0.0
1683 0 0 0.0 0.0
1684 0 0 0.0 0.0
1685 0 0 0.0 0.0
1686 0 0 0.0 0.0
1687 0 0 0.0 0.0
1688 0 0 0.0 0.0
1689 0 0 0.0 0.0
1690 0 0 0.0 0.0
1691 0 0 0.0 0.0
1692 0 0 0.0 0.0
1693 0 0 0.0 0.0
1694 0 0 0.0 0.0
1695 0 0 0.0 0.0
1696 0 0 0.0 0.0
1697 0 0 0.0 0.0
1698 0 0 0.0 0.0
1699 0 0 0.0 0.0
1700 0 0 0.0 0.0
1701 0 0 0.0 0.0
1702 0 0 0.0 0.0
1703 0 0 0.0 0.0
1704 0 0 0.0 0.0
1705 0 0 0.0 0.0
1706 0 0 0.0 0.0
1707 1 1  0.74 0.663
1708 0 0 0.0 0.0
1709 1 1  0.855 0.755
1710 0 0 0.0 0.0
1711 1 1  0.704 0.968
1712 0 0 0.0 0.0
1713 1 1  0.798 0.883
1714 0 0 0.0 0.0
1715 1 1  0.704 0.774
1716 0 0 0.0 0.0
1717 1 1  0.668 0.752
1718 0 0 0.0 0.0
1719 1 1  0.691 0.779
1720 0 0 0.0 0.0
1721 1 1  0.905 0.935
1722 0 0 0.0 0.0
1723 1 1  0.794 0.676
1724 0 0 0.0 0.0
1725 1 1  0.751 0.7
1726 0 0 0.0 0.0
1727 1 1  0.815 0.795
1728 0 0 0.0 0.0
1729 1 1  0.769 0.704
1730 0 0 0.0 0.0
1731 1 1  0.867 0.864
1732 0 0 0.0 0.0
1733 1 1  0.835 0.798
1734 0 0 0.0 0.0
1735 1 1  0.68 0.906
1736 0 0 0.0 0.0
1737 1 1  0.975 0.888
1738 0 0 0.0 0.0
1739 1 1  0.788 0.763
1740 0 0 0.0 0.0
1741 1 1  0.956 0.928
1742 0 0 0.0 0.0
1743 1 1  0.781 0.666
1744 0 0 0.0 0.0
1745 1 1  0.663 0.914
1746 0 0 0.0 0.0
1747 1 1  0.923 0.922
1748 0 0 0.0 0.0
1749 1 1  0.748 0.732
1750 0 0 0.0 0.0
1751 1 1  0.949 0.871
1752 0 0 0.0 0.0
1753 1 1  0.927 0.978
1754 0 0 0.0 0.0
1755 1 1  0.828 0.931
1756 0 0 0.0 0.0
1757 1 1  0.681 0.95
1758 0 0 0.0 0.0
1759 1 1  0.841 0.651
1760 0 0 0.0 0.0
1761 1 1  0.967 0.769
1762 0 0 0.0 0.0
1763 1 1  0.653 0.887
1764 0 0 0.0 0.0
1765 1 1  0.853 0.836
1766 0 0 0.0 0.0
1767 1 1  0.676 0.671
1768 0 0 0.0 0.0
1769 1 1  0.752 0.839
1770 0 0 0.0 0.0
1771 1 1  0.984 0.793
1772 0 0 0.0 0.0
1773 1 1  0.882 0.769
1774 0 0 0.0 0.0
1775 1 1  0.653 0.836
1776 0 0 0.0 0.0
1777 1 1  0.762 0.651
1778 0 0 0.0 0.0
1779 0 0 0.0 0.0
1780 0 0 0.0 0.0
1781 0 0 0.0 0.0
1782 0 0 0.0 0.0
1783 0 0 0.0 0.0
1784 0 0 0.0 0.0
1785 0 0 0.0 0.0
1786 1 1  0.922 0.667
1787 0 0 0.0 0.0
1788 1 1  0.871 0.863
1789 0 0 0.0 0.0
1790 1 1  0.946 0.819
1791 0 0 0.0 0.0
1792 1 1  0.808 0.856
1793 0 0 0.0 0.0
1794 1 1  0.776 0.823
1795 0 0 0.0 0.0
1796 1 1  0.855 0.995
1797 0 0 0.0 0.0
1798 1 1  0.884 0.743
1799 0 0 0.0 0.0
1800 1 1  0.949 0.83
1801 0 0 0.0 0.0
1802 1 1  0.963 0.693
1803 0 0 0.0 0.0
1804 1 1  0.65 0.942
1805 0 0 0.0 0.0
1806 1 1  0.778 0.689
1807 0 0 0.0 0.0
1808 1 1  0.709 0.977
1809 0 0 0.0 0.0
1810 1 1  0.856 0.766
1811 0 0 0.0 0.0
1812 1 1  0.834 0.975
1813 0 0 0.0 0.0
1814 1 1  0.988 0.758
1815 0 0 0.0 0.0
1816 1 1  0.853 0.98
1817 0 0 0.0 0.0
1818 1 1  0.905 0.921
1819 0 0 0.0 0.0
1820 1 1  0.984 0.722
1821 0 0 0.0 0.0
1822 1 1  0.81 0.872
1823 0 0 0.0 0.0
1824 1 1  0.946 0.891
1825 0 0 0.0 0.0
1826 1 1  0.744 0.95
1827 0 0 0.0 0.0
1828 1 1  0.996 0.674
1829 0 0 0.0 0.0
1830 1 1  0.701 0.822
1831 0 0 0.0 0.0
1832 1 1  0.969 0.974
1833 0 0 0.0 0.0
1834 1 1  0.979 0.929
1835 0 0 0.0 0.0
1836 1 1  0.737 0.814
1837 0 0 0.0 0.0
1838 1 1  0.809 0.97
1839 0 0 0.0 0.0
1840 1 1  0.764 0.698
1841 0 0 0.0 0.0
1842 1 1  0.855 0.757
1843 0 0 0.0 0.0
1844 1 1  0.864 0.924
1845 0 0 0.0 0.0
1846 1 1  0.88 0.786
1847 0 0 0.0 0.0
1848 1 1  0.828 0.686
1849 0 0 0.0 0.0
1850 1 1  0.717 0.904
1851 0 0 0.0 0.0
1852 1 1  0.946 0.735
1853 0 0 0.0 0.0
1854 1 1  0.996 0.708
1855 0 0 0.0 0.0
1856 1 1  0.876 0.839
1857 0 0 0.0 0.0
1858 0 0 0.0 0.0
1859 0 0 0.0 0.0
1860 0 0 0.0 0.0
1861 0 0 0.0 0.0
1862 0 0 0.0 0.0
1863 0 0 0.0 0.0
1864 0 0 0.0 0.0
1865 0 0 0.0 0.0
1866 0 0 0.0 0.0
1867 0 0 0.0 0.0
1868 0 0 0.0 0.0
1869 0 0 0.0 0.0
1870 0 0 0.0 0.0
1871 0 0 0.0 0.0
1872 0 0 0.0 0.0
1873 0 0 0.0 0.0
1874 0 0 0.0 0.0
1875 0 0 0.0 0.0
1876 0 0 0.0 0.0
1877 0 0 0.0 0.0
1878 0 0 0.0 0.0
1879 0 0 0.0 0.0
1880 0 0 0.0 0.0
1881 0 0 0.0 0.0
1882 0 0 0.0 0.0
1883 0 0 0.0 0.0
1884 0 0 0.0 0.0
1885 0 0 0.0 0.0
1886 0 0 0.0 0.0
1887 0 0 0.0 0.0
1888 0 0 0.0 0.0
1889 0 0 0.0 0.0
1890 0 0 0.0 0.0
1891 0 0 0.0 0.0
1892 0 0 0.0 0.0
1893 1 1  0.935 0.701
1894 0 0 0.0 0.0
1895 1 1  0.706 0.779
1896 0 0 0.0 0.0
1897 1 1  0.706 0.829
1898 0 0 0.0 0.0
1899 1 1  0.911 0.711
1900 0 0 0.0 0.0
1901 1 1  0.784 0.931
1902 0 0 0.0 0.0
1903 1 1  0.673 0.894
1904 0 0 0.0 0.0
1905 1 1  0.69 0.674
1906 0 0 0.0 0.0
1907 1 1  0.684 0.777
1908 0 0 0.0 0.0
1909 1 1  0.684 0.961
1910 0 0 0.0 0.0
1911 1 1  0.903 0.925
1912 0 0 0.0 0.0
1913 1 1  0.885 0.737
1914 0 0 0.0 0.0
1915 1 1  0.73 0.704
1916 0 0 0.0 0.0
1917 1 1  0.948 0.816
1918 0 0 0.0 0.0
1919 1 1  0.884 0.729
1920 0 0 0.0 0.0
1921 1 1  0.763 0.781
1922 0 0 0.0 0.0
1923 1 1  0.675 0.786
1924 0 0 0.0 0.0
1925 1 1  0.987 0.723
1926 0 0 0.0 0.0
1927 1 1  0.847 0.711
1928 0 0 0.0 0.0
1929 1 1  0.764 0.995
1930 0 0 0.0 0.0
1931 1 1  0.961 0.731
1932 0 0 0.0 0.0
1933 1 1  0.681 0.657
1934 0 0 0.0 0.0
1935 1 1  0.782 0.882
1936 0 0 0.0 0.0
1937 1 1  0.972 0.813
1938 0 0 0.0 0.0
1939 1 1  0.74 0.731
1940 0 0 0.0 0.0
1941 1 1  0.69 0.974
1942 0 0 0.0 0.0
1943 1 1  0.709 0.875
1944 0 0 0.0 0.0
1945 1 1  0.734 0.994
1946 0 0 0.0 0.0
1947 1 1  0.687 0.933
1948 0 0 0.0 0.0
1949 1 1  0.805 0.914
1950 0 0 0.0 0.0
1951 1 1  0.764 0.84
1952 0 0 0.0 0.0
1953 1 1  0.75 0.78
1954 0 0 0.0 0.0
1955 1 1  0.861 0.918
1956 0 0 0.0 0.0
1957 1 1  0.972 0.759
1958 0 0 0.0 0.0
1959 1 1  0.994 0.945
1960 0 0 0.0 0.0
1961 1 1  0.66 0.798
1962 0 0 0.0 0.0
1963 1 1  0.797 0.72
1964 0 0 0.0 0.0
1965 0 0 0.0 0.0
1966 0 0 0.0 0.0
1967 0 0 0.0 0.0
1968 0 0 0.0 0.0
1969 0 0 0.0 0.0
1970 0 0 0.0 0.0
1971 0 0 0.0 0.0
1972 1 1  0.765 0.766
1973 0 0 0.0 0.0
1974 1 1  0.981 0.95
1975 0 0 0.0 0.0
1976 1 1  0.823 0.917
1977 0 0 0.0 0.0
1978 1 1  0.87 0.983
1979 0 0 0.0 0.0
1980 1 1  0.72 0.736
1981 0 0 0.0 0.0
1982 1 1  0.765 0.933
1983 0 0 0.0 0.0
1984 1 1  0.796 0.726
1985 0 0 0.0 0.0
1986 1 1  0.751 0.807
1987 0 0 0.0 0.0
1988 1 1  0.793 0.863
1989 0 0 0.0 0.0
1990 1 1  0.924 0.947
1991 0 0 0.0 0.0
1992 1 1  0.93 0.794
1993 0 0 0.0 0.0
1994 1 1  0.824 0.845
1995 0 0 0.0 0.0
1996 1 1  0.902 0.894
1997 0 0 0.0 0.0
1998 1 1  0.995 0.857
1999 0 0 0.0 0.0
2000 1 1  0.818 0.992
2001 0 0 0.0 0.0
2002 1 1  0.789 0.942
2003 0 0 0.0 0.0
2004 1 1  0.76 0.874
2005 0 0 0.0 0.0
2006 1 1  0.915 0.774
2007 0 0 0.0 0.0
2008 1 1  0.831 0.858
2009 0 0 0.0 0.0
2010 1 1  0.808 0.751
2011 0 0 0.0 0.0
2012 1 1  0.984 0.677
2013 0 0 0.0 0.0
2014 1 1  1 0.703
2015 0 0 0.0 0.0
2016 1 1  0.658 0.915
2017 0 0 0.0 0.0
2018 1 1  0.661 0.83
2019 0 0 0.0 0.0
2020 1 1  0.758 0.731
2021 0 0 0.0 0.0
2022 1 1  0.769 0.7
2023 0 0 0.0 0.0
2024 1 1  0.912 1
2025 0 0 0.0 0.0
2026 1 1  0.655 0.94
2027 0 0 0.0 0.0
2028 1 1  0.855 0.961
2029 0 0 0.0 0.0
2030 1 1  0.693 0.668
2031 0 0 0.0 0.0
2032 1 1  0.84 0.987
2033 0 0 0.0 0.0
2034 1 1  0.658 0.932
2035 0 0 0.0 0.0
2036 1 1  0.824 0.862
2037 0 0 0.0 0.0
2038 1 1  0.712 0.932
2039 0 0 0.0 0.0
2040 1 1  0.822 0.842
2041 0 0 0.0 0.0
2042 1 1  0.828 0.742
2043 0 0 0.0 0.0
2044 0 0 0.0 0.0
2045 0 0 0.0 0.0
2046 0 0 0.0 0.0
2047 0 0 0.0 0.0
2048 0 0 0.0 0.0
2049 0 0 0.0 0.0
2050 0 0 0.0 0.0
2051 1 1  0.737 0.738
2052 0 0 0.0 0.0
2053 1 1  0.818 0.787
2054 0 0 0.0 0.0
2055 1 1  0.773 0.651
2056 0 0 0.0 0.0
2057 1 1  0.905 0.878
2058 0 0 0.0 0.0
2059 1 1  0.998 0.869
2060 0 0 0.0 0.0
2061 1 1  0.877 0.878
2062 0 0 0.0 0.0
2063 1 1  0.867 0.905
2064 0 0 0.0 0.0
2065 1 1  0.792 0.795
2066 0 0 0.0 0.0
2067 1 1  0.659 0.914
2068 0 0 0.0 0.0
2069 1 1  0.963 0.846
2070 0 0 0.0 0.0
2071 1 1  0.754 0.7
2072 0 0 0.0 0.0
2073 1 1  0.856 0.898
2074 0 0 0.0 0.0
2075 1 1  0.862 0.704
2076 0 0 0.0 0.0
2077 1 1  0.946 0.706
2078 0 0 0.0 0.0
2079 1 1  0.732 0.953
2080 0 0 0.0 0.0
2081 1 1  0.989 0.858
2082 0 0 0.0 0.0
2083 1 1  0.717 0.698
2084 0 0 0.0 0.0
2085 1 1  0.791 0.734
2086 0 0 0.0 0.0
2087 1 1  0.862 0.681
2088 0 0 0.0 0.0
2089 1 1  0.906 0.86
2090 0 0 0.0 0.0
2091 1 1  0.828 0.984
2092 0 0 0.0 0.0
2093 1 1  0.824 0.799
2094 0 0 0.0 0.0
2095 1 1  0.958 0.954
2096 0 0 0.0 0.0
2097 1 1  0.887 0.731
2098 0 0 0.0 0.0
2099 1 1  0.891 0.765
2100 0 0 0.0 0.0
2101 1 1  0.811 0.721
2102 0 0 0.0 0.0
2103 1 1  0.776 0.915
2104 0 0 0.0 0.0
2105 1 1  0.701 0.941
2106 0 0 0.0 0.0
2107 1 1  0.797 0.901
2108 0 0 0.0 0.0
2109 1 1  0.764 0.705
2110 0 0 0.0 0.0
2111 1 1  0.7 0.976
2112 0 0 0.0 0.0
2113 1 1  0.659 0.971
2114 0 0 0.0 0.0
2115 1 1  0.953 0.761
2116 0 0 0.0 0.0
2117 1 1  0.761 0.775
2118 0 0 0.0 0.0
2119 1 1  0.68 0.929
2120 0 0 0.0 0.0
2121 1 1  0.965 0.941
2122 0 0 0.0 0.0
2123 0 0 0.0 0.0
2124 0 0 0.0 0.0
2125 0 0 0.0 0.0
2126 0 0 0.0 0.0
2127 0 0 0.0 0.0
2128 0 0 0.0 0.0
2129 0 0 0.0 0.0
2130 0 0 0.0 0.0
2131 0 0 0.0 0.0
2132 0 0 0.0 0.0
2133 0 0 0.0 0.0
2134 0 0 0.0 0.0
2135 0 0 0.0 0.0
2136 0 0 0.0 0.0
2137 0 0 0.0 0.0
2138 0 0 0.0 0.0
2139 0 0 0.0 0.0
2140 0 0 0.0 0.0
2141 0 0 0.0 0.0
2142 0 0 0.0 0.0
2143 0 0 0.0 0.0
2144 0 0 0.0 0.0
2145 0 0 0.0 0.0
2146 0 0 0.0 0.0
2147 0 0 0.0 0.0
2148 0 0 0.0 0.0
2149 0 0 0.0 0.0
2150 0 0 0.0 0.0
2151 0 0 0.0 0.0
2152 0 0 0.0 0.0
2153 0 0 0.0 0.0
2154 0 0 0.0 0.0
2155 0 0 0.0 0.0
2156 0 0 0.0 0.0
2157 0 0 0.0 0.0
2158 0 0 0.0 0.0
2159 0 0 0.0 0.0
2160 0 0 0.0 0.0
2161 0 0 0.0 0.0
2162 0 0 0.0 0.0
2163 0 0 0.0 0.0
2164 0 0 0.0 0.0
2165 0 0 0.0 0.0
2166 0 0 0.0 0.0
2167 0 0 0.0 0.0
2168 0 0 0.0 0.0
2169 0 0 0.0 0.0
2170 0 0 0.0 0.0
2171 0 0 0.0 0.0
2172 0 0 0.0 0.0
2173 0 0 0.0 0.0
2174 0 0 0.0 0.0
2175 0 0 0.0 0.0
2176 0 0 0.0 0.0
2177 0 0 0.0 0.0
2178 0 0 0.0 0.0
2179 0 0 0.0 0.0
2180 0 0 0.0 0.0
2181 0 0 0.0 0.0
2182 0 0 0.0 0.0
2183 0 0 0.0 0.0
2184 0 0 0.0 0.0
2185 0 0 0.0 0.0
2186 0 0 0.0 0.0
2187 0 0 0.0 0.0
2188 0 0 0.0 0.0
2189 0 0 0.0 0.0
2190 0 0 0.0 0.0
2191 0 0 0.0 0.0
2192 0 0 0.0 0.0
2193 0 0 0.0 0.0
2194 0 0 0.0 0.0
2195 0 0 0.0 0.0
2196 0 0 0.0 0.0
2197 0 0 0.0 0.0
2198 0 0 0.0 0.0
2199 0 0 0.0 0.0
2200 0 0 0.0 0.0
2201 0 0 0.0 0.0
2202 0 0 0.0 0.0
2203 0 0 0.0 0.0
2204 0 0 0.0 0.0
2205 0 0 0.0 0.0
2206 0 0 0.0 0.0
2207 0 0 0.0 0.0
2208 0 0 0.0 0.0
2209 0 0 0.0 0.0
2210 0 0 0.0 0.0
2211 0 0 0.0 0.0
2212 0 0 0.0 0.0
2213 0 0 0.0 0.0
2214 0 0 0.0 0.0
2215 0 0 0.0 0.0
2216 0 0 0.0 0.0
2217 0 0 0.0 0.0
2218 0 0 0.0 0.0
2219 0 0 0.0 0.0
2220 0 0 0.0 0.0
2221 0 0 0.0 0.0
2222 0 0 0.0 0.0
2223 0 0 0.0 0.0
2224 0 0 0.0 0.0
2225 0 0 0.0 0.0
2226 0 0 0.0 0.0
2227 0 0 0.0 0.0
2228 0 0 0.0 0.0
2229 0 0 0.0 0.0
2230 0 0 0.0 0.0
2231 0 0 0.0 0.0
2232 0 0 0.0 0.0
2233 0 0 0.0 0.0
2234 0 0 0.0 0.0
2235 0 0 0.0 0.0
2236 0 0 0.0 0.0
2237 1 1  0.976 0.966
2238 0 0 0.0 0.0
2239 1 1  0.933 0.969
2240 0 0 0.0 0.0
2241 1 1  0.911 0.971
2242 0 0 0.0 0.0
2243 1 1  0.906 0.936
2244 0 0 0.0 0.0
2245 1 1  0.995 0.936
2246 0 0 0.0 0.0
2247 1 1  0.91 0.962
2248 0 0 0.0 0.0
2249 1 1  0.996 0.93
2250 0 0 0.0 0.0
2251 1 1  0.993 0.967
2252 0 0 0.0 0.0
2253 1 1  0.932 0.924
2254 0 0 0.0 0.0
2255 1 1  0.95 0.955
2256 0 0 0.0 0.0
2257 1 1  0.92 0.948
2258 0 0 0.0 0.0
2259 1 1  0.926 0.972
2260 0 0 0.0 0.0
2261 1 1  0.979 0.903
2262 0 0 0.0 0.0
2263 1 1  0.903 1
2264 0 0 0.0 0.0
2265 1 1  0.914 0.922
2266 0 0 0.0 0.0
2267 1 1  0.99 0.993
2268 0 0 0.0 0.0
2269 1 1  0.993 0.938
2270 0 0 0.0 0.0
2271 1 1  0.949 0.999
2272 0 0 0.0 0.0
2273 1 1  0.989 0.968
2274 0 0 0.0 0.0
2275 1 1  0.924 0.988
2276 0 0 0.0 0.0
2277 1 1  0.93 0.963
2278 0 0 0.0 0.0
2279 1 1  0.941 0.953
2280 0 0 0.0 0.0
2281 1 1  0.975 0.905
2282 0 0 0.0 0.0
2283 1 1  0.956 0.92
2284 0 0 0.0 0.0
2285 1 1  0.958 0.991
2286 0 0 0.0 0.0
2287 1 1  0.971 0.911
2288 0 0 0.0 0.0
2289 1 1  0.975 0.955
2290 0 0 0.0 0.0
2291 1 1  0.973 0.906
2292 0 0 0.0 0.0
2293 1 1  0.917 0.938
2294 0 0 0.0 0.0
2295 1 1  0.969 0.943
2296 0 0 0.0 0.0
2297 1 1  0.988 0.916
2298 0 0 0.0 0.0
2299 1 1  0.926 0.976
2300 0 0 0.0 0.0
2301 1 1  0.963 0.95
2302 0 0 0.0 0.0
2303 1 1  0.931 0.999
2304 0 0 0.0 0.0
2305 1 1  0.942 0.913
2306 0 0 0.0 0.0
2307 1 1  0.939 0.942
2308 0 0 0.0 0.0
2309 0 0 0.0 0.0
2310 0 0 0.0 0.0
2311 0 0 0.0 0.0
2312 0 0 0.0 0.0
2313 0 0 0.0 0.0
2314 0 0 0.0 0.0
2315 0 0 0.0 0.0
2316 1 1  0.938 0.902
2317 0 0 0.0 0.0
2318 1 1  0.93 0.906
2319 0 0 0.0 0.0
2320 1 1  0.937 0.938
2321 0 0 0.0 0.0
2322 1 1  0.993 0.988
2323 0 0 0.0 0.0
2324 1 1  0.94 0.97
2325 0 0 0.0 0.0
2326 1 1  0.967 0.933
2327 0 0 0.0 0.0
2328 1 1  0.994 0.924
2329 0 0 0.0 0.0
2330 1 1  0.99 1
2331 0 0 0.0 0.0
2332 1 1  0.984 0.921
2333 0 0 0.0 0.0
2334 1 1  0.961 0.914
2335 0 0 0.0 0.0
2336 1 1  0.958 0.928
2337 0 0 0.0 0.0
2338 1 1  0.918 0.931
2339 0 0 0.0 0.0
2340 1 1  0.984 0.961
2341 0 0 0.0 0.0
2342 1 1  0.979 0.913
2343 0 0 0.0 0.0
2344 1 1  0.992 0.998
2345 0 0 0.0 0.0
2346 1 1  0.989 0.955
2347 0 0 0.0 0.0
2348 1 1  0.989 0.93
2349 0 0 0.0 0.0
2350 1 1  0.965 0.977
2351 0 0 0.0 0.0
2352 1 1  0.981 0.971
2353 0 0 0.0 0.0
2354 1 1  0.993 0.941
2355 0 0 0.0 0.0
2356 1 1  0.967 0.957
2357 0 0 0.0 0.0
2358 1 1  0.911 0.993
2359 0 0 0.0 0.0
2360 1 1  0.908 0.913
2361 0 0 0.0 0.0
2362 1 1  0.917 0.982
2363 0 0 0.0 0.0
2364 1 1  0.9 0.987
2365 0 0 0.0 0.0
2366 1 1  0.988 0.97
2367 0 0 0.0 0.0
2368 1 1  0.99 1
2369 0 0 0.0 0.0
2370 1 1  0.909 0.939
2371 0 0 0.0 0.0
2372 1 1  0.953 0.955
2373 0 0 0.0 0.0
2374 1 1  0.923 0.998
2375 0 0 0.0 0.0
2376 1 1  0.974 0.905
2377 0 0 0.0 0.0
2378 1 1  0.978 0.975
2379 0 0 0.0 0.0
2380 1 1  0.919 0.972
2381 0 0 0.0 0.0
2382 1 1  0.982 0.943
2383 0 0 0.0 0.0
2384 1 1  0.939 0.939
2385 0 0 0.0 0.0
2386 1 1  0.984 0.927
2387 0 0 0.0 0.0
2388 0 0 0.0 0.0
2389 0 0 0.0 0.0
2390 0 0 0.0 0.0
2391 0 0 0.0 0.0
2392 0 0 0.0 0.0
2393 0 0 0.0 0.0
2394 0 0 0.0 0.0
2395 1 1  0.956 0.948
2396 0 0 0.0 0.0
2397 1 1  0.915 0.907
2398 0 0 0.0 0.0
2399 1 1  0.956 0.954
2400 0 0 0.0 0.0
2401 1 1  0.931 0.999
2402 0 0 0.0 0.0
2403 1 1  0.973 0.959
2404 0 0 0.0 0.0
2405 1 1  0.967 0.949
2406 0 0 0.0 0.0
2407 1 1  0.983 0.918
2408 0 0 0.0 0.0
2409 1 1  0.992 0.995
2410 0 0 0.0 0.0
2411 1 1  0.911 0.934
2412 0 0 0.0 0.0
2413 1 1  0.939 0.93
2414 0 0 0.0 0.0
2415 1 1  0.926 0.914
2416 0 0 0.0 0.0
2417 1 1  0.908 0.936
2418 0 0 0.0 0.0
2419 1 1  0.959 0.93
2420 0 0 0.0 0.0
2421 1 1  0.982 0.961
2422 0 0 0.0 0.0
2423 1 1  0.968 0.914
2424 0 0 0.0 0.0
2425 1 1  0.952 0.996
2426 0 0 0.0 0.0
2427 1 1  0.977 0.916
2428 0 0 0.0 0.0
2429 1 1  0.95 0.938
2430 0 0 0.0 0.0
2431 1 1  0.964 0.946
2432 0 0 0.0 0.0
2433 1 1  0.957 0.981
2434 0 0 0.0 0.0
2435 1 1  0.913 0.97
2436 0 0 0.0 0.0
2437 1 1  0.933 0.908
2438 0 0 0.0 0.0
2439 1 1  0.939 0.952
2440 0 0 0.0 0.0
2441 1 1  0.92 0.93
2442 0 0 0.0 0.0
2443 1 1  0.958 0.979
2444 0 0 0.0 0.0
2445 1 1  0.96 0.998
2446 0 0 0.0 0.0
2447 1 1  0.951 0.989
2448 0 0 0.0 0.0
2449 1 1  0.971 0.907
2450 0 0 0.0 0.0
2451 1 1  0.952 0.992
2452 0 0 0.0 0.0
2453 1 1  0.93 0.994
2454 0 0 0.0 0.0
2455 1 1  0.902 0.94
2456 0 0 0.0 0.0
2457 1 1  0.937 0.904
2458 0 0 0.0 0.0
2459 1 1  0.957 0.958
2460 0 0 0.0 0.0
2461 1 1  0.928 0.963
2462 0 0 0.0 0.0
2463 1 1  0.997 0.932
2464 0 0 0.0 0.0
2465 1 1  0.949 0.993
2466 0 0 0.0 0.0
2467 0 0 0.0 0.0
2468 0 0 0.0 0.0
2469 0 0 0.0 0.0
2470 0 0 0.0 0.0
2471 0 0 0.0 0.0
2472 0 0 0.0 0.0
2473 0 0 0.0 0.0
2474 0 0 0.0 0.0
2475 0 0 0.0 0.0
2476 0 0 0.0 0.0
2477 0 0 0.0 0.0
2478 0 0 0.0 0.0
2479 0 0 0.0 0.0
2480 0 0 0.0 0.0
2481 0 0 0.0 0.0
2482 0 0 0.0 0.0
2483 0 0 0.0 0.0
2484 0 0 0.0 0.0
2485 0 0 0.0 0.0
2486 0 0 0.0 0.0
2487 0 0 0.0 0.0
2488 0 0 0.0 0.0
2489 0 0 0.0 0.0
2490 0 0 0.0 0.0
2491 0 0 0.0 0.0
2492 0 0 0.0 0.0
2493 0 0 0.0 0.0
2494 0 0 0.0 0.0
2495 0 0 0.0 0.0
2496 0 0 0.0 0.0
2497 0 0 0.0 0.0
2498 0 0 0.0 0.0
2499 0 0 0.0 0.0
2500 0 0 0.0 0.0
2501 0 0 0.0 0.0
2502 0 0 0.0 0.0
2503 0 0 0.0 0.0
2504 0 0 0.0 0.0
2505 0 0 0.0 0.0
2506 0 0 0.0 0.0
2507 0 0 0.0 0.0
2508 0 0 0.0 0.0
2509 0 0 0.0 0.0
2510 0 0 0.0 0.0
2511 0 0 0.0 0.0
2512 0 0 0.0 0.0
2513 0 0 0.0 0.0
2514 0 0 0.0 0.0
2515 0 0 0.0 0.0
2516 0 0 0.0 0.0
2517 0 0 0.0 0.0
2518 0 0 0.0 0.0
2519 0 0 0.0 0.0
2520 0 0 0.0 0.0
2521 0 0 0.0 0.0
2522 0 0 0.0 0.0
2523 0 0 0.0 0.0
2524 0 0 0.0 0.0
2525 0 0 0.0 0.0
2526 0 0 0.0 0.0
2527 0 0 0.0 0.0
2528 0 0 0.0 0.0
2529 0 0 0.0 0.0
2530 0 0 0.0 0.0
2531 0 0 0.0 0.0
2532 0 0 0.0 0.0
2533 0 0 0.0 0.0
2534 0 0 0.0 0.0
2535 0 0 0.0 0.0
2536 0 0 0.0 0.0
2537 0 0 0.0 0.0
2538 0 0 0.0 0.0
2539 0 0 0.0 0.0
2540 0 0 0.0 0.0
2541 0 0 0.0 0.0
2542 0 0 0.0 0.0
2543 0 0 0.0 0.0
2544 0 0 0.0 0.0
2545 0 0 0.0 0.0
2546 0 0 0.0 0.0
2547 0 0 0.0 0.0
2548 0 0 0.0 0.0
2549 0 0 0.0 0.0
2550 0 0 0.0 0.0
2551 0 0 0.0 0.0
2552 0 0 0.0 0.0
2553 0 0 0.0 0.0
2554 0 0 0.0 0.0
2555 0 0 0.0 0.0
2556 0 0 0.0 0.0
2557 0 0 0.0 0.0
2558 0 0 0.0 0.0
2559 0 0 0.0 0.0
2560 0 0 0.0 0.0
2561 0 0 0.0 0.0
2562 0 0 0.0 0.0
2563 0 0 0.0 0.0
2564 0 0 0.0 0.0
2565 0 0 0.0 0.0
2566 0 0 0.0 0.0
2567 0 0 0.0 0.0
2568 0 0 0.0 0.0
2569 0 0 0.0 0.0
2570 0 0 0.0 0.0
2571 0 0 0.0 0.0
2572 0 0 0.0 0.0
2573 0 0 0.0 0.0
2574 0 0 0.0 0.0
2575 0 0 0.0 0.0
2576 0 0 0.0 0.0
2577 0 0 0.0 0.0
2578 0 0 0.0 0.0
2579 0 0 0.0 0.0
2580 0 0 0.0 0.0
2581 0 0 0.0 0.0
2582 0 0 0.0 0.0
2583 0 0 0.0 0.0
2584 0 0 0.0 0.0
2585 0 0 0.0 0.0
2586 0 0 0.0 0.0
2587 0 0 0.0 0.0
2588 0 0 0.0 0.0
2589 1 1  0.941 0.955
2590 0 0 0.0 0.0
2591 1 1  0.924 0.943
2592 0 0 0.0 0.0
2593 1 1  0.905 0.967
2594 0 0 0.0 0.0
2595 1 1  0.984 0.994
2596 0 0 0.0 0.0
2597 1 1  0.943 0.985
2598 0 0 0.0 0.0
2599 1 1  0.949 0.958
2600 0 0 0.0 0.0
2601 1 1  0.956 0.934
2602 0 0 0.0 0.0
2603 1 1  0.928 0.927
2604 0 0 0.0 0.0
2605 1 1  0.935 0.907
2606 0 0 0.0 0.0
2607 1 1  0.925 0.919
2608 0 0 0.0 0.0
2609 1 1  0.98 0.93
2610 0 0 0.0 0.0
2611 1 1  0.995 0.986
2612 0 0 0.0 0.0
2613 1 1  0.96 0.922
2614 0 0 0.0 0.0
2615 1 1  0.976 0.925
2616 0 0 0.0 0.0
2617 1 1  0.982 0.937
2618 0 0 0.0 0.0
2619 1 1  0.959 0.953
2620 0 0 0.0 0.0
2621 1 1  0.949 0.92
2622 0 0 0.0 0.0
2623 1 1  0.935 0.979
2624 0 0 0.0 0.0
2625 1 1  0.994 0.921
2626 0 0 0.0 0.0
2627 1 1  0.969 0.922
2628 0 0 0.0 0.0
2629 1 1  0.934 0.977
2630 0 0 0.0 0.0
2631 1 1  0.951 0.97
2632 0 0 0.0 0.0
2633 1 1  0.965 0.931
2634 0 0 0.0 0.0
2635 1 1  0.953 0.914
2636 0 0 0.0 0.0
2637 1 1  0.997 0.95
2638 0 0 0.0 0.0
2639 1 1  0.945 0.901
2640 0 0 0.0 0.0
2641 1 1  0.963 0.949
2642 0 0 0.0 0.0
2643 1 1  0.945 0.912
2644 0 0 0.0 0.0
2645 1 1  0.94 0.906
2646 0 0 0.0 0.0
2647 1 1  0.966 0.957
2648 0 0 0.0 0.0
2649 1 1  0.911 0.902
2650 0 0 0.0 0.0
2651 1 1  0.968 0.925
2652 0 0 0.0 0.0
2653 1 1  0.959 0.988
2654 0 0 0.0 0.0
2655 1 1  0.957 0.938
2656 0 0 0.0 0.0
2657 1 1  0.981 0.924
2658 0 0 0.0 0.0
2659 1 1  0.981 0.972
2660 0 0 0.0 0.0
2661 0 0 0.0 0.0
2662 0 0 0.0 0.0
2663 0 0 0.0 0.0
2664 0 0 0.0 0.0
2665 0 0 0.0 0.0
2666 0 0 0.0 0.0
2667 0 0 0.0 0.0
2668 1 1  0.955 0.995
2669 0 0 0.0 0.0
2670 1 1  0.924 0.913
2671 0 0 0.0 0.0
2672 1 1  0.906 0.947
2673 0 0 0.0 0.0
2674 1 1  0.964 0.947
2675 0 0 0.0 0.0
2676 1 1  0.919 0.944
2677 0 0 0.0 0.0
2678 1 1  0.97 0.954
2679 0 0 0.0 0.0
2680 1 1  0.907 0.964
2681 0 0 0.0 0.0
2682 1 1  0.986 0.909
2683 0 0 0.0 0.0
2684 1 1  0.971 0.933
2685 0 0 0.0 0.0
2686 1 1  0.939 0.978
2687 0 0 0.0 0.0
2688 1 1  0.917 0.969
2689 0 0 0.0 0.0
2690 1 1  0.902 0.992
2691 0 0 0.0 0.0
2692 1 1  0.937 0.913
2693 0 0 0.0 0.0
2694 1 1  0.983 0.982
2695 0 0 0.0 0.0
2696 1 1  0.968 0.981
2697 0 0 0.0 0.0
2698 1 1  0.96 0.941
2699 0 0 0.0 0.0
2700 1 1  0.904 0.957
2701 0 0 0.0 0.0
2702 1 1  0.936 0.965
2703 0 0 0.0 0.0
2704 1 1  0.977 0.922
2705 0 0 0.0 0.0
2706 1 1  0.915 0.924
2707 0 0 0.0 0.0
2708 1 1  0.98 0.973
2709 0 0 0.0 0.0
2710 1 1  0.974 0.967
2711 0 0 0.0 0.0
2712 1 1  0.923 0.974
2713 0 0 0.0 0.0
2714 1 1  0.99 0.965
2715 0 0 0.0 0.0
2716 1 1  0.949 0.999
2717 0 0 0.0 0.0
2718 1 1  0.988 0.967
2719 0 0 0.0 0.0
2720 1 1  0.92 0.959
2721 0 0 0.0 0.0
2722 1 1  0.914 0.999
2723 0 0 0.0 0.0
2724 1 1  0.995 0.977
2725 0 0 0.0 0.0
2726 1 1  0.989 0.928
2727 0 0 0.0 0.0
2728 1 1  0.934 0.909
2729 0 0 0.0 0.0
2730 1 1  0.951 0.953
2731 0 0 0.0 0.0
2732 1 1  0.945 0.996
2733 0 0 0.0 0.0
2734 1 1  0.947 0.969
2735 0 0 0.0 0.0
2736 1 1  0.981 0.92
2737 0 0 0.0 0.0
2738 1 1  0.975 0.994
2739 0 0 0.0 0.0
2740 0 0 0.0 0.0
2741 0 0 0.0 0.0
2742 0 0 0.0 0.0
2743 0 0 0.0 0.0
2744 0 0 0.0 0.0
2745 0 0 0.0 0.0
2746 0 0 0.0 0.0
2747 0 0 0.0 0.0
2748 0 0 0.0 0.0
2749 0 0 0.0 0.0
2750 0 0 0.0 0.0
2751 0 0 0.0 0.0
2752 0 0 0.0 0.0
2753 0 0 0.0 0.0
2754 0 0 0.0 0.0
2755 0 0 0.0 0.0
2756 0 0 0.0 0.0
2757 0 0 0.0 0.0
2758 0 0 0.0 0.0
2759 0 0 0.0 0.0
2760 0 0 0.0 0.0
2761 0 0 0.0 0.0
2762 0 0 0.0 0.0
2763 0 0 0.0 0.0
2764 0 0 0.0 0.0
2765 0 0 0.0 0.0
2766 0 0 0.0 0.0
2767 0 0 0.0 0.0
2768 0 0 0.0 0.0
2769 0 0 0.0 0.0
2770 0 0 0.0 0.0
2771 0 0 0.0 0.0
2772 0 0 0.0 0.0
2773 0 0 0.0 0.0
2774 0 0 0.0 0.0
2775 1 1  0.944 0.962
2776 0 0 0.0 0.0
2777 1 1  0.903 0.908
2778 0 0 0.0 0.0
2779 1 1  0.909 0.911
2780 0 0 0.0 0.0
2781 1 1  0.967 0.905
2782 0 0 0.0 0.0
2783 1 1  0.973 0.904
2784 0 0 0.0 0.0
2785 1 1  0.925 0.913
2786 0 0 0.0 0.0
2787 1 1  0.958 0.919
2788 0 0 0.0 0.0
2789 1 1  0.952 0.976
2790 0 0 0.0 0.0
2791 1 1  0.965 0.959
2792 0 0 0.0 0.0
2793 1 1  0.998 0.941
2794 0 0 0.0 0.0
2795 1 1  0.949 0.927
2796 0 0 0.0 0.0
2797 1 1  0.969 0.922
2798 0 0 0.0 0.0
2799 1 1  0.973 0.975
2800 0 0 0.0 0.0
2801 1 1  0.957 0.965
2802 0 0 0.0 0.0
2803 1 1  0.941 0.974
2804 0 0 0.0 0.0
2805 1 1  0.976 0.965
2806 0 0 0.0 0.0
2807 1 1  0.918 0.927
2808 0 0 0.0 0.0
2809 1 1  0.913 0.906
2810 0 0 0.0 0.0
2811 1 1  0.959 0.918
2812 0 0 0.0 0.0
2813 1 1  0.915 0.942
2814 0 0 0.0 0.0
2815 1 1  0.996 0.944
2816 0 0 0.0 0.0
2817 1 1  0.921 0.935
2818 0 0 0.0 0.0
2819 1 1  0.988 0.941
2820 0 0 0.0 0.0
2821 1 1  0.986 0.93
2822 0 0 0.0 0.0
2823 1 1  0.94 0.976
2824 0 0 0.0 0.0
2825 1 1  0.908 0.903
2826 0 0 0.0 0.0
2827 1 1  0.974 0.917
2828 0 0 0.0 0.0
2829 1 1  0.92 0.992
2830 0 0 0.0 0.0
2831 1 1  0.959 0.97
2832 0 0 0.0 0.0
2833 1 1  0.938 0.902
2834 0 0 0.0 0.0
2835 1 1  0.987 0.987
2836 0 0 0.0 0.0
2837 1 1  0.935 0.986
2838 0 0 0.0 0.0
2839 1 1  0.99 0.917
2840 0 0 0.0 0.0
2841 1 1  0.997 0.905
2842 0 0 0.0 0.0
2843 1 1  0.941 0.906
2844 0 0 0.0 0.0
2845 1 1  0.93 0.904
2846 0 0 0.0 0.0
2847 0 0 0.0 0.0
2848 0 0 0.0 0.0
2849 0 0 0.0 0.0
2850 0 0 0.0 0.0
2851 0 0 0.0 0.0
2852 0 0 0.0 0.0
2853 0 0 0.0 0.0
2854 1 1  0.956 0.991
2855 0 0 0.0 0.0
2856 1 1  0.923 0.986
2857 0 0 0.0 0.0
2858 1 1  0.955 0.962
2859 0 0 0.0 0.0
2860 1 1  0.931 0.918
2861 0 0 0.0 0.0
2862 1 1  0.904 0.904
2863 0 0 0.0 0.0
2864 1 1  0.903 0.95
2865 0 0 0.0 0.0
2866 1 1  0.924 0.971
2867 0 0 0.0 0.0
2868 1 1  0.913 0.95
2869 0 0 0.0 0.0
2870 1 1  0.96 0.936
2871 0 0 0.0 0.0
2872 1 1  0.93 0.928
2873 0 0 0.0 0.0
2874 1 1  0.922 0.919
2875 0 0 0.0 0.0
2876 1 1  0.957 0.907
2877 0 0 0.0 0.0
2878 1 1  0.937 0.909
2879 0 0 0.0 0.0
2880 1 1  0.978 0.992
2881 0 0 0.0 0.0
2882 1 1  0.956 0.976
2883 0 0 0.0 0.0
2884 1 1  0.902 0.936
2885 0 0 0.0 0.0
2886 1 1  0.98 0.942
2887 0 0 0.0 0.0
2888 1 1  0.938 0.92
2889 0 0 0.0 0.0
2890 1 1  0.951 0.93
2891 0 0 0.0 0.0
2892 1 1  0.924 0.99
2893 0 0 0.0 0.0
2894 1 1  0.924 0.972
2895 0 0 0.0 0.0
2896 1 1  0.939 0.996
2897 0 0 0.0 0.0
2898 1 1  0.919 0.905
2899 0 0 0.0 0.0
2900 1 1  0.939 0.917
2901 0 0 0.0 0.0
2902 1 1  0.915 0.941
2903 0 0 0.0 0.0
2904 1 1  0.926 0.941
2905 0 0 0.0 0.0
2906 1 1  0.955 0.948
2907 0 0 0.0 0.0
2908 1 1  0.904 0.91
2909 0 0 0.0 0.0
2910 1 1  0.912 0.998
2911 0 0 0.0 0.0
2912 1 1  0.98 0.902
2913 0 0 0.0 0.0
2914 1 1  0.971 0.928
2915 0 0 0.0 0.0
2916 1 1  0.984 0.975
2917 0 0 0.0 0.0
2918 1 1  0.961 0.943
2919 0 0 0.0 0.0
2920 1 1  0.903 0.943
2921 0 0 0.0 0.0
2922 1 1  0.935 0.96
2923 0 0 0.0 0.0
2924 1 1  0.992 0.911
2925 0 0 0.0 0.0
2926 0 0 0.0 0.0
2927 0 0 0.0 0.0
2928 0 0 0.0 0.0
2929 0 0 0.0 0.0
2930 0 0 0.0 0.0
2931 0 0 0.0 0.0
2932 0 0 0.0 0.0
2933 1 1  0.926 0.927
2934 0 0 0.0 0.0
2935 1 1  0.997 0.92
2936 0 0 0.0 0.0
2937 1 1  0.998 0.944
2938 0 0 0.0 0.0
2939 1 1  0.924 0.91
2940 0 0 0.0 0.0
2941 1 1  0.911 0.984
2942 0 0 0.0 0.0
2943 1 1  0.918 0.936
2944 0 0 0.0 0.0
2945 1 1  0.92 0.901
2946 0 0 0.0 0.0
2947 1 1  0.951 0.916
2948 0 0 0.0 0.0
2949 1 1  0.901 0.947
2950 0 0 0.0 0.0
2951 1 1  0.978 0.9
2952 0 0 0.0 0.0
2953 1 1  0.922 0.935
2954 0 0 0.0 0.0
2955 1 1  0.935 0.901
2956 0 0 0.0 0.0
2957 1 1  0.913 0.988
2958 0 0 0.0 0.0
2959 1 1  0.923 0.937
2960 0 0 0.0 0.0
2961 1 1  0.936 0.947
2962 0 0 0.0 0.0
2963 1 1  0.985 0.954
2964 0 0 0.0 0.0
2965 1 1  0.941 0.982
2966 0 0 0.0 0.0
2967 1 1  0.92 0.934
2968 0 0 0.0 0.0
2969 1 1  0.918 0.996
2970 0 0 0.0 0.0
2971 1 1  0.961 0.98
2972 0 0 0.0 0.0
2973 1 1  0.921 0.976
2974 0 0 0.0 0.0
2975 1 1  0.926 0.908
2976 0 0 0.0 0.0
2977 1 1  0.961 0.967
2978 0 0 0.0 0.0
2979 1 1  0.901 0.969
2980 0 0 0.0 0.0
2981 1 1  0.959 0.922
2982 0 0 0.0 0.0
2983 1 1  0.911 0.933
2984 0 0 0.0 0.0
2985 1 1  0.902 0.995
2986 0 0 0.0 0.0
2987 1 1  0.934 0.968
2988 0 0 0.0 0.0
2989 1 1  0.9 0.997
2990 0 0 0.0 0.0
2991 1 1  0.985 0.959
2992 0 0 0.0 0.0
2993 1 1  0.927 0.966
2994 0 0 0.0 0.0
2995 1 1  0.989 0.974
2996 0 0 0.0 0.0
2997 1 1  0.929 0.932
2998 0 0 0.0 0.0
2999 1 1  0.923 0.928
3000 0 0 0.0 0.0
3001 1 1  0.92 0.986
3002 0 0 0.0 0.0
3003 1 1  0.916 0.931
3004 0 0 0.0 0.0
3005 0 0 0.0 0.0
3006 0 0 0.0 0.0
3007 0 0 0.0 0.0
3008 0 0 0.0 0.0
3009 0 0 0.0 0.0
3010 0 0 0.0 0.0
3011 0 0 0.0 0.0
3012 0 0 0.0 0.0
3013 0 0 0.0 0.0
3014 0 0 0.0 0.0
3015 0 0 0.0 0.0
3016 0 0 0.0 0.0
3017 0 0 0.0 0.0
3018 0 0 0.0 0.0
3019 0 0 0.0 0.0
3020 0 0 0.0 0.0
3021 0 0 0.0 0.0
3022 0 0 0.0 0.0
3023 0 0 0.0 0.0
3024 0 0 0.0 0.0
3025 0 0 0.0 0.0
3026 0 0 0.0 0.0
3027 0 0 0.0 0.0
3028 0 0 0.0 0.0
3029 0 0 0.0 0.0
3030 0 0 0.0 0.0
3031 0 0 0.0 0.0
3032 0 0 0.0 0.0
3033 0 0 0.0 0.0
3034 0 0 0.0 0.0
3035 0 0 0.0 0.0
3036 0 0 0.0 0.0
3037 0 0 0.0 0.0
3038 0 0 0.0 0.0
3039 0 0 0.0 0.0
3040 0 0 0.0 0.0
3041 0 0 0.0 0.0
3042 0 0 0.0 0.0
3043 0 0 0.0 0.0
3044 0 0 0.0 0.0
3045 0 0 0.0 0.0
3046 0 0 0.0 0.0
3047 0 0 0.0 0.0
3048 0 0 0.0 0.0
3049 0 0 0.0 0.0
3050 0 0 0.0 0.0
3051 0 0 0.0 0.0
3052 0 0 0.0 0.0
3053 0 0 0.0 0.0
3054 0 0 0.0 0.0
3055 0 0 0.0 0.0
3056 0 0 0.0 0.0
3057 0 0 0.0 0.0
3058 0 0 0.0 0.0
3059 0 0 0.0 0.0
3060 0 0 0.0 0.0
3061 0 0 0.0 0.0
3062 0 0 0.0 0.0
3063 0 0 0.0 0.0
3064 0 0 0.0 0.0
3065 0 0 0.0 0.0
3066 0 0 0.0 0.0
3067 0 0 0.0 0.0
3068 0 0 0.0 0.0
3069 0 0 0.0 0.0
3070 0 0 0.0 0.0
3071 0 0 0.0 0.0
3072 0 0 0.0 0.0
3073 0 0 0.0 0.0
3074 0 0 0.0 0.0
3075 0 0 0.0 0.0
3076 0 0 0.0 0.0
3077 0 0 0.0 0.0
3078 0 0 0.0 0.0
3079 0 0 0.0 0.0
3080 0 0 0.0 0.0
3081 0 0 0.0 0.0
3082 0 0 0.0 0.0
3083 0 0 0.0 0.0
3084 0 0 0.0 0.0
3085 0 0 0.0 0.0
3086 0 0 0.0 0.0
3087 0 0 0.0 0.0
3088 0 0 0.0 0.0
3089 0 0 0.0 0.0
3090 0 0 0.0 0.0
3091 0 0 0.0 0.0
3092 0 0 0.0 0.0
3093 0 0 0.0 0.0
3094 0 0 0.0 0.0
3095 0 0 0.0 0.0
3096 0 0 0.0 0.0
3097 0 0 0.0 0.0
3098 0 0 0.0 0.0
3099 0 0 0.0 0.0
3100 0 0 0.0 0.0
3101 0 0 0.0 0.0
3102 0 0 0.0 0.0
3103 0 0 0.0 0.0
3104 0 0 0.0 0.0
3105 0 0 0.0 0.0
3106 0 0 0.0 0.0
3107 0 0 0.0 0.0
3108 0 0 0.0 0.0
3109 0 0 0.0 0.0
3110 0 0 0.0 0.0
3111 0 0 0.0 0.0
3112 0 0 0.0 0.0
3113 0 0 0.0 0.0
3114 0 0 0.0 0.0
3115 0 0 0.0 0.0
3116 0 0 0.0 0.0
3117 0 0 0.0 0.0
3118 0 0 0.0 0.0
3119 1 1  0.926 0.907
3120 0 0 0.0 0.0
3121 1 1  0.901 0.943
3122 0 0 0.0 0.0
3123 1 1  0.995 0.978
3124 0 0 0.0 0.0
3125 1 1  0.994 0.994
3126 0 0 0.0 0.0
3127 1 1  0.923 0.996
3128 0 0 0.0 0.0
3129 1 1  0.986 0.959
3130 0 0 0.0 0.0
3131 1 1  0.912 0.964
3132 0 0 0.0 0.0
3133 1 1  0.979 0.999
3134 0 0 0.0 0.0
3135 1 1  0.939 0.965
3136 0 0 0.0 0.0
3137 1 1  0.948 0.912
3138 0 0 0.0 0.0
3139 1 1  0.978 0.947
3140 0 0 0.0 0.0
3141 1 1  0.913 0.949
3142 0 0 0.0 0.0
3143 1 1  0.972 0.948
3144 0 0 0.0 0.0
3145 1 1  0.972 0.981
3146 0 0 0.0 0.0
3147 1 1  0.974 0.974
3148 0 0 0.0 0.0
3149 1 1  0.908 0.902
3150 0 0 0.0 0.0
3151 1 1  0.999 0.981
3152 0 0 0.0 0.0
3153 1 1  0.902 0.972
3154 0 0 0.0 0.0
3155 1 1  0.95 0.969
3156 0 0 0.0 0.0
3157 1 1  0.974 0.928
3158 0 0 0.0 0.0
3159 1 1  0.995 0.932
3160 0 0 0.0 0.0
3161 1 1  0.946 0.955
3162 0 0 0.0 0.0
3163 1 1  0.997 0.956
3164 0 0 0.0 0.0
3165 1 1  0.948 0.967
3166 0 0 0.0 0.0
3167 1 1  0.98 0.982
3168 0 0 0.0 0.0
3169 1 1  0.908 0.993
3170 0 0 0.0 0.0
3171 1 1  0.982 0.915
3172 0 0 0.0 0.0
3173 1 1  0.948 0.903
3174 0 0 0.0 0.0
3175 1 1  0.955 0.948
3176 0 0 0.0 0.0
3177 1 1  0.945 0.961
3178 0 0 0.0 0.0
3179 1 1  0.901 0.947
3180 0 0 0.0 0.0
3181 1 1  0.963 0.936
3182 0 0 0.0 0.0
3183 1 1  0.978 0.929
3184 0 0 0.0 0.0
3185 1 1  0.948 0.917
3186 0 0 0.0 0.0
3187 1 1  0.981 0.914
3188 0 0 0.0 0.0
3189 1 1  0.941 0.93
3190 0 0 0.0 0.0
3191 0 0 0.0 0.0
3192 0 0 0.0 0.0
3193 0 0 0.0 0.0
3194 0 0 0.0 0.0
3195 0 0 0.0 0.0
3196 0 0 0.0 0.0
3197 0 0 0.0 0.0
3198 1 1  0.999 0.936
3199 0 0 0.0 0.0
3200 1 1  0.914 0.994
3201 0 0 0.0 0.0
3202 1 1  0.95 0.919
3203 0 0 0.0 0.0
3204 1 1  0.948 0.945
3205 0 0 0.0 0.0
3206 1 1  0.957 0.942
3207 0 0 0.0 0.0
3208 1 1  0.941 0.922
3209 0 0 0.0 0.0
3210 1 1  0.952 0.92
3211 0 0 0.0 0.0
3212 1 1  0.91 0.999
3213 0 0 0.0 0.0
3214 1 1  0.905 0.937
3215 0 0 0.0 0.0
3216 1 1  0.967 0.985
3217 0 0 0.0 0.0
3218 1 1  0.964 0.98
3219 0 0 0.0 0.0
3220 1 1  0.946 0.919
3221 0 0 0.0 0.0
3222 1 1  0.904 0.996
3223 0 0 0.0 0.0
3224 1 1  0.946 0.991
3225 0 0 0.0 0.0
3226 1 1  0.956 0.934
3227 0 0 0.0 0.0
3228 1 1  0.974 0.962
3229 0 0 0.0 0.0
3230 1 1  0.922 0.993
3231 0 0 0.0 0.0
3232 1 1  0.916 1
3233 0 0 0.0 0.0
3234 1 1  0.998 0.994
3235 0 0 0.0 0.0
3236 1 1  0.928 0.932
3237 0 0 0.0 0.0
3238 1 1  0.922 0.909
3239 0 0 0.0 0.0
3240 1 1  0.909 0.932
3241 0 0 0.0 0.0
3242 1 1  1 0.925
3243 0 0 0.0 0.0
3244 1 1  0.942 0.912
3245 0 0 0.0 0.0
3246 1 1  0.918 0.928
3247 0 0 0.0 0.0
3248 1 1  0.916 0.966
3249 0 0 0.0 0.0
3250 1 1  0.939 0.982
3251 0 0 0.0 0.0
3252 1 1  0.967 0.988
3253 0 0 0.0 0.0
3254 1 1  0.937 0.905
3255 0 0 0.0 0.0
3256 1 1  0.992 0.993
3257 0 0 0.0 0.0
3258 1 1  0.918 0.982
3259 0 0 0.0 0.0
3260 1 1  0.932 0.946
3261 0 0 0.0 0.0
3262 1 1  0.919 0.967
3263 0 0 0.0 0.0
3264 1 1  0.978 0.977
3265 0 0 0.0 0.0
3266 1 1  0.953 0.936
3267 0 0 0.0 0.0
3268 1 1  0.978 0.956
3269 0 0 0.0 0.0
3270 0 0 0.0 0.0
3271 0 0 0.0 0.0
3272 0 0 0.0 0.0
3273 0 0 0.0 0.0
3274 0 0 0.0 0.0
3275 0 0 0.0 0.0
3276 0 0 0.0 0.0
3277 1 1  0.943 0.973
3278 0 0 0.0 0.0
3279 1 1  0.96 0.947
3280 0 0 0.0 0.0
3281 1 1  0.985 0.984
3282 0 0 0.0 0.0
3283 1 1  0.91 0.971
3284 0 0 0.0 0.0
3285 1 1  0.957 0.935
3286 0 0 0.0 0.0
3287 1 1  0.906 0.926
3288 0 0 0.0 0.0
3289 1 1  0.959 0.908
3290 0 0 0.0 0.0
3291 1 1  0.958 0.929
3292 0 0 0.0 0.0
3293 1 1  0.951 0.994
3294 0 0 0.0 0.0
3295 1 1  0.949 0.962
3296 0 0 0.0 0.0
3297 1 1  0.925 0.999
3298 0 0 0.0 0.0
3299 1 1  0.926 1
3300 0 0 0.0 0.0
3301 1 1  0.902 0.989
3302 0 0 0.0 0.0
3303 1 1  0.995 0.916
3304 0 0 0.0 0.0
3305 1 1  0.95 0.922
3306 0 0 0.0 0.0
3307 1 1  0.988 0.947
3308 0 0 0.0 0.0
3309 1 1  0.987 0.971
3310 0 0 0.0 0.0
3311 1 1  0.987 0.933
3312 0 0 0.0 0.0
3313 1 1  0.944 0.989
3314 0 0 0.0 0.0
3315 1 1  0.96 0.984
3316 0 0 0.0 0.0
3317 1 1  0.921 0.942
3318 0 0 0.0 0.0
3319 1 1  0.95 0.994
3320 0 0 0.0 0.0
3321 1 1  0.936 0.951
3322 0 0 0.0 0.0
3323 1 1  0.932 0.933
3324 0 0 0.0 0.0
3325 1 1  0.993 0.925
3326 0 0 0.0 0.0
3327 1 1  0.999 0.917
3328 0 0 0.0 0.0
3329 1 1  0.963 0.955
3330 0 0 0.0 0.0
3331 1 1  0.969 0.943
3332 0 0 0.0 0.0
3333 1 1  0.998 0.908
3334 0 0 0.0 0.0
3335 1 1  0.977 0.971
3336 0 0 0.0 0.0
3337 1 1  0.949 0.926
3338 0 0 0.0 0.0
3339 1 1  1 0.995
3340 0 0 0.0 0.0
3341 1 1  0.971 0.99
3342 0 0 0.0 0.0
3343 1 1  0.967 0.915
3344 0 0 0.0 0.0
3345 1 1  0.984 0.986
3346 0 0 0.0 0.0
3347 1 1  0.952 0.927
3348 0 0 0.0 0.0
3349 0 0 0.0 0.0
3350 0 0 0.0 0.0
3351 0 0 0.0 0.0
3352 0 0 0.0 0.0
3353 0 0 0.0 0.0
3354 0 0 0.0 0.0
3355 0 0 0.0 0.0
3356 0 0 0.0 0.0
3357 0 0 0.0 0.0
3358 0 0 0.0 0.0
3359 0 0 0.0 0.0
3360 0 0 0.0 0.0
3361 0 0 0.0 0.0
3362 0 0 0.0 0.0
3363 0 0 0.0 0.0
3364 0 0 0.0 0.0
3365 0 0 0.0 0.0
3366 0 0 0.0 0.0
3367 0 0 0.0 0.0
3368 0 0 0.0 0.0
3369 0 0 0.0 0.0
3370 0 0 0.0 0.0
3371 0 0 0.0 0.0
3372 0 0 0.0 0.0
3373 0 0 0.0 0.0
3374 0 0 0.0 0.0
3375 0 0 0.0 0.0
3376 0 0 0.0 0.0
3377 0 0 0.0 0.0
3378 0 0 0.0 0.0
3379 0 0 0.0 0.0
3380 0 0 0.0 0.0
3381 0 0 0.0 0.0
3382 0 0 0.0 0.0
3383 0 0 0.0 0.0
3384 0 0 0.0 0.0
3385 0 0 0.0 0.0
3386 0 0 0.0 0.0
3387 0 0 0.0 0.0
3388 0 0 0.0 0.0
3389 0 0 0.0 0.0
3390 0 0 0.0 0.0
3391 0 0 0.0 0.0
3392 0 0 0.0 0.0
3393 0 0 0.0 0.0
3394 0 0 0.0 0.0
3395 0 0 0.0 0.0
3396 0 0 0.0 0.0
3397 0 0 0.0 0.0
3398 0 0 0.0 0.0
3399 0 0 0.0 0.0
3400 0 0 0.0 0.0
3401 0 0 0.0 0.0
3402 0 0 0.0 0.0
3403 0 0 0.0 0.0
3404 0 0 0.0 0.0
3405 0 0 0.0 0.0
3406 0 0 0.0 0.0
3407 0 0 0.0 0.0
3408 0 0 0.0 0.0
3409 0 0 0.0 0.0
3410 0 0 0.0 0.0
3411 0 0 0.0 0.0
3412 0 0 0.0 0.0
3413 0 0 0.0 0.0
3414 0 0 0.0 0.0
3415 0 0 0.0 0.0
3416 0 0 0.0 0.0
3417 0 0 0.0 0.0
3418 0 0 0.0 0.0
3419 0 0 0.0 0.0
3420 0 0 0.0 0.0
3421 0 0 0.0 0.0
3422 0 0 0.0 0.0
3423 0 0 0.0 0.0
3424 0 0 0.0 0.0
3425 0 0 0.0 0.0
3426 0 0 0.0 0.0
3427 0 0 0.0 0.0
3428 0 0 0.0 0.0
3429 0 0 0.0 0.0
3430 0 0 0.0 0.0
3431 0 0 0.0 0.0
3432 0 0 0.0 0.0
3433 0 0 0.0 0.0
3434 0 0 0.0 0.0
3435 0 0 0.0 0.0
3436 0 0 0.0 0.0
3437 0 0 0.0 0.0
3438 0 0 0.0 0.0
3439 0 0 0.0 0.0
3440 0 0 0.0 0.0
3441 0 0 0.0 0.0
3442 0 0 0.0 0.0
3443 0 0 0.0 0.0
3444 0 0 0.0 0.0
3445 0 0 0.0 0.0
3446 0 0 0.0 0.0
3447 0 0 0.0 0.0
3448 0 0 0.0 0.0
3449 0 0 0.0 0.0
3450 0 0 0.0 0.0
3451 0 0 0.0 0.0
3452 0 0 0.0 0.0
3453 0 0 0.0 0.0
3454 0 0 0.0 0.0
3455 0 0 0.0 0.0
3456 0 0 0.0 0.0
3457 0 0 0.0 0.0
3458 0 0 0.0 0.0
3459 0 0 0.0 0.0
3460 0 0 0.0 0.0
3461 0 0 0.0 0.0
3462 0 0 0.0 0.0
3463 0 0 0.0 0.0
3464 0 0 0.0 0.0
3465 0 0 0.0 0.0
3466 0 0 0.0 0.0
3467 0 0 0.0 0.0
3468 0 0 0.0 0.0
3469 0 0 0.0 0.0
3470 0 0 0.0 0.0
3471 0 0 0.0 0.0
3472 0 0 0.0 0.0
3473 0 0 0.0 0.0
3474 0 0 0.0 0.0
3475 0 0 0.0 0.0
3476 0 0 0.0 0.0
3477 0 0 0.0 0.0
3478 0 0 0.0 0.0
3479 0 0 0.0 0.0
3480 0 0 0.0 0.0
3481 0 0 0.0 0.0
3482 0 0 0.0 0.0
3483 0 0 0.0 0.0
3484 0 0 0.0 0.0
3485 0 0 0.0 0.0
3486 0 0 0.0 0.0
3487 0 0 0.0 0.0
3488 0 0 0.0 0.0
3489 0 0 0.0 0.0
3490 0 0 0.0 0.0
3491 0 0 0.0 0.0
3492 0 0 0.0 0.0
3493 0 0 0.0 0.0
3494 0 0 0.0 0.0
3495 0 0 0.0 0.0
3496 0 0 0.0 0.0
3497 0 0 0.0 0.0
3498 0 0 0.0 0.0
3499 0 0 0.0 0.0
3500 0 0 0.0 0.0
3501 0 0 0.0 0.0
3502 0 0 0.0 0.0
3503 0 0 0.0 0.0
3504 0 0 0.0 0.0
3505 0 0 0.0 0.0
3506 0 0 0.0 0.0
3507 0 0 0.0 0.0
3508 0 0 0.0 0.0
3509 0 0 0.0 0.0
3510 0 0 0.0 0.0
3511 0 0 0.0 0.0
3512 0 0 0.0 0.0
3513 0 0 0.0 0.0
3514 0 0 0.0 0.0
3515 0 0 0.0 0.0
3516 0 0 0.0 0.0
3517 0 0 0.0 0.0
3518 0 0 0.0 0.0
3519 0 0 0.0 0.0
3520 0 0 0.0 0.0
3521 0 0 0.0 0.0
3522 0 0 0.0 0.0
3523 0 0 0.0 0.0
3524 0 0 0.0 0.0
3525 0 0 0.0 0.0
3526 0 0 0.0 0.0
3527 0 0 0.0 0.0
3528 0 0 0.0 0.0
3529 0 0 0.0 0.0
3530 0 0 0.0 0.0
3531 0 0 0.0 0.0
3532 0 0 0.0 0.0
3533 0 0 0.0 0.0
3534 0 0 0.0 0.0
3535 0 0 0.0 0.0
3536 0 0 0.0 0.0
3537 0 0 0.0 0.0
3538 0 0 0.0 0.0
3539 0 0 0.0 0.0
3540 0 0 0.0 0.0
3541 0 0 0.0 0.0
3542 0 0 0.0 0.0
3543 0 0 0.0 0.0
3544 0 0 0.0 0.0
3545 0 0 0.0 0.0
3546 0 0 0.0 0.0
3547 0 0 0.0 0.0
3548 0 0 0.0 0.0
3549 0 0 0.0 0.0
3550 0 0 0.0 0.0
3551 0 0 0.0 0.0
3552 0 0 0.0 0.0
3553 0 0 0.0 0.0
3554 0 0 0.0 0.0
3555 0 0 0.0 0.0
3556 0 0 0.0 0.0
3557 0 0 0.0 0.0
3558 0 0 0.0 0.0
3559 0 0 0.0 0.0
3560 0 0 0.0 0.0
3561 0 0 0.0 0.0
3562 0 0 0.0 0.0
3563 0 0 0.0 0.0
3564 0 0 0.0 0.0
