1 0 0 0.0 0.0
2 0 0 0.0 0.0
3 0 0 0.0 0.0
4 0 0 0.0 0.0
5 0 0 0.0 0.0
6 0 0 0.0 0.0
7 0 0 0.0 0.0
8 0 0 0.0 0.0
9 0 0 0.0 0.0
10 0 0 0.0 0.0
11 0 0 0.0 0.0
12 0 0 0.0 0.0
13 0 0 0.0 0.0
14 0 0 0.0 0.0
15 0 0 0.0 0.0
16 0 0 0.0 0.0
17 0 0 0.0 0.0
18 0 0 0.0 0.0
19 0 0 0.0 0.0
20 1 1  0.981 0.944
21 0 0 0.0 0.0
22 0 0 0.0 0.0
23 0 0 0.0 0.0
24 0 0 0.0 0.0
25 0 0 0.0 0.0
26 0 0 0.0 0.0
27 0 0 0.0 0.0
28 0 0 0.0 0.0
29 0 0 0.0 0.0
30 0 0 0.0 0.0
31 0 0 0.0 0.0
32 0 0 0.0 0.0
33 0 0 0.0 0.0
34 0 0 0.0 0.0
35 0 0 0.0 0.0
36 0 0 0.0 0.0
37 0 0 0.0 0.0
38 0 0 0.0 0.0
39 0 0 0.0 0.0
40 0 0 0.0 0.0
41 0 0 0.0 0.0
42 0 0 0.0 0.0
43 0 0 0.0 0.0
44 0 0 0.0 0.0
45 0 0 0.0 0.0
46 0 0 0.0 0.0
47 0 0 0.0 0.0
48 0 0 0.0 0.0
49 0 0 0.0 0.0
50 0 0 0.0 0.0
51 0 0 0.0 0.0
52 0 0 0.0 0.0
53 0 0 0.0 0.0
54 0 0 0.0 0.0
55 0 0 0.0 0.0
56 1 1  0.934 0.989
57 1 1  0.978 0.961
58 1 1  0.985 0.915
59 1 1  0.938 0.919
60 1 1  0.965 0.918
61 1 1  0.942 0.947
62 1 1  0.979 0.963
63 1 1  0.981 0.917
64 1 1  0.954 0.943
65 1 1  0.954 0.953
66 1 1  0.919 0.959
67 1 1  0.949 0.949
68 0 0 0.0 0.0
69 0 0 0.0 0.0
70 0 0 0.0 0.0
71 0 0 0.0 0.0
72 0 0 0.0 0.0
73 0 0 0.0 0.0
74 0 0 0.0 0.0
75 0 0 0.0 0.0
76 0 0 0.0 0.0
77 0 0 0.0 0.0
78 0 0 0.0 0.0
79 0 0 0.0 0.0
80 0 0 0.0 0.0
81 0 0 0.0 0.0
82 0 0 0.0 0.0
83 0 0 0.0 0.0
84 0 0 0.0 0.0
85 0 0 0.0 0.0
86 0 0 0.0 0.0
87 0 0 0.0 0.0
88 0 0 0.0 0.0
89 0 0 0.0 0.0
90 0 0 0.0 0.0
91 0 0 0.0 0.0
92 0 0 0.0 0.0
93 0 0 0.0 0.0
94 0 0 0.0 0.0
95 0 0 0.0 0.0
96 0 0 0.0 0.0
97 0 0 0.0 0.0
98 0 0 0.0 0.0
99 0 0 0.0 0.0
100 0 0 0.0 0.0
101 0 0 0.0 0.0
102 0 0 0.0 0.0
103 0 0 0.0 0.0
104 0 0 0.0 0.0
105 0 0 0.0 0.0
106 1 1  0.902 0.995
107 1 1  0.964 0.954
108 1 1  0.945 0.999
109 1 1  0.904 0.987
110 1 1  0.944 0.959
111 1 1  0.988 0.99
112 1 1  0.993 0.929
113 1 1  0.978 0.976
114 1 1  0.952 0.961
115 1 1  0.93 0.907
116 1 1  0.996 0.941
117 1 1  0.936 0.936
118 0 0 0.0 0.0
119 0 0 0.0 0.0
120 0 0 0.0 0.0
121 0 0 0.0 0.0
122 0 0 0.0 0.0
123 0 0 0.0 0.0
124 0 0 0.0 0.0
125 0 0 0.0 0.0
126 0 0 0.0 0.0
127 0 0 0.0 0.0
128 0 0 0.0 0.0
129 0 0 0.0 0.0
130 0 0 0.0 0.0
131 0 0 0.0 0.0
132 0 0 0.0 0.0
133 0 0 0.0 0.0
134 0 0 0.0 0.0
135 0 0 0.0 0.0
136 0 0 0.0 0.0
137 0 0 0.0 0.0
138 0 0 0.0 0.0
139 0 0 0.0 0.0
140 0 0 0.0 0.0
141 0 0 0.0 0.0
142 0 0 0.0 0.0
143 0 0 0.0 0.0
144 0 0 0.0 0.0
145 0 0 0.0 0.0
146 0 0 0.0 0.0
147 0 0 0.0 0.0
148 0 0 0.0 0.0
149 0 0 0.0 0.0
150 0 0 0.0 0.0
151 0 0 0.0 0.0
152 0 0 0.0 0.0
153 1 1  0.949 0.967
154 1 1  0.925 0.982
155 1 1  0.949 0.969
156 1 1  0.922 0.924
157 1 1  0.993 0.988
158 1 1  0.982 0.993
159 1 1  0.995 0.907
160 1 1  0.944 0.917
161 0 0 0.0 0.0
162 0 0 0.0 0.0
163 0 0 0.0 0.0
164 0 0 0.0 0.0
165 1 1  0.962 0.904
166 1 1  0.938 0.969
167 1 1  0.95 0.928
168 1 1  0.911 0.937
169 1 1  0.974 0.973
170 1 1  0.941 0.939
171 1 1  0.967 0.97
172 1 1  0.902 0.926
173 0 0 0.0 0.0
174 0 0 0.0 0.0
175 0 0 0.0 0.0
176 0 0 0.0 0.0
177 1 1  0.993 0.969
178 1 1  0.941 0.976
179 1 1  0.925 0.911
180 1 1  0.961 0.94
181 1 1  0.927 0.975
182 1 1  0.936 0.989
183 1 1  0.97 0.95
184 1 1  0.941 0.931
185 0 0 0.0 0.0
186 0 0 0.0 0.0
187 0 0 0.0 0.0
188 0 0 0.0 0.0
189 1 1  0.91 0.925
190 1 1  0.918 0.912
191 1 1  0.963 0.98
192 1 1  0.918 0.924
193 1 1  0.92 0.969
194 1 1  0.913 0.904
195 1 1  0.903 0.903
196 1 1  0.98 0.907
197 0 0 0.0 0.0
198 0 0 0.0 0.0
199 0 0 0.0 0.0
200 0 0 0.0 0.0
201 1 1  0.992 0.902
202 1 1  0.902 0.953
203 1 1  0.92 0.933
204 1 1  0.944 0.912
205 1 1  0.902 0.984
206 1 1  0.979 0.932
207 1 1  0.987 0.981
208 1 1  0.962 0.921
209 0 0 0.0 0.0
210 0 0 0.0 0.0
211 0 0 0.0 0.0
212 0 0 0.0 0.0
213 1 1  0.953 0.949
214 1 1  0.971 0.981
215 1 1  0.963 0.925
216 1 1  0.91 0.958
217 1 1  0.982 0.961
218 1 1  0.933 0.99
219 1 1  0.979 0.9
220 1 1  0.98 0.931
221 0 0 0.0 0.0
222 0 0 0.0 0.0
223 0 0 0.0 0.0
224 0 0 0.0 0.0
225 1 1  0.968 0.987
226 1 1  0.997 0.909
227 1 1  0.933 0.972
228 1 1  0.926 0.931
229 1 1  0.905 0.983
230 1 1  0.926 0.923
231 1 1  0.955 0.972
232 1 1  0.909 0.934
233 0 0 0.0 0.0
234 0 0 0.0 0.0
235 0 0 0.0 0.0
236 0 0 0.0 0.0
237 0 0 0.0 0.0
238 0 0 0.0 0.0
239 0 0 0.0 0.0
240 0 0 0.0 0.0
241 0 0 0.0 0.0
242 1 1  0.981 0.91
243 1 1  0.91 0.951
244 1 1  0.95 0.999
245 1 1  0.971 0.92
246 1 1  0.967 0.937
247 1 1  0.908 0.972
248 1 1  0.932 0.945
249 1 1  0.915 0.928
250 0 0 0.0 0.0
251 0 0 0.0 0.0
252 0 0 0.0 0.0
253 0 0 0.0 0.0
254 1 1  0.916 0.986
255 1 1  0.916 0.981
256 1 1  0.923 0.966
257 1 1  0.972 0.924
258 1 1  0.918 0.94
259 1 1  0.912 0.92
260 1 1  0.956 0.916
261 1 1  0.992 0.919
262 0 0 0.0 0.0
263 0 0 0.0 0.0
264 0 0 0.0 0.0
265 0 0 0.0 0.0
266 1 1  0.96 0.905
267 1 1  0.924 0.947
268 1 1  0.918 0.937
269 1 1  0.978 0.983
270 1 1  0.903 0.903
271 1 1  0.911 0.946
272 1 1  0.927 0.94
273 1 1  0.961 0.945
274 0 0 0.0 0.0
275 0 0 0.0 0.0
276 0 0 0.0 0.0
277 0 0 0.0 0.0
278 1 1  0.953 0.936
279 1 1  0.939 0.965
280 1 1  0.919 0.937
281 1 1  0.975 0.97
282 1 1  0.901 0.957
283 1 1  0.924 0.958
284 1 1  0.996 0.915
285 1 1  0.99 0.946
286 0 0 0.0 0.0
287 0 0 0.0 0.0
288 0 0 0.0 0.0
289 0 0 0.0 0.0
290 1 1  0.957 0.92
291 1 1  0.952 0.963
292 1 1  0.953 0.944
293 1 1  0.905 0.931
294 1 1  0.999 0.91
295 1 1  0.995 0.935
296 1 1  0.995 0.974
297 1 1  0.9 0.946
298 0 0 0.0 0.0
299 0 0 0.0 0.0
300 0 0 0.0 0.0
301 0 0 0.0 0.0
302 1 1  0.923 0.973
303 1 1  1 0.921
304 1 1  0.908 0.963
305 1 1  0.929 1
306 1 1  0.952 0.981
307 1 1  0.907 0.945
308 1 1  0.938 0.935
309 1 1  0.972 0.993
310 0 0 0.0 0.0
311 0 0 0.0 0.0
312 0 0 0.0 0.0
313 0 0 0.0 0.0
314 1 1  0.941 0.933
315 1 1  0.929 0.947
316 1 1  0.908 0.951
317 1 1  0.986 0.94
318 1 1  0.996 0.95
319 1 1  0.989 0.977
320 1 1  0.956 0.97
321 1 1  0.94 0.996
322 0 0 0.0 0.0
323 0 0 0.0 0.0
324 0 0 0.0 0.0
325 0 0 0.0 0.0
326 0 0 0.0 0.0
327 0 0 0.0 0.0
328 0 0 0.0 0.0
329 0 0 0.0 0.0
330 0 0 0.0 0.0
331 0 0 0.0 0.0
332 0 0 0.0 0.0
333 0 0 0.0 0.0
334 0 0 0.0 0.0
335 0 0 0.0 0.0
336 0 0 0.0 0.0
337 0 0 0.0 0.0
338 0 0 0.0 0.0
339 0 0 0.0 0.0
340 0 0 0.0 0.0
341 0 0 0.0 0.0
342 0 0 0.0 0.0
343 0 0 0.0 0.0
344 0 0 0.0 0.0
345 0 0 0.0 0.0
346 0 0 0.0 0.0
347 0 0 0.0 0.0
348 0 0 0.0 0.0
349 0 0 0.0 0.0
350 0 0 0.0 0.0
351 0 0 0.0 0.0
352 0 0 0.0 0.0
353 0 0 0.0 0.0
354 0 0 0.0 0.0
355 0 0 0.0 0.0
356 0 0 0.0 0.0
357 1 1  0.99 0.914
358 1 1  0.918 0.953
359 1 1  0.993 0.91
360 1 1  0.997 0.976
361 1 1  0.936 0.991
362 1 1  0.944 0.938
363 1 1  0.906 0.933
364 1 1  0.901 0.923
365 0 0 0.0 0.0
366 0 0 0.0 0.0
367 0 0 0.0 0.0
368 0 0 0.0 0.0
369 1 1  0.962 0.998
370 1 1  0.915 0.97
371 1 1  0.947 0.937
372 1 1  0.968 0.943
373 1 1  0.987 0.926
374 1 1  0.969 0.978
375 1 1  0.907 0.902
376 1 1  0.996 0.911
377 0 0 0.0 0.0
378 0 0 0.0 0.0
379 0 0 0.0 0.0
380 0 0 0.0 0.0
381 1 1  0.901 0.934
382 1 1  0.919 0.958
383 1 1  0.933 0.945
384 1 1  0.94 0.935
385 1 1  0.996 0.954
386 1 1  0.911 0.978
387 1 1  0.961 0.974
388 1 1  0.915 0.919
389 0 0 0.0 0.0
390 0 0 0.0 0.0
391 0 0 0.0 0.0
392 0 0 0.0 0.0
393 1 1  0.9 0.991
394 1 1  0.993 0.962
395 1 1  0.975 0.932
396 1 1  0.931 0.964
397 1 1  0.911 0.904
398 1 1  0.998 0.952
399 1 1  0.991 0.99
400 1 1  0.966 0.997
401 0 0 0.0 0.0
402 0 0 0.0 0.0
403 0 0 0.0 0.0
404 0 0 0.0 0.0
405 1 1  0.926 0.998
406 1 1  0.914 0.955
407 1 1  0.95 0.928
408 1 1  0.93 0.916
409 1 1  0.934 0.963
410 1 1  0.913 0.924
411 1 1  0.963 0.903
412 1 1  0.978 0.905
413 0 0 0.0 0.0
414 0 0 0.0 0.0
415 0 0 0.0 0.0
416 0 0 0.0 0.0
417 1 1  0.993 0.946
418 1 1  0.947 0.93
419 1 1  0.929 0.99
420 1 1  0.984 0.931
421 1 1  0.921 0.932
422 1 1  0.945 0.923
423 1 1  0.937 0.97
424 1 1  0.964 0.945
425 0 0 0.0 0.0
426 0 0 0.0 0.0
427 0 0 0.0 0.0
428 0 0 0.0 0.0
429 1 1  0.97 0.982
430 1 1  0.968 0.985
431 1 1  0.918 0.973
432 1 1  0.931 0.959
433 1 1  0.967 0.948
434 1 1  0.983 0.939
435 1 1  0.992 0.906
436 1 1  0.91 0.939
437 0 0 0.0 0.0
438 0 0 0.0 0.0
439 0 0 0.0 0.0
440 0 0 0.0 0.0
441 0 0 0.0 0.0
442 0 0 0.0 0.0
443 0 0 0.0 0.0
444 0 0 0.0 0.0
445 0 0 0.0 0.0
446 1 1  0.937 0.955
447 1 1  0.905 0.946
448 1 1  0.956 0.944
449 1 1  0.936 0.962
450 1 1  0.934 0.94
451 1 1  0.982 0.911
452 1 1  0.981 0.94
453 1 1  0.937 0.921
454 0 0 0.0 0.0
455 0 0 0.0 0.0
456 0 0 0.0 0.0
457 0 0 0.0 0.0
458 1 1  0.966 0.964
459 1 1  0.932 0.992
460 1 1  0.918 0.985
461 1 1  0.961 0.977
462 1 1  0.966 0.955
463 1 1  0.972 0.967
464 1 1  0.96 0.945
465 1 1  0.985 0.981
466 0 0 0.0 0.0
467 0 0 0.0 0.0
468 0 0 0.0 0.0
469 0 0 0.0 0.0
470 1 1  0.964 0.949
471 1 1  0.972 0.912
472 1 1  0.962 0.927
473 1 1  0.945 0.928
474 1 1  0.949 0.911
475 1 1  0.948 0.994
476 1 1  0.952 0.974
477 1 1  0.96 0.915
478 0 0 0.0 0.0
479 0 0 0.0 0.0
480 0 0 0.0 0.0
481 0 0 0.0 0.0
482 1 1  0.933 0.989
483 1 1  0.962 0.971
484 1 1  0.984 0.977
485 1 1  0.923 0.906
486 1 1  0.957 0.916
487 1 1  0.996 0.974
488 1 1  0.984 0.958
489 1 1  0.915 0.934
490 0 0 0.0 0.0
491 0 0 0.0 0.0
492 0 0 0.0 0.0
493 0 0 0.0 0.0
494 1 1  0.992 0.948
495 1 1  0.925 0.9
496 1 1  0.93 0.976
497 1 1  0.941 0.988
498 1 1  0.94 0.928
499 1 1  0.997 0.935
500 1 1  0.947 0.922
501 1 1  0.994 0.973
502 0 0 0.0 0.0
503 0 0 0.0 0.0
504 0 0 0.0 0.0
505 0 0 0.0 0.0
506 1 1  0.92 0.913
507 1 1  0.901 0.999
508 1 1  0.902 0.952
509 1 1  0.919 0.931
510 1 1  0.905 0.974
511 1 1  0.974 0.974
512 1 1  0.946 0.949
513 1 1  0.901 0.964
514 0 0 0.0 0.0
515 0 0 0.0 0.0
516 0 0 0.0 0.0
517 0 0 0.0 0.0
518 1 1  0.954 0.994
519 1 1  0.988 0.966
520 1 1  0.925 0.904
521 1 1  0.916 0.902
522 1 1  0.93 0.901
523 1 1  0.913 0.996
524 1 1  0.966 0.977
525 1 1  0.935 0.904
526 0 0 0.0 0.0
527 0 0 0.0 0.0
528 0 0 0.0 0.0
529 0 0 0.0 0.0
530 0 0 0.0 0.0
531 0 0 0.0 0.0
532 0 0 0.0 0.0
533 0 0 0.0 0.0
534 0 0 0.0 0.0
535 0 0 0.0 0.0
536 0 0 0.0 0.0
537 0 0 0.0 0.0
538 0 0 0.0 0.0
539 0 0 0.0 0.0
540 0 0 0.0 0.0
541 0 0 0.0 0.0
542 0 0 0.0 0.0
543 0 0 0.0 0.0
544 0 0 0.0 0.0
545 0 0 0.0 0.0
546 0 0 0.0 0.0
547 0 0 0.0 0.0
548 0 0 0.0 0.0
549 0 0 0.0 0.0
550 0 0 0.0 0.0
551 0 0 0.0 0.0
552 0 0 0.0 0.0
553 0 0 0.0 0.0
554 0 0 0.0 0.0
555 0 0 0.0 0.0
556 0 0 0.0 0.0
557 0 0 0.0 0.0
558 0 0 0.0 0.0
559 0 0 0.0 0.0
560 0 0 0.0 0.0
561 1 1  0.917 0.914
562 1 1  0.942 0.934
563 1 1  0.907 0.973
564 1 1  0.93 0.983
565 1 1  0.976 1
566 1 1  0.929 0.923
567 1 1  0.921 0.938
568 1 1  0.958 0.992
569 0 0 0.0 0.0
570 0 0 0.0 0.0
571 0 0 0.0 0.0
572 0 0 0.0 0.0
573 1 1  0.996 0.952
574 1 1  0.984 0.941
575 1 1  0.962 0.956
576 1 1  0.905 0.916
577 1 1  0.933 0.957
578 1 1  0.906 0.918
579 1 1  0.931 0.921
580 1 1  0.921 0.959
581 0 0 0.0 0.0
582 0 0 0.0 0.0
583 0 0 0.0 0.0
584 0 0 0.0 0.0
585 1 1  0.946 0.989
586 1 1  0.968 0.996
587 1 1  0.933 0.998
588 1 1  0.978 0.915
589 1 1  0.964 0.974
590 1 1  0.976 0.987
591 1 1  0.978 0.995
592 1 1  0.922 0.963
593 0 0 0.0 0.0
594 0 0 0.0 0.0
595 0 0 0.0 0.0
596 0 0 0.0 0.0
597 1 1  0.955 0.993
598 1 1  0.958 0.994
599 1 1  0.959 0.93
600 1 1  0.926 0.925
601 1 1  0.977 0.918
602 1 1  0.98 0.982
603 1 1  0.983 0.942
604 1 1  0.93 0.985
605 0 0 0.0 0.0
606 0 0 0.0 0.0
607 0 0 0.0 0.0
608 0 0 0.0 0.0
609 1 1  0.924 0.917
610 1 1  0.963 0.914
611 1 1  0.959 0.991
612 1 1  0.957 0.948
613 1 1  0.903 0.947
614 1 1  0.969 0.993
615 1 1  0.967 0.951
616 1 1  0.929 0.985
617 0 0 0.0 0.0
618 0 0 0.0 0.0
619 0 0 0.0 0.0
620 0 0 0.0 0.0
621 1 1  0.912 0.94
622 1 1  0.98 0.974
623 1 1  0.955 0.981
624 1 1  0.903 0.909
625 1 1  0.998 0.95
626 1 1  0.977 0.941
627 1 1  0.941 0.93
628 1 1  0.94 0.959
629 0 0 0.0 0.0
630 0 0 0.0 0.0
631 0 0 0.0 0.0
632 0 0 0.0 0.0
633 1 1  0.901 0.903
634 1 1  0.999 0.96
635 1 1  0.912 0.914
636 1 1  0.947 0.998
637 1 1  0.947 0.977
638 1 1  0.94 0.949
639 1 1  0.966 0.973
640 1 1  0.96 0.953
641 0 0 0.0 0.0
642 0 0 0.0 0.0
643 0 0 0.0 0.0
644 0 0 0.0 0.0
645 0 0 0.0 0.0
646 0 0 0.0 0.0
647 0 0 0.0 0.0
648 0 0 0.0 0.0
649 0 0 0.0 0.0
650 1 1  0.917 0.905
651 1 1  0.914 0.923
652 1 1  0.914 0.993
653 1 1  0.965 0.944
654 1 1  0.907 0.98
655 1 1  0.993 0.928
656 1 1  0.95 0.946
657 1 1  0.973 0.989
658 0 0 0.0 0.0
659 0 0 0.0 0.0
660 0 0 0.0 0.0
661 0 0 0.0 0.0
662 1 1  0.976 0.991
663 1 1  0.998 0.945
664 1 1  0.958 0.988
665 1 1  0.995 0.974
666 1 1  0.93 0.936
667 1 1  0.902 0.934
668 1 1  0.914 0.927
669 1 1  0.98 0.937
670 0 0 0.0 0.0
671 0 0 0.0 0.0
672 0 0 0.0 0.0
673 0 0 0.0 0.0
674 1 1  0.989 0.989
675 1 1  0.976 0.966
676 1 1  0.993 0.934
677 1 1  0.917 0.992
678 1 1  0.942 0.996
679 1 1  0.977 0.941
680 1 1  0.996 0.967
681 1 1  0.908 1
682 0 0 0.0 0.0
683 0 0 0.0 0.0
684 0 0 0.0 0.0
685 0 0 0.0 0.0
686 1 1  0.985 0.956
687 1 1  0.971 0.998
688 1 1  0.961 0.932
689 1 1  0.973 0.954
690 1 1  0.997 0.999
691 1 1  0.929 0.979
692 1 1  0.918 0.906
693 1 1  0.933 0.951
694 0 0 0.0 0.0
695 0 0 0.0 0.0
696 0 0 0.0 0.0
697 0 0 0.0 0.0
698 1 1  0.996 0.96
699 1 1  0.95 0.978
700 1 1  0.995 0.978
701 1 1  0.985 0.958
702 1 1  0.983 0.922
703 1 1  0.996 0.901
704 1 1  0.998 0.905
705 1 1  0.975 0.982
706 0 0 0.0 0.0
707 0 0 0.0 0.0
708 0 0 0.0 0.0
709 0 0 0.0 0.0
710 1 1  0.964 0.973
711 1 1  0.93 0.922
712 1 1  0.917 0.978
713 1 1  0.918 0.929
714 1 1  0.912 0.999
715 1 1  0.915 0.904
716 1 1  0.926 0.938
717 1 1  0.923 0.997
718 0 0 0.0 0.0
719 0 0 0.0 0.0
720 0 0 0.0 0.0
721 0 0 0.0 0.0
722 1 1  0.904 0.908
723 1 1  0.996 0.919
724 1 1  0.989 0.908
725 1 1  0.94 0.927
726 1 1  0.949 0.963
727 1 1  0.976 0.984
728 1 1  0.976 0.901
729 1 1  0.917 0.927
730 0 0 0.0 0.0
731 0 0 0.0 0.0
732 0 0 0.0 0.0
733 0 0 0.0 0.0
734 0 0 0.0 0.0
735 0 0 0.0 0.0
736 0 0 0.0 0.0
737 0 0 0.0 0.0
738 0 0 0.0 0.0
739 0 0 0.0 0.0
740 0 0 0.0 0.0
741 0 0 0.0 0.0
742 0 0 0.0 0.0
743 0 0 0.0 0.0
744 0 0 0.0 0.0
745 0 0 0.0 0.0
746 0 0 0.0 0.0
747 0 0 0.0 0.0
748 0 0 0.0 0.0
749 0 0 0.0 0.0
750 0 0 0.0 0.0
751 0 0 0.0 0.0
752 0 0 0.0 0.0
753 0 0 0.0 0.0
754 0 0 0.0 0.0
755 0 0 0.0 0.0
756 0 0 0.0 0.0
757 0 0 0.0 0.0
758 0 0 0.0 0.0
759 0 0 0.0 0.0
760 0 0 0.0 0.0
761 0 0 0.0 0.0
762 0 0 0.0 0.0
763 0 0 0.0 0.0
764 0 0 0.0 0.0
765 1 1  0.99 0.956
766 1 1  0.974 0.916
767 1 1  0.967 0.953
768 1 1  0.933 0.935
769 1 1  0.94 0.966
770 1 1  0.903 0.945
771 1 1  0.99 0.971
772 1 1  0.966 0.983
773 0 0 0.0 0.0
774 0 0 0.0 0.0
775 0 0 0.0 0.0
776 0 0 0.0 0.0
777 1 1  0.902 0.975
778 1 1  0.919 0.952
779 1 1  0.91 0.99
780 1 1  0.993 0.981
781 1 1  0.968 0.926
782 1 1  0.928 0.934
783 1 1  0.992 0.995
784 1 1  0.93 0.931
785 0 0 0.0 0.0
786 0 0 0.0 0.0
787 0 0 0.0 0.0
788 0 0 0.0 0.0
789 1 1  0.992 0.975
790 1 1  0.953 0.981
791 1 1  0.984 0.95
792 1 1  0.981 0.943
793 1 1  0.908 0.939
794 1 1  0.992 0.946
795 1 1  0.987 0.924
796 1 1  0.922 0.913
797 0 0 0.0 0.0
798 0 0 0.0 0.0
799 0 0 0.0 0.0
800 0 0 0.0 0.0
801 1 1  0.909 0.956
802 1 1  0.922 0.935
803 1 1  0.932 0.925
804 1 1  0.968 0.979
805 1 1  0.92 0.924
806 1 1  0.935 0.94
807 1 1  0.969 0.972
808 1 1  0.985 0.975
809 0 0 0.0 0.0
810 0 0 0.0 0.0
811 0 0 0.0 0.0
812 0 0 0.0 0.0
813 1 1  0.944 0.946
814 1 1  0.904 0.994
815 1 1  0.931 0.96
816 1 1  0.934 0.942
817 1 1  0.933 0.942
818 1 1  0.917 0.932
819 1 1  0.93 0.925
820 1 1  0.991 0.958
821 0 0 0.0 0.0
822 0 0 0.0 0.0
823 0 0 0.0 0.0
824 0 0 0.0 0.0
825 1 1  0.943 0.982
826 1 1  0.93 0.98
827 1 1  0.916 0.976
828 1 1  0.949 0.923
829 1 1  0.964 0.939
830 1 1  0.924 0.999
831 1 1  0.979 0.976
832 1 1  0.909 0.982
833 0 0 0.0 0.0
834 0 0 0.0 0.0
835 0 0 0.0 0.0
836 0 0 0.0 0.0
837 1 1  0.926 0.9
838 1 1  0.964 0.963
839 1 1  0.997 0.99
840 1 1  0.916 0.98
841 1 1  0.934 0.956
842 1 1  0.907 0.955
843 1 1  0.946 0.912
844 1 1  0.996 0.998
845 0 0 0.0 0.0
846 0 0 0.0 0.0
847 0 0 0.0 0.0
848 0 0 0.0 0.0
849 0 0 0.0 0.0
850 0 0 0.0 0.0
851 0 0 0.0 0.0
852 0 0 0.0 0.0
853 0 0 0.0 0.0
854 1 1  0.979 0.968
855 1 1  0.99 0.997
856 1 1  0.933 0.964
857 1 1  0.9 0.992
858 1 1  0.924 0.979
859 1 1  0.908 0.948
860 1 1  0.915 0.913
861 1 1  0.959 0.942
862 0 0 0.0 0.0
863 0 0 0.0 0.0
864 0 0 0.0 0.0
865 0 0 0.0 0.0
866 1 1  0.962 0.922
867 1 1  0.96 0.955
868 1 1  0.91 0.947
869 1 1  0.908 0.996
870 1 1  0.912 0.945
871 1 1  0.916 0.917
872 1 1  0.929 0.92
873 1 1  0.936 0.94
874 0 0 0.0 0.0
875 0 0 0.0 0.0
876 0 0 0.0 0.0
877 0 0 0.0 0.0
878 1 1  0.973 0.947
879 1 1  0.947 0.907
880 1 1  0.965 0.948
881 1 1  0.964 0.955
882 1 1  0.966 0.993
883 1 1  0.908 0.974
884 1 1  0.93 0.911
885 1 1  0.956 0.926
886 0 0 0.0 0.0
887 0 0 0.0 0.0
888 0 0 0.0 0.0
889 0 0 0.0 0.0
890 1 1  0.939 0.967
891 1 1  0.966 0.993
892 1 1  0.923 0.904
893 1 1  0.932 0.911
894 1 1  0.909 0.97
895 1 1  0.927 0.958
896 1 1  0.971 0.937
897 1 1  0.912 0.91
898 0 0 0.0 0.0
899 0 0 0.0 0.0
900 0 0 0.0 0.0
901 0 0 0.0 0.0
902 1 1  0.962 0.972
903 1 1  0.991 0.934
904 1 1  0.975 0.975
905 1 1  0.933 0.959
906 1 1  0.94 0.975
907 1 1  0.94 0.995
908 1 1  0.956 0.973
909 1 1  0.907 0.959
910 0 0 0.0 0.0
911 0 0 0.0 0.0
912 0 0 0.0 0.0
913 0 0 0.0 0.0
914 1 1  0.99 0.955
915 1 1  0.944 0.94
916 1 1  0.971 0.937
917 1 1  0.911 0.911
918 1 1  0.938 0.973
919 1 1  0.934 0.939
920 1 1  0.964 0.932
921 1 1  0.93 0.922
922 0 0 0.0 0.0
923 0 0 0.0 0.0
924 0 0 0.0 0.0
925 0 0 0.0 0.0
926 1 1  0.942 0.993
927 1 1  0.984 0.965
928 1 1  0.956 0.904
929 1 1  0.995 0.987
930 1 1  0.904 0.932
931 1 1  0.991 0.921
932 1 1  0.993 0.989
933 1 1  0.989 0.977
934 0 0 0.0 0.0
935 0 0 0.0 0.0
936 0 0 0.0 0.0
937 0 0 0.0 0.0
938 0 0 0.0 0.0
939 0 0 0.0 0.0
940 0 0 0.0 0.0
941 0 0 0.0 0.0
942 0 0 0.0 0.0
943 0 0 0.0 0.0
944 0 0 0.0 0.0
945 0 0 0.0 0.0
946 0 0 0.0 0.0
947 0 0 0.0 0.0
948 0 0 0.0 0.0
949 0 0 0.0 0.0
950 0 0 0.0 0.0
951 0 0 0.0 0.0
952 0 0 0.0 0.0
953 0 0 0.0 0.0
954 0 0 0.0 0.0
955 0 0 0.0 0.0
956 0 0 0.0 0.0
957 0 0 0.0 0.0
958 0 0 0.0 0.0
959 0 0 0.0 0.0
960 0 0 0.0 0.0
961 0 0 0.0 0.0
962 0 0 0.0 0.0
963 0 0 0.0 0.0
964 0 0 0.0 0.0
965 0 0 0.0 0.0
966 0 0 0.0 0.0
967 0 0 0.0 0.0
968 0 0 0.0 0.0
969 0 0 0.0 0.0
970 0 0 0.0 0.0
971 0 0 0.0 0.0
972 0 0 0.0 0.0
973 0 0 0.0 0.0
974 0 0 0.0 0.0
975 0 0 0.0 0.0
976 0 0 0.0 0.0
977 0 0 0.0 0.0
978 0 0 0.0 0.0
979 0 0 0.0 0.0
980 0 0 0.0 0.0
981 0 0 0.0 0.0
982 0 0 0.0 0.0
983 0 0 0.0 0.0
984 0 0 0.0 0.0
985 0 0 0.0 0.0
986 0 0 0.0 0.0
987 0 0 0.0 0.0
988 0 0 0.0 0.0
989 0 0 0.0 0.0
990 0 0 0.0 0.0
991 0 0 0.0 0.0
992 0 0 0.0 0.0
993 0 0 0.0 0.0
994 0 0 0.0 0.0
995 0 0 0.0 0.0
996 0 0 0.0 0.0
997 0 0 0.0 0.0
998 0 0 0.0 0.0
999 0 0 0.0 0.0
1000 0 0 0.0 0.0
1001 0 0 0.0 0.0
1002 0 0 0.0 0.0
1003 0 0 0.0 0.0
1004 0 0 0.0 0.0
1005 0 0 0.0 0.0
1006 0 0 0.0 0.0
1007 0 0 0.0 0.0
1008 0 0 0.0 0.0
1009 0 0 0.0 0.0
1010 0 0 0.0 0.0
1011 0 0 0.0 0.0
1012 0 0 0.0 0.0
1013 0 0 0.0 0.0
1014 0 0 0.0 0.0
1015 0 0 0.0 0.0
1016 0 0 0.0 0.0
1017 0 0 0.0 0.0
1018 0 0 0.0 0.0
1019 0 0 0.0 0.0
1020 0 0 0.0 0.0
1021 0 0 0.0 0.0
1022 0 0 0.0 0.0
1023 0 0 0.0 0.0
1024 0 0 0.0 0.0
1025 0 0 0.0 0.0
1026 0 0 0.0 0.0
1027 0 0 0.0 0.0
1028 0 0 0.0 0.0
1029 0 0 0.0 0.0
1030 0 0 0.0 0.0
1031 0 0 0.0 0.0
1032 0 0 0.0 0.0
1033 0 0 0.0 0.0
1034 0 0 0.0 0.0
1035 0 0 0.0 0.0
1036 0 0 0.0 0.0
1037 0 0 0.0 0.0
1038 0 0 0.0 0.0
1039 0 0 0.0 0.0
1040 0 0 0.0 0.0
1041 0 0 0.0 0.0
1042 0 0 0.0 0.0
1043 0 0 0.0 0.0
1044 0 0 0.0 0.0
1045 0 0 0.0 0.0
1046 0 0 0.0 0.0
1047 1 1  0.961 0.931
1048 1 1  0.957 0.946
1049 1 1  0.912 0.939
1050 1 1  0.905 0.987
1051 1 1  0.997 0.938
1052 1 1  0.902 0.977
1053 1 1  0.985 0.967
1054 1 1  0.981 0.918
1055 0 0 0.0 0.0
1056 0 0 0.0 0.0
1057 0 0 0.0 0.0
1058 0 0 0.0 0.0
1059 1 1  0.919 0.914
1060 1 1  0.96 0.995
1061 1 1  0.955 0.907
1062 1 1  0.957 0.997
1063 1 1  0.912 0.932
1064 1 1  0.959 0.984
1065 1 1  0.979 0.937
1066 1 1  0.919 0.96
1067 0 0 0.0 0.0
1068 0 0 0.0 0.0
1069 0 0 0.0 0.0
1070 0 0 0.0 0.0
1071 1 1  0.95 0.914
1072 1 1  0.955 0.978
1073 1 1  0.933 0.907
1074 1 1  0.917 0.967
1075 1 1  0.943 0.924
1076 1 1  0.991 0.973
1077 1 1  0.944 0.977
1078 1 1  0.993 0.992
1079 0 0 0.0 0.0
1080 0 0 0.0 0.0
1081 0 0 0.0 0.0
1082 0 0 0.0 0.0
1083 1 1  0.937 0.919
1084 1 1  0.9 0.94
1085 1 1  0.973 0.947
1086 1 1  0.942 0.933
1087 1 1  0.991 0.929
1088 1 1  0.971 0.952
1089 1 1  0.933 0.947
1090 1 1  0.993 0.937
1091 0 0 0.0 0.0
1092 0 0 0.0 0.0
1093 0 0 0.0 0.0
1094 0 0 0.0 0.0
1095 1 1  0.921 0.907
1096 1 1  0.936 0.922
1097 1 1  0.939 0.906
1098 1 1  0.981 0.909
1099 1 1  0.959 0.978
1100 1 1  0.968 0.905
1101 1 1  0.921 0.924
1102 1 1  0.959 0.975
1103 0 0 0.0 0.0
1104 0 0 0.0 0.0
1105 0 0 0.0 0.0
1106 0 0 0.0 0.0
1107 1 1  0.976 0.979
1108 1 1  0.981 0.924
1109 1 1  0.935 0.927
1110 1 1  0.959 0.913
1111 1 1  0.986 0.958
1112 1 1  0.977 0.907
1113 1 1  0.969 0.949
1114 1 1  0.901 0.962
1115 0 0 0.0 0.0
1116 0 0 0.0 0.0
1117 0 0 0.0 0.0
1118 0 0 0.0 0.0
1119 1 1  0.993 0.99
1120 1 1  0.987 0.958
1121 1 1  0.914 0.906
1122 1 1  0.918 0.979
1123 1 1  0.978 0.919
1124 1 1  0.986 0.901
1125 1 1  0.963 0.936
1126 1 1  0.939 0.91
1127 0 0 0.0 0.0
1128 0 0 0.0 0.0
1129 0 0 0.0 0.0
1130 0 0 0.0 0.0
1131 0 0 0.0 0.0
1132 0 0 0.0 0.0
1133 0 0 0.0 0.0
1134 0 0 0.0 0.0
1135 0 0 0.0 0.0
1136 1 1  0.933 0.927
1137 1 1  0.901 0.947
1138 1 1  0.941 0.914
1139 1 1  0.949 0.989
1140 1 1  0.973 0.91
1141 1 1  0.922 0.905
1142 1 1  0.988 0.992
1143 1 1  0.918 0.974
1144 0 0 0.0 0.0
1145 0 0 0.0 0.0
1146 0 0 0.0 0.0
1147 0 0 0.0 0.0
1148 1 1  0.901 0.989
1149 1 1  0.992 0.916
1150 1 1  0.954 0.999
1151 1 1  0.971 0.999
1152 1 1  0.998 0.994
1153 1 1  0.94 0.98
1154 1 1  0.968 0.905
1155 1 1  0.94 0.991
1156 0 0 0.0 0.0
1157 0 0 0.0 0.0
1158 0 0 0.0 0.0
1159 0 0 0.0 0.0
1160 1 1  0.97 0.914
1161 1 1  0.98 0.925
1162 1 1  0.987 0.942
1163 1 1  0.91 0.984
1164 1 1  0.964 0.977
1165 1 1  0.986 0.914
1166 1 1  0.948 0.936
1167 1 1  0.971 0.927
1168 0 0 0.0 0.0
1169 0 0 0.0 0.0
1170 0 0 0.0 0.0
1171 0 0 0.0 0.0
1172 1 1  0.94 0.913
1173 1 1  0.925 1
1174 1 1  0.981 0.981
1175 1 1  0.918 0.971
1176 1 1  0.96 0.921
1177 1 1  0.999 0.981
1178 1 1  0.939 0.977
1179 1 1  0.968 0.98
1180 0 0 0.0 0.0
1181 0 0 0.0 0.0
1182 0 0 0.0 0.0
1183 0 0 0.0 0.0
1184 1 1  0.941 0.939
1185 1 1  0.932 0.901
1186 1 1  0.966 0.988
1187 1 1  0.993 0.902
1188 1 1  0.971 0.977
1189 1 1  0.902 0.914
1190 1 1  0.905 0.923
1191 1 1  0.977 0.991
1192 0 0 0.0 0.0
1193 0 0 0.0 0.0
1194 0 0 0.0 0.0
1195 0 0 0.0 0.0
1196 1 1  0.974 0.973
1197 1 1  0.906 0.992
1198 1 1  0.927 0.922
1199 1 1  0.949 0.975
1200 1 1  0.906 0.992
1201 1 1  0.912 0.951
1202 1 1  0.914 0.903
1203 1 1  0.955 0.904
1204 0 0 0.0 0.0
1205 0 0 0.0 0.0
1206 0 0 0.0 0.0
1207 0 0 0.0 0.0
1208 1 1  0.995 0.949
1209 1 1  0.92 0.941
1210 1 1  0.939 0.922
1211 1 1  0.971 0.919
1212 1 1  0.951 0.948
1213 1 1  0.953 0.99
1214 1 1  0.929 0.923
1215 1 1  0.96 0.939
1216 0 0 0.0 0.0
1217 0 0 0.0 0.0
1218 0 0 0.0 0.0
1219 0 0 0.0 0.0
1220 0 0 0.0 0.0
1221 0 0 0.0 0.0
1222 0 0 0.0 0.0
1223 0 0 0.0 0.0
1224 0 0 0.0 0.0
1225 0 0 0.0 0.0
1226 0 0 0.0 0.0
1227 0 0 0.0 0.0
1228 0 0 0.0 0.0
1229 0 0 0.0 0.0
1230 0 0 0.0 0.0
1231 0 0 0.0 0.0
1232 0 0 0.0 0.0
1233 0 0 0.0 0.0
1234 0 0 0.0 0.0
1235 0 0 0.0 0.0
1236 0 0 0.0 0.0
1237 0 0 0.0 0.0
1238 0 0 0.0 0.0
1239 0 0 0.0 0.0
1240 0 0 0.0 0.0
1241 0 0 0.0 0.0
1242 0 0 0.0 0.0
1243 0 0 0.0 0.0
1244 0 0 0.0 0.0
1245 0 0 0.0 0.0
1246 0 0 0.0 0.0
1247 0 0 0.0 0.0
1248 0 0 0.0 0.0
1249 0 0 0.0 0.0
1250 0 0 0.0 0.0
1251 1 1  0.931 0.976
1252 1 1  0.943 0.929
1253 1 1  0.994 0.996
1254 1 1  0.932 0.946
1255 1 1  0.917 0.963
1256 1 1  0.987 0.923
1257 1 1  0.968 0.974
1258 1 1  0.965 0.918
1259 0 0 0.0 0.0
1260 0 0 0.0 0.0
1261 0 0 0.0 0.0
1262 0 0 0.0 0.0
1263 1 1  0.951 0.921
1264 1 1  0.976 0.99
1265 1 1  0.986 0.931
1266 1 1  0.989 0.94
1267 1 1  0.93 0.926
1268 1 1  0.938 0.983
1269 1 1  0.997 0.951
1270 1 1  0.941 0.997
1271 0 0 0.0 0.0
1272 0 0 0.0 0.0
1273 0 0 0.0 0.0
1274 0 0 0.0 0.0
1275 1 1  0.959 0.983
1276 1 1  0.944 0.954
1277 1 1  0.994 0.904
1278 1 1  0.944 0.921
1279 1 1  0.912 0.908
1280 1 1  0.95 0.957
1281 1 1  0.996 0.93
1282 1 1  0.968 0.953
1283 0 0 0.0 0.0
1284 0 0 0.0 0.0
1285 0 0 0.0 0.0
1286 0 0 0.0 0.0
1287 1 1  0.949 0.916
1288 1 1  0.903 0.921
1289 1 1  0.925 0.922
1290 1 1  0.984 0.94
1291 1 1  0.996 0.988
1292 1 1  0.919 0.925
1293 1 1  0.959 0.963
1294 1 1  0.905 0.977
1295 0 0 0.0 0.0
1296 0 0 0.0 0.0
1297 0 0 0.0 0.0
1298 0 0 0.0 0.0
1299 1 1  0.973 0.959
1300 1 1  0.901 0.945
1301 1 1  0.953 0.954
1302 1 1  0.982 0.962
1303 1 1  0.938 0.962
1304 1 1  0.975 0.961
1305 1 1  0.965 0.935
1306 1 1  0.997 0.928
1307 0 0 0.0 0.0
1308 0 0 0.0 0.0
1309 0 0 0.0 0.0
1310 0 0 0.0 0.0
1311 1 1  0.979 0.906
1312 1 1  0.951 0.944
1313 1 1  0.915 0.996
1314 1 1  0.982 0.97
1315 1 1  0.968 0.975
1316 1 1  0.934 0.952
1317 1 1  0.982 0.925
1318 1 1  0.939 0.982
1319 0 0 0.0 0.0
1320 0 0 0.0 0.0
1321 0 0 0.0 0.0
1322 0 0 0.0 0.0
1323 1 1  0.963 0.984
1324 1 1  0.958 0.917
1325 1 1  0.906 0.928
1326 1 1  0.944 0.958
1327 1 1  0.925 0.924
1328 1 1  0.991 0.991
1329 1 1  0.946 0.941
1330 1 1  0.973 0.948
1331 0 0 0.0 0.0
1332 0 0 0.0 0.0
1333 0 0 0.0 0.0
1334 0 0 0.0 0.0
1335 0 0 0.0 0.0
1336 0 0 0.0 0.0
1337 0 0 0.0 0.0
1338 0 0 0.0 0.0
1339 0 0 0.0 0.0
1340 1 1  0.981 0.977
1341 1 1  0.963 0.996
1342 1 1  0.928 0.902
1343 1 1  0.971 0.949
1344 1 1  0.944 0.992
1345 1 1  0.996 0.983
1346 1 1  0.966 0.956
1347 1 1  0.949 0.984
1348 0 0 0.0 0.0
1349 0 0 0.0 0.0
1350 0 0 0.0 0.0
1351 0 0 0.0 0.0
1352 1 1  0.986 0.948
1353 1 1  0.941 0.997
1354 1 1  0.947 0.92
1355 1 1  0.993 0.998
1356 1 1  0.919 0.947
1357 1 1  0.962 0.92
1358 1 1  0.915 0.916
1359 1 1  0.91 0.969
1360 0 0 0.0 0.0
1361 0 0 0.0 0.0
1362 0 0 0.0 0.0
1363 0 0 0.0 0.0
1364 1 1  0.92 0.913
1365 1 1  0.905 0.909
1366 1 1  0.994 0.956
1367 1 1  0.945 0.923
1368 1 1  0.919 0.979
1369 1 1  0.959 0.978
1370 1 1  0.936 0.95
1371 1 1  0.951 0.984
1372 0 0 0.0 0.0
1373 0 0 0.0 0.0
1374 0 0 0.0 0.0
1375 0 0 0.0 0.0
1376 1 1  0.929 0.914
1377 1 1  0.978 0.98
1378 1 1  0.975 0.949
1379 1 1  0.988 0.919
1380 1 1  0.987 0.996
1381 1 1  0.942 0.981
1382 1 1  0.938 0.952
1383 1 1  0.992 0.943
1384 0 0 0.0 0.0
1385 0 0 0.0 0.0
1386 0 0 0.0 0.0
1387 0 0 0.0 0.0
1388 1 1  0.939 0.942
1389 1 1  0.963 0.947
1390 1 1  0.93 0.949
1391 1 1  0.93 0.902
1392 1 1  0.981 0.958
1393 1 1  0.962 0.976
1394 1 1  0.909 0.968
1395 1 1  0.934 0.939
1396 0 0 0.0 0.0
1397 0 0 0.0 0.0
1398 0 0 0.0 0.0
1399 0 0 0.0 0.0
1400 1 1  0.948 0.959
1401 1 1  0.982 0.953
1402 1 1  0.999 0.944
1403 1 1  0.993 0.931
1404 1 1  0.905 0.98
1405 1 1  0.91 0.992
1406 1 1  0.918 0.947
1407 1 1  0.926 0.934
1408 0 0 0.0 0.0
1409 0 0 0.0 0.0
1410 0 0 0.0 0.0
1411 0 0 0.0 0.0
1412 1 1  0.986 0.971
1413 1 1  0.917 0.92
1414 1 1  0.934 0.92
1415 1 1  0.976 0.97
1416 1 1  0.982 0.957
1417 1 1  0.948 1
1418 1 1  0.936 0.909
1419 1 1  0.906 0.967
1420 0 0 0.0 0.0
1421 0 0 0.0 0.0
1422 0 0 0.0 0.0
1423 0 0 0.0 0.0
1424 0 0 0.0 0.0
1425 0 0 0.0 0.0
1426 0 0 0.0 0.0
1427 0 0 0.0 0.0
1428 0 0 0.0 0.0
1429 0 0 0.0 0.0
1430 0 0 0.0 0.0
1431 0 0 0.0 0.0
1432 0 0 0.0 0.0
1433 0 0 0.0 0.0
1434 0 0 0.0 0.0
1435 0 0 0.0 0.0
1436 0 0 0.0 0.0
1437 0 0 0.0 0.0
1438 0 0 0.0 0.0
1439 0 0 0.0 0.0
1440 0 0 0.0 0.0
1441 0 0 0.0 0.0
1442 0 0 0.0 0.0
1443 0 0 0.0 0.0
1444 0 0 0.0 0.0
1445 0 0 0.0 0.0
1446 0 0 0.0 0.0
1447 0 0 0.0 0.0
1448 0 0 0.0 0.0
1449 0 0 0.0 0.0
1450 0 0 0.0 0.0
1451 0 0 0.0 0.0
1452 0 0 0.0 0.0
1453 0 0 0.0 0.0
1454 0 0 0.0 0.0
1455 1 1  0.983 0.996
1456 1 1  0.915 0.998
1457 1 1  0.923 0.914
1458 1 1  0.964 0.917
1459 1 1  0.913 0.969
1460 1 1  0.972 0.952
1461 1 1  0.934 0.964
1462 1 1  0.97 0.91
1463 0 0 0.0 0.0
1464 0 0 0.0 0.0
1465 0 0 0.0 0.0
1466 0 0 0.0 0.0
1467 1 1  0.914 0.989
1468 1 1  0.994 0.977
1469 1 1  0.958 0.904
1470 1 1  0.933 0.976
1471 1 1  0.982 0.907
1472 1 1  0.959 0.939
1473 1 1  0.919 0.955
1474 1 1  0.902 0.931
1475 0 0 0.0 0.0
1476 0 0 0.0 0.0
1477 0 0 0.0 0.0
1478 0 0 0.0 0.0
1479 1 1  0.946 0.958
1480 1 1  0.923 0.971
1481 1 1  0.912 0.98
1482 1 1  0.905 0.905
1483 1 1  0.946 0.973
1484 1 1  0.946 0.908
1485 1 1  0.937 0.957
1486 1 1  0.936 0.914
1487 0 0 0.0 0.0
1488 0 0 0.0 0.0
1489 0 0 0.0 0.0
1490 0 0 0.0 0.0
1491 1 1  0.959 0.941
1492 1 1  0.99 0.968
1493 1 1  0.962 0.96
1494 1 1  0.995 0.992
1495 1 1  0.969 0.912
1496 1 1  0.9 0.911
1497 1 1  0.906 0.988
1498 1 1  0.981 0.989
1499 0 0 0.0 0.0
1500 0 0 0.0 0.0
1501 0 0 0.0 0.0
1502 0 0 0.0 0.0
1503 1 1  0.983 0.97
1504 1 1  0.951 0.953
1505 1 1  0.923 0.989
1506 1 1  0.907 0.919
1507 1 1  0.944 0.906
1508 1 1  0.914 0.906
1509 1 1  0.934 0.985
1510 1 1  0.971 0.906
1511 0 0 0.0 0.0
1512 0 0 0.0 0.0
1513 0 0 0.0 0.0
1514 0 0 0.0 0.0
1515 1 1  0.991 0.99
1516 1 1  0.971 0.986
1517 1 1  0.93 0.974
1518 1 1  0.923 0.95
1519 1 1  0.956 0.903
1520 1 1  0.99 0.994
1521 1 1  0.953 0.987
1522 1 1  0.989 0.929
1523 0 0 0.0 0.0
1524 0 0 0.0 0.0
1525 0 0 0.0 0.0
1526 0 0 0.0 0.0
1527 1 1  0.918 0.984
1528 1 1  0.932 0.975
1529 1 1  0.919 0.908
1530 1 1  0.949 0.903
1531 1 1  0.935 0.917
1532 1 1  0.956 0.908
1533 1 1  0.942 0.988
1534 1 1  0.905 0.977
1535 0 0 0.0 0.0
1536 0 0 0.0 0.0
1537 0 0 0.0 0.0
1538 0 0 0.0 0.0
1539 0 0 0.0 0.0
1540 0 0 0.0 0.0
1541 0 0 0.0 0.0
1542 0 0 0.0 0.0
1543 0 0 0.0 0.0
1544 1 1  0.938 0.937
1545 1 1  0.948 0.979
1546 1 1  0.973 0.93
1547 1 1  0.942 0.953
1548 1 1  0.95 0.953
1549 1 1  0.972 0.935
1550 1 1  0.969 0.995
1551 1 1  0.997 0.972
1552 0 0 0.0 0.0
1553 0 0 0.0 0.0
1554 0 0 0.0 0.0
1555 0 0 0.0 0.0
1556 1 1  0.961 0.905
1557 1 1  0.943 0.924
1558 1 1  0.953 0.978
1559 1 1  0.993 0.918
1560 1 1  0.991 0.904
1561 1 1  0.957 0.991
1562 1 1  0.918 0.95
1563 1 1  0.981 0.948
1564 0 0 0.0 0.0
1565 0 0 0.0 0.0
1566 0 0 0.0 0.0
1567 0 0 0.0 0.0
1568 1 1  0.992 0.932
1569 1 1  0.928 0.943
1570 1 1  0.901 0.965
1571 1 1  0.91 0.967
1572 1 1  0.996 0.979
1573 1 1  0.915 0.931
1574 1 1  0.934 0.967
1575 1 1  0.922 0.955
1576 0 0 0.0 0.0
1577 0 0 0.0 0.0
1578 0 0 0.0 0.0
1579 0 0 0.0 0.0
1580 1 1  0.903 0.971
1581 1 1  0.949 0.92
1582 1 1  0.929 0.959
1583 1 1  0.935 0.92
1584 1 1  0.961 0.998
1585 1 1  0.985 0.914
1586 1 1  0.961 0.925
1587 1 1  0.96 0.933
1588 0 0 0.0 0.0
1589 0 0 0.0 0.0
1590 0 0 0.0 0.0
1591 0 0 0.0 0.0
1592 1 1  0.981 0.948
1593 1 1  0.935 0.981
1594 1 1  0.972 0.99
1595 1 1  0.97 0.973
1596 1 1  0.999 0.915
1597 1 1  0.977 0.993
1598 1 1  0.989 0.984
1599 1 1  0.913 0.981
1600 0 0 0.0 0.0
1601 0 0 0.0 0.0
1602 0 0 0.0 0.0
1603 0 0 0.0 0.0
1604 1 1  0.913 0.75
1605 1 1  0.692 0.878
1606 1 1  0.784 0.799
1607 1 1  0.796 0.666
1608 1 1  0.932 0.721
1609 1 1  0.817 0.894
1610 1 1  0.986 0.816
1611 1 1  0.989 0.948
1612 0 0 0.0 0.0
1613 0 0 0.0 0.0
1614 0 0 0.0 0.0
1615 0 0 0.0 0.0
1616 1 1  0.735 0.778
1617 1 1  0.709 0.83
1618 1 1  0.698 0.982
1619 1 1  0.884 0.694
1620 1 1  0.722 0.849
1621 1 1  0.827 0.906
1622 1 1  0.665 0.834
1623 1 1  0.716 0.842
1624 0 0 0.0 0.0
1625 0 0 0.0 0.0
1626 0 0 0.0 0.0
1627 0 0 0.0 0.0
1628 0 0 0.0 0.0
1629 0 0 0.0 0.0
1630 0 0 0.0 0.0
1631 0 0 0.0 0.0
1632 0 0 0.0 0.0
1633 0 0 0.0 0.0
1634 0 0 0.0 0.0
1635 0 0 0.0 0.0
1636 0 0 0.0 0.0
1637 0 0 0.0 0.0
1638 0 0 0.0 0.0
1639 0 0 0.0 0.0
1640 0 0 0.0 0.0
1641 0 0 0.0 0.0
1642 0 0 0.0 0.0
1643 0 0 0.0 0.0
1644 0 0 0.0 0.0
1645 0 0 0.0 0.0
1646 0 0 0.0 0.0
1647 0 0 0.0 0.0
1648 0 0 0.0 0.0
1649 0 0 0.0 0.0
1650 0 0 0.0 0.0
1651 0 0 0.0 0.0
1652 0 0 0.0 0.0
1653 0 0 0.0 0.0
1654 0 0 0.0 0.0
1655 0 0 0.0 0.0
1656 0 0 0.0 0.0
1657 0 0 0.0 0.0
1658 0 0 0.0 0.0
1659 1 1  0.963 0.889
1660 1 1  0.931 0.905
1661 1 1  0.896 0.775
1662 1 1  0.865 0.771
1663 1 1  0.833 0.726
1664 1 1  0.746 0.652
1665 1 1  0.735 0.693
1666 1 1  0.976 0.692
1667 0 0 0.0 0.0
1668 0 0 0.0 0.0
1669 0 0 0.0 0.0
1670 0 0 0.0 0.0
1671 1 1  0.848 0.854
1672 1 1  0.692 0.914
1673 1 1  0.734 0.73
1674 1 1  0.815 0.983
1675 1 1  0.806 0.95
1676 1 1  0.935 0.926
1677 1 1  0.721 0.905
1678 1 1  0.745 0.953
1679 0 0 0.0 0.0
1680 0 0 0.0 0.0
1681 0 0 0.0 0.0
1682 0 0 0.0 0.0
1683 1 1  0.836 0.807
1684 1 1  0.818 0.897
1685 1 1  0.995 0.751
1686 1 1  0.671 0.783
1687 1 1  0.667 0.966
1688 1 1  0.941 0.989
1689 1 1  0.845 0.769
1690 1 1  0.746 0.895
1691 0 0 0.0 0.0
1692 0 0 0.0 0.0
1693 0 0 0.0 0.0
1694 0 0 0.0 0.0
1695 1 1  0.753 0.944
1696 1 1  0.668 0.755
1697 1 1  0.797 0.722
1698 1 1  0.751 0.948
1699 1 1  0.743 0.886
1700 1 1  0.868 0.832
1701 1 1  0.883 0.933
1702 1 1  0.934 0.9
1703 0 0 0.0 0.0
1704 0 0 0.0 0.0
1705 0 0 0.0 0.0
1706 0 0 0.0 0.0
1707 1 1  0.849 0.877
1708 1 1  0.984 0.916
1709 1 1  0.796 0.759
1710 1 1  0.692 0.934
1711 1 1  0.737 0.776
1712 1 1  0.765 0.888
1713 1 1  0.692 0.92
1714 1 1  0.845 0.763
1715 0 0 0.0 0.0
1716 0 0 0.0 0.0
1717 0 0 0.0 0.0
1718 0 0 0.0 0.0
1719 1 1  0.962 0.909
1720 1 1  0.825 0.692
1721 1 1  0.995 0.873
1722 1 1  0.824 0.873
1723 1 1  0.693 0.728
1724 1 1  0.654 0.755
1725 1 1  0.834 0.898
1726 1 1  0.896 0.808
1727 0 0 0.0 0.0
1728 0 0 0.0 0.0
1729 0 0 0.0 0.0
1730 0 0 0.0 0.0
1731 1 1  0.79 0.849
1732 1 1  0.651 0.825
1733 1 1  0.993 0.95
1734 1 1  0.908 0.718
1735 1 1  0.881 0.835
1736 1 1  0.686 0.956
1737 1 1  0.674 0.871
1738 1 1  0.968 0.756
1739 0 0 0.0 0.0
1740 0 0 0.0 0.0
1741 0 0 0.0 0.0
1742 0 0 0.0 0.0
1743 0 0 0.0 0.0
1744 0 0 0.0 0.0
1745 0 0 0.0 0.0
1746 0 0 0.0 0.0
1747 0 0 0.0 0.0
1748 1 1  0.743 0.767
1749 1 1  0.895 0.923
1750 1 1  0.784 0.854
1751 1 1  0.959 0.881
1752 1 1  0.766 0.913
1753 1 1  0.879 0.922
1754 1 1  0.773 0.956
1755 1 1  0.98 0.704
1756 0 0 0.0 0.0
1757 0 0 0.0 0.0
1758 0 0 0.0 0.0
1759 0 0 0.0 0.0
1760 1 1  0.746 0.683
1761 1 1  0.737 0.733
1762 1 1  0.852 0.843
1763 1 1  0.835 0.72
1764 1 1  0.753 0.829
1765 1 1  0.985 0.701
1766 1 1  0.652 0.835
1767 1 1  0.844 0.907
1768 0 0 0.0 0.0
1769 0 0 0.0 0.0
1770 0 0 0.0 0.0
1771 0 0 0.0 0.0
1772 1 1  0.669 0.789
1773 1 1  0.762 0.856
1774 1 1  0.714 0.706
1775 1 1  0.862 0.971
1776 1 1  0.914 0.915
1777 1 1  0.998 0.993
1778 1 1  0.86 0.989
1779 1 1  0.667 0.879
1780 0 0 0.0 0.0
1781 0 0 0.0 0.0
1782 0 0 0.0 0.0
1783 0 0 0.0 0.0
1784 1 1  0.81 0.964
1785 1 1  0.925 0.651
1786 1 1  0.959 0.957
1787 1 1  0.871 0.869
1788 1 1  0.735 0.895
1789 1 1  0.727 0.965
1790 1 1  0.753 0.661
1791 1 1  0.683 0.791
1792 0 0 0.0 0.0
1793 0 0 0.0 0.0
1794 0 0 0.0 0.0
1795 0 0 0.0 0.0
1796 1 1  0.865 0.814
1797 1 1  0.991 0.825
1798 1 1  0.935 0.666
1799 1 1  0.974 0.975
1800 1 1  0.748 0.995
1801 1 1  0.719 0.693
1802 1 1  0.93 0.753
1803 1 1  0.726 0.779
1804 0 0 0.0 0.0
1805 0 0 0.0 0.0
1806 0 0 0.0 0.0
1807 0 0 0.0 0.0
1808 1 1  0.687 0.765
1809 1 1  0.844 0.765
1810 1 1  0.984 0.836
1811 1 1  0.752 0.69
1812 1 1  0.991 0.865
1813 1 1  0.845 0.675
1814 1 1  0.686 0.996
1815 1 1  0.839 0.817
1816 0 0 0.0 0.0
1817 0 0 0.0 0.0
1818 0 0 0.0 0.0
1819 0 0 0.0 0.0
1820 1 1  0.935 0.873
1821 1 1  0.813 0.912
1822 1 1  0.667 0.912
1823 1 1  0.881 0.771
1824 1 1  0.998 0.695
1825 1 1  0.938 0.727
1826 1 1  0.812 0.655
1827 1 1  0.725 0.94
1828 0 0 0.0 0.0
1829 0 0 0.0 0.0
1830 0 0 0.0 0.0
1831 0 0 0.0 0.0
1832 0 0 0.0 0.0
1833 0 0 0.0 0.0
1834 0 0 0.0 0.0
1835 0 0 0.0 0.0
1836 0 0 0.0 0.0
1837 0 0 0.0 0.0
1838 0 0 0.0 0.0
1839 0 0 0.0 0.0
1840 0 0 0.0 0.0
1841 0 0 0.0 0.0
1842 0 0 0.0 0.0
1843 0 0 0.0 0.0
1844 0 0 0.0 0.0
1845 0 0 0.0 0.0
1846 0 0 0.0 0.0
1847 0 0 0.0 0.0
1848 0 0 0.0 0.0
1849 0 0 0.0 0.0
1850 0 0 0.0 0.0
1851 0 0 0.0 0.0
1852 0 0 0.0 0.0
1853 0 0 0.0 0.0
1854 0 0 0.0 0.0
1855 0 0 0.0 0.0
1856 0 0 0.0 0.0
1857 0 0 0.0 0.0
1858 0 0 0.0 0.0
1859 0 0 0.0 0.0
1860 0 0 0.0 0.0
1861 0 0 0.0 0.0
1862 0 0 0.0 0.0
1863 0 0 0.0 0.0
1864 0 0 0.0 0.0
1865 0 0 0.0 0.0
1866 0 0 0.0 0.0
1867 0 0 0.0 0.0
1868 0 0 0.0 0.0
1869 0 0 0.0 0.0
1870 0 0 0.0 0.0
1871 0 0 0.0 0.0
1872 0 0 0.0 0.0
1873 0 0 0.0 0.0
1874 0 0 0.0 0.0
1875 0 0 0.0 0.0
1876 0 0 0.0 0.0
1877 0 0 0.0 0.0
1878 0 0 0.0 0.0
1879 0 0 0.0 0.0
1880 0 0 0.0 0.0
1881 0 0 0.0 0.0
1882 0 0 0.0 0.0
1883 0 0 0.0 0.0
1884 0 0 0.0 0.0
1885 0 0 0.0 0.0
1886 0 0 0.0 0.0
1887 0 0 0.0 0.0
1888 0 0 0.0 0.0
1889 0 0 0.0 0.0
1890 0 0 0.0 0.0
1891 0 0 0.0 0.0
1892 0 0 0.0 0.0
1893 0 0 0.0 0.0
1894 0 0 0.0 0.0
1895 0 0 0.0 0.0
1896 0 0 0.0 0.0
1897 0 0 0.0 0.0
1898 0 0 0.0 0.0
1899 0 0 0.0 0.0
1900 0 0 0.0 0.0
1901 0 0 0.0 0.0
1902 0 0 0.0 0.0
1903 0 0 0.0 0.0
1904 0 0 0.0 0.0
1905 0 0 0.0 0.0
1906 0 0 0.0 0.0
1907 0 0 0.0 0.0
1908 0 0 0.0 0.0
1909 0 0 0.0 0.0
1910 0 0 0.0 0.0
1911 0 0 0.0 0.0
1912 0 0 0.0 0.0
1913 0 0 0.0 0.0
1914 0 0 0.0 0.0
1915 0 0 0.0 0.0
1916 0 0 0.0 0.0
1917 0 0 0.0 0.0
1918 0 0 0.0 0.0
1919 0 0 0.0 0.0
1920 0 0 0.0 0.0
1921 0 0 0.0 0.0
1922 0 0 0.0 0.0
1923 0 0 0.0 0.0
1924 0 0 0.0 0.0
1925 0 0 0.0 0.0
1926 0 0 0.0 0.0
1927 0 0 0.0 0.0
1928 0 0 0.0 0.0
1929 0 0 0.0 0.0
1930 0 0 0.0 0.0
1931 0 0 0.0 0.0
1932 0 0 0.0 0.0
1933 0 0 0.0 0.0
1934 0 0 0.0 0.0
1935 0 0 0.0 0.0
1936 0 0 0.0 0.0
1937 0 0 0.0 0.0
1938 0 0 0.0 0.0
1939 0 0 0.0 0.0
1940 0 0 0.0 0.0
1941 1 1  0.971 0.686
1942 1 1  0.814 0.917
1943 1 1  0.853 0.85
1944 1 1  0.721 0.883
1945 1 1  0.805 0.826
1946 1 1  0.838 0.853
1947 1 1  0.721 0.86
1948 1 1  0.679 0.976
1949 0 0 0.0 0.0
1950 0 0 0.0 0.0
1951 0 0 0.0 0.0
1952 0 0 0.0 0.0
1953 1 1  0.835 0.681
1954 1 1  0.924 0.743
1955 1 1  0.732 0.859
1956 1 1  0.793 0.761
1957 1 1  0.705 0.764
1958 1 1  0.745 0.791
1959 1 1  0.915 0.675
1960 1 1  0.665 0.996
1961 0 0 0.0 0.0
1962 0 0 0.0 0.0
1963 0 0 0.0 0.0
1964 0 0 0.0 0.0
1965 1 1  0.828 0.895
1966 1 1  0.75 0.702
1967 1 1  0.793 0.753
1968 1 1  0.864 0.951
1969 1 1  0.961 0.893
1970 1 1  0.978 0.838
1971 1 1  0.83 0.732
1972 1 1  0.872 0.905
1973 0 0 0.0 0.0
1974 0 0 0.0 0.0
1975 0 0 0.0 0.0
1976 0 0 0.0 0.0
1977 1 1  0.967 0.784
1978 1 1  0.949 0.934
1979 1 1  0.744 0.828
1980 1 1  0.831 0.864
1981 1 1  0.963 0.78
1982 1 1  0.988 0.652
1983 1 1  0.975 0.965
1984 1 1  0.77 0.754
1985 0 0 0.0 0.0
1986 0 0 0.0 0.0
1987 0 0 0.0 0.0
1988 0 0 0.0 0.0
1989 1 1  0.848 0.832
1990 1 1  0.731 0.874
1991 1 1  0.925 0.95
1992 1 1  0.702 0.954
1993 1 1  0.8 0.893
1994 1 1  0.934 0.726
1995 1 1  0.791 0.65
1996 1 1  0.687 0.908
1997 0 0 0.0 0.0
1998 0 0 0.0 0.0
1999 0 0 0.0 0.0
2000 0 0 0.0 0.0
2001 1 1  0.787 0.825
2002 1 1  0.666 0.958
2003 1 1  0.772 0.82
2004 1 1  0.93 0.817
2005 1 1  0.876 0.896
2006 1 1  0.752 0.794
2007 1 1  0.814 0.951
2008 1 1  0.843 0.817
2009 0 0 0.0 0.0
2010 0 0 0.0 0.0
2011 0 0 0.0 0.0
2012 0 0 0.0 0.0
2013 1 1  0.908 0.935
2014 1 1  0.78 0.817
2015 1 1  0.781 0.889
2016 1 1  0.799 0.711
2017 1 1  0.784 0.667
2018 1 1  0.751 0.913
2019 1 1  0.902 0.671
2020 1 1  0.801 0.799
2021 0 0 0.0 0.0
2022 0 0 0.0 0.0
2023 0 0 0.0 0.0
2024 0 0 0.0 0.0
2025 0 0 0.0 0.0
2026 0 0 0.0 0.0
2027 0 0 0.0 0.0
2028 0 0 0.0 0.0
2029 0 0 0.0 0.0
2030 1 1  0.819 0.868
2031 1 1  0.793 0.768
2032 1 1  0.807 0.961
2033 1 1  0.653 0.742
2034 1 1  0.781 0.691
2035 1 1  0.745 0.868
2036 1 1  0.665 0.803
2037 1 1  0.93 0.683
2038 0 0 0.0 0.0
2039 0 0 0.0 0.0
2040 0 0 0.0 0.0
2041 0 0 0.0 0.0
2042 1 1  0.738 0.768
2043 1 1  0.909 0.829
2044 1 1  0.828 0.848
2045 1 1  0.783 0.678
2046 1 1  0.771 0.974
2047 1 1  0.704 0.861
2048 1 1  0.862 0.897
2049 1 1  0.776 0.75
2050 0 0 0.0 0.0
2051 0 0 0.0 0.0
2052 0 0 0.0 0.0
2053 0 0 0.0 0.0
2054 1 1  0.74 0.887
2055 1 1  0.888 0.941
2056 1 1  0.84 0.8
2057 1 1  0.662 0.924
2058 1 1  0.832 0.737
2059 1 1  0.657 0.865
2060 1 1  0.703 0.715
2061 1 1  0.851 0.948
2062 0 0 0.0 0.0
2063 0 0 0.0 0.0
2064 0 0 0.0 0.0
2065 0 0 0.0 0.0
2066 1 1  0.767 0.915
2067 1 1  0.725 0.815
2068 1 1  0.758 0.849
2069 1 1  0.778 0.979
2070 1 1  0.658 0.82
2071 1 1  0.701 0.919
2072 1 1  0.663 0.711
2073 1 1  0.989 0.65
2074 0 0 0.0 0.0
2075 0 0 0.0 0.0
2076 0 0 0.0 0.0
2077 0 0 0.0 0.0
2078 1 1  0.865 0.869
2079 1 1  0.659 0.978
2080 1 1  0.861 0.974
2081 1 1  0.965 0.8
2082 1 1  0.892 0.93
2083 1 1  0.971 0.788
2084 1 1  0.848 0.797
2085 1 1  0.695 0.88
2086 0 0 0.0 0.0
2087 0 0 0.0 0.0
2088 0 0 0.0 0.0
2089 0 0 0.0 0.0
2090 1 1  0.766 0.942
2091 1 1  0.695 0.999
2092 1 1  0.835 0.879
2093 1 1  0.996 0.703
2094 1 1  0.928 0.989
2095 1 1  0.658 0.908
2096 1 1  0.687 0.728
2097 1 1  0.986 0.787
2098 0 0 0.0 0.0
2099 0 0 0.0 0.0
2100 0 0 0.0 0.0
2101 0 0 0.0 0.0
2102 1 1  0.76 0.822
2103 1 1  0.843 0.666
2104 1 1  0.763 0.94
2105 1 1  0.81 0.665
2106 1 1  0.695 0.829
2107 1 1  0.843 0.951
2108 1 1  0.816 0.882
2109 1 1  0.867 0.793
2110 0 0 0.0 0.0
2111 0 0 0.0 0.0
2112 0 0 0.0 0.0
2113 0 0 0.0 0.0
2114 0 0 0.0 0.0
2115 0 0 0.0 0.0
2116 0 0 0.0 0.0
2117 0 0 0.0 0.0
2118 0 0 0.0 0.0
2119 0 0 0.0 0.0
2120 0 0 0.0 0.0
2121 0 0 0.0 0.0
2122 0 0 0.0 0.0
2123 0 0 0.0 0.0
2124 0 0 0.0 0.0
2125 0 0 0.0 0.0
2126 0 0 0.0 0.0
2127 0 0 0.0 0.0
2128 0 0 0.0 0.0
2129 0 0 0.0 0.0
2130 0 0 0.0 0.0
2131 0 0 0.0 0.0
2132 0 0 0.0 0.0
2133 0 0 0.0 0.0
2134 0 0 0.0 0.0
2135 0 0 0.0 0.0
2136 0 0 0.0 0.0
2137 0 0 0.0 0.0
2138 0 0 0.0 0.0
2139 0 0 0.0 0.0
2140 0 0 0.0 0.0
2141 0 0 0.0 0.0
2142 0 0 0.0 0.0
2143 0 0 0.0 0.0
2144 0 0 0.0 0.0
2145 1 1  0.86 0.759
2146 1 1  0.882 0.789
2147 1 1  0.712 0.671
2148 1 1  0.902 0.966
2149 1 1  0.67 0.84
2150 1 1  0.78 0.724
2151 1 1  0.682 0.804
2152 1 1  0.89 0.679
2153 0 0 0.0 0.0
2154 0 0 0.0 0.0
2155 0 0 0.0 0.0
2156 0 0 0.0 0.0
2157 1 1  0.905 0.706
2158 1 1  0.838 0.656
2159 1 1  0.863 0.807
2160 1 1  0.954 0.835
2161 1 1  0.966 0.96
2162 1 1  0.791 0.783
2163 1 1  0.801 0.943
2164 1 1  0.661 0.848
2165 0 0 0.0 0.0
2166 0 0 0.0 0.0
2167 0 0 0.0 0.0
2168 0 0 0.0 0.0
2169 1 1  0.705 0.86
2170 1 1  0.984 0.714
2171 1 1  0.951 0.802
2172 1 1  0.725 0.88
2173 1 1  0.752 0.972
2174 1 1  0.711 0.842
2175 1 1  0.733 0.761
2176 1 1  0.973 0.978
2177 0 0 0.0 0.0
2178 0 0 0.0 0.0
2179 0 0 0.0 0.0
2180 0 0 0.0 0.0
2181 1 1  0.775 0.971
2182 1 1  0.808 0.853
2183 1 1  0.933 0.998
2184 1 1  0.934 0.726
2185 1 1  0.952 0.886
2186 1 1  0.747 0.689
2187 1 1  0.654 0.725
2188 1 1  0.937 0.804
2189 0 0 0.0 0.0
2190 0 0 0.0 0.0
2191 0 0 0.0 0.0
2192 0 0 0.0 0.0
2193 1 1  0.669 0.71
2194 1 1  0.995 0.767
2195 1 1  0.969 0.903
2196 1 1  0.797 0.788
2197 1 1  0.963 0.891
2198 1 1  0.689 0.995
2199 1 1  0.754 0.676
2200 1 1  0.941 0.923
2201 0 0 0.0 0.0
2202 0 0 0.0 0.0
2203 0 0 0.0 0.0
2204 0 0 0.0 0.0
2205 1 1  0.91 0.972
2206 1 1  0.969 0.947
2207 1 1  0.969 0.93
2208 1 1  0.946 0.999
2209 1 1  0.934 0.909
2210 1 1  0.95 0.911
2211 1 1  0.923 0.91
2212 1 1  0.933 0.925
2213 0 0 0.0 0.0
2214 0 0 0.0 0.0
2215 0 0 0.0 0.0
2216 0 0 0.0 0.0
2217 1 1  0.953 0.974
2218 1 1  0.919 0.933
2219 1 1  0.922 0.979
2220 1 1  0.941 0.961
2221 1 1  0.975 0.943
2222 1 1  0.963 0.96
2223 1 1  0.984 0.922
2224 1 1  0.913 0.959
2225 0 0 0.0 0.0
2226 0 0 0.0 0.0
2227 0 0 0.0 0.0
2228 0 0 0.0 0.0
2229 0 0 0.0 0.0
2230 0 0 0.0 0.0
2231 0 0 0.0 0.0
2232 0 0 0.0 0.0
2233 0 0 0.0 0.0
2234 1 1  0.926 0.926
2235 1 1  0.906 0.935
2236 1 1  0.918 0.936
2237 1 1  0.92 0.914
2238 1 1  0.961 0.979
2239 1 1  0.985 0.914
2240 1 1  0.971 0.929
2241 1 1  0.993 0.994
2242 0 0 0.0 0.0
2243 0 0 0.0 0.0
2244 0 0 0.0 0.0
2245 0 0 0.0 0.0
2246 1 1  0.99 0.917
2247 1 1  0.984 0.991
2248 1 1  0.988 0.981
2249 1 1  1 0.905
2250 1 1  0.957 0.956
2251 1 1  0.977 0.901
2252 1 1  0.931 0.988
2253 1 1  0.932 0.965
2254 0 0 0.0 0.0
2255 0 0 0.0 0.0
2256 0 0 0.0 0.0
2257 0 0 0.0 0.0
2258 1 1  0.931 0.973
2259 1 1  0.909 0.943
2260 1 1  0.986 0.956
2261 1 1  0.907 0.999
2262 1 1  0.908 0.959
2263 1 1  0.924 0.929
2264 1 1  0.964 0.924
2265 1 1  0.993 0.972
2266 0 0 0.0 0.0
2267 0 0 0.0 0.0
2268 0 0 0.0 0.0
2269 0 0 0.0 0.0
2270 1 1  0.919 0.912
2271 1 1  0.916 0.96
2272 1 1  0.951 0.939
2273 1 1  0.903 0.92
2274 1 1  0.995 0.993
2275 1 1  0.967 0.983
2276 1 1  0.976 0.985
2277 1 1  0.928 0.95
2278 0 0 0.0 0.0
2279 0 0 0.0 0.0
2280 0 0 0.0 0.0
2281 0 0 0.0 0.0
2282 1 1  0.942 0.938
2283 1 1  0.994 0.987
2284 1 1  0.918 0.97
2285 1 1  0.904 0.924
2286 1 1  0.925 0.996
2287 1 1  0.916 0.928
2288 1 1  0.939 0.907
2289 1 1  0.926 0.935
2290 0 0 0.0 0.0
2291 0 0 0.0 0.0
2292 0 0 0.0 0.0
2293 0 0 0.0 0.0
2294 1 1  0.952 0.948
2295 1 1  0.922 0.999
2296 1 1  0.937 0.947
2297 1 1  0.955 0.953
2298 1 1  0.921 0.918
2299 1 1  0.996 0.991
2300 1 1  0.949 0.945
2301 1 1  0.989 0.988
2302 0 0 0.0 0.0
2303 0 0 0.0 0.0
2304 0 0 0.0 0.0
2305 0 0 0.0 0.0
2306 1 1  0.971 0.979
2307 1 1  0.921 0.994
2308 1 1  0.943 0.975
2309 1 1  0.991 0.913
2310 1 1  0.941 0.925
2311 1 1  0.985 0.955
2312 1 1  0.996 0.917
2313 1 1  0.981 0.926
2314 0 0 0.0 0.0
2315 0 0 0.0 0.0
2316 0 0 0.0 0.0
2317 0 0 0.0 0.0
2318 0 0 0.0 0.0
2319 0 0 0.0 0.0
2320 0 0 0.0 0.0
2321 0 0 0.0 0.0
2322 0 0 0.0 0.0
2323 0 0 0.0 0.0
2324 0 0 0.0 0.0
2325 0 0 0.0 0.0
2326 0 0 0.0 0.0
2327 0 0 0.0 0.0
2328 0 0 0.0 0.0
2329 0 0 0.0 0.0
2330 0 0 0.0 0.0
2331 0 0 0.0 0.0
2332 0 0 0.0 0.0
2333 0 0 0.0 0.0
2334 0 0 0.0 0.0
2335 0 0 0.0 0.0
2336 0 0 0.0 0.0
2337 0 0 0.0 0.0
2338 0 0 0.0 0.0
2339 0 0 0.0 0.0
2340 0 0 0.0 0.0
2341 0 0 0.0 0.0
2342 0 0 0.0 0.0
2343 0 0 0.0 0.0
2344 0 0 0.0 0.0
2345 0 0 0.0 0.0
2346 0 0 0.0 0.0
2347 0 0 0.0 0.0
2348 0 0 0.0 0.0
2349 1 1  0.925 0.954
2350 1 1  0.954 0.976
2351 1 1  0.925 0.991
2352 1 1  0.957 0.948
2353 1 1  0.997 0.983
2354 1 1  0.976 0.925
2355 1 1  0.926 0.905
2356 1 1  0.989 0.907
2357 0 0 0.0 0.0
2358 0 0 0.0 0.0
2359 0 0 0.0 0.0
2360 0 0 0.0 0.0
2361 1 1  0.927 0.99
2362 1 1  0.945 0.991
2363 1 1  0.952 0.934
2364 1 1  0.908 0.926
2365 1 1  0.909 0.962
2366 1 1  0.928 0.91
2367 1 1  0.916 0.973
2368 1 1  0.967 0.926
2369 0 0 0.0 0.0
2370 0 0 0.0 0.0
2371 0 0 0.0 0.0
2372 0 0 0.0 0.0
2373 1 1  0.989 0.987
2374 1 1  0.947 0.944
2375 1 1  0.903 0.995
2376 1 1  0.971 0.922
2377 1 1  0.949 0.915
2378 1 1  0.952 0.976
2379 1 1  0.94 0.942
2380 1 1  0.991 0.958
2381 0 0 0.0 0.0
2382 0 0 0.0 0.0
2383 0 0 0.0 0.0
2384 0 0 0.0 0.0
2385 1 1  0.992 0.984
2386 1 1  0.934 0.971
2387 1 1  0.943 0.907
2388 1 1  0.997 0.921
2389 1 1  0.928 0.983
2390 1 1  0.978 0.911
2391 1 1  0.952 0.986
2392 1 1  0.996 0.917
2393 0 0 0.0 0.0
2394 0 0 0.0 0.0
2395 0 0 0.0 0.0
2396 0 0 0.0 0.0
2397 1 1  0.971 0.901
2398 1 1  0.932 0.994
2399 1 1  0.909 0.925
2400 1 1  0.954 0.911
2401 1 1  0.972 0.974
2402 1 1  0.957 0.967
2403 1 1  0.955 0.978
2404 1 1  0.925 0.961
2405 0 0 0.0 0.0
2406 0 0 0.0 0.0
2407 0 0 0.0 0.0
2408 0 0 0.0 0.0
2409 1 1  0.971 0.942
2410 1 1  0.977 0.929
2411 1 1  0.944 0.942
2412 1 1  0.929 0.995
2413 1 1  0.937 0.968
2414 1 1  0.949 0.918
2415 1 1  0.994 0.959
2416 1 1  0.955 0.911
2417 0 0 0.0 0.0
2418 0 0 0.0 0.0
2419 0 0 0.0 0.0
2420 0 0 0.0 0.0
2421 1 1  0.912 0.987
2422 1 1  0.921 0.981
2423 1 1  0.937 0.986
2424 1 1  0.964 0.997
2425 1 1  0.914 0.991
2426 1 1  0.943 0.98
2427 1 1  0.925 0.963
2428 1 1  0.941 0.919
2429 0 0 0.0 0.0
2430 0 0 0.0 0.0
2431 0 0 0.0 0.0
2432 0 0 0.0 0.0
2433 0 0 0.0 0.0
2434 0 0 0.0 0.0
2435 0 0 0.0 0.0
2436 0 0 0.0 0.0
2437 0 0 0.0 0.0
2438 1 1  0.923 0.944
2439 1 1  0.953 0.983
2440 1 1  0.913 0.961
2441 1 1  0.998 0.99
2442 1 1  0.982 0.923
2443 1 1  0.959 0.954
2444 1 1  0.916 0.955
2445 1 1  0.939 0.95
2446 0 0 0.0 0.0
2447 0 0 0.0 0.0
2448 0 0 0.0 0.0
2449 0 0 0.0 0.0
2450 1 1  0.987 0.992
2451 1 1  0.974 0.93
2452 1 1  0.926 0.976
2453 1 1  0.947 0.907
2454 1 1  0.935 0.972
2455 1 1  0.989 0.944
2456 1 1  0.921 0.933
2457 1 1  0.937 0.912
2458 0 0 0.0 0.0
2459 0 0 0.0 0.0
2460 0 0 0.0 0.0
2461 0 0 0.0 0.0
2462 1 1  0.959 0.975
2463 1 1  0.985 0.956
2464 1 1  0.909 0.904
2465 1 1  0.991 0.984
2466 1 1  0.968 0.979
2467 1 1  0.917 0.979
2468 1 1  0.988 0.941
2469 1 1  0.974 0.994
2470 0 0 0.0 0.0
2471 0 0 0.0 0.0
2472 0 0 0.0 0.0
2473 0 0 0.0 0.0
2474 1 1  0.988 0.904
2475 1 1  0.932 0.907
2476 1 1  0.92 0.934
2477 1 1  0.996 0.983
2478 1 1  0.938 0.992
2479 1 1  0.979 0.914
2480 1 1  0.938 0.94
2481 1 1  0.964 0.966
2482 0 0 0.0 0.0
2483 0 0 0.0 0.0
2484 0 0 0.0 0.0
2485 0 0 0.0 0.0
2486 1 1  0.916 0.998
2487 1 1  0.961 0.948
2488 1 1  0.944 0.957
2489 1 1  0.94 0.949
2490 1 1  0.974 0.966
2491 1 1  0.999 0.95
2492 1 1  0.973 0.904
2493 1 1  0.904 0.972
2494 0 0 0.0 0.0
2495 0 0 0.0 0.0
2496 0 0 0.0 0.0
2497 0 0 0.0 0.0
2498 1 1  0.987 0.927
2499 1 1  0.931 0.978
2500 1 1  0.903 0.945
2501 1 1  0.984 0.938
2502 1 1  0.976 0.946
2503 1 1  0.964 0.912
2504 1 1  0.97 0.96
2505 1 1  0.999 0.994
2506 0 0 0.0 0.0
2507 0 0 0.0 0.0
2508 0 0 0.0 0.0
2509 0 0 0.0 0.0
2510 1 1  0.917 0.913
2511 1 1  0.936 0.972
2512 1 1  0.904 0.954
2513 1 1  0.937 0.99
2514 1 1  0.95 0.957
2515 1 1  0.984 0.959
2516 1 1  0.989 0.953
2517 1 1  0.956 0.911
2518 0 0 0.0 0.0
2519 0 0 0.0 0.0
2520 0 0 0.0 0.0
2521 0 0 0.0 0.0
2522 0 0 0.0 0.0
2523 0 0 0.0 0.0
2524 0 0 0.0 0.0
2525 0 0 0.0 0.0
2526 0 0 0.0 0.0
2527 0 0 0.0 0.0
2528 0 0 0.0 0.0
2529 0 0 0.0 0.0
2530 0 0 0.0 0.0
2531 0 0 0.0 0.0
2532 0 0 0.0 0.0
2533 0 0 0.0 0.0
2534 0 0 0.0 0.0
2535 0 0 0.0 0.0
2536 0 0 0.0 0.0
2537 0 0 0.0 0.0
2538 0 0 0.0 0.0
2539 0 0 0.0 0.0
2540 0 0 0.0 0.0
2541 0 0 0.0 0.0
2542 0 0 0.0 0.0
2543 0 0 0.0 0.0
2544 0 0 0.0 0.0
2545 0 0 0.0 0.0
2546 0 0 0.0 0.0
2547 0 0 0.0 0.0
2548 0 0 0.0 0.0
2549 0 0 0.0 0.0
2550 0 0 0.0 0.0
2551 0 0 0.0 0.0
2552 0 0 0.0 0.0
2553 1 1  0.984 0.916
2554 1 1  0.99 0.931
2555 1 1  0.911 0.932
2556 1 1  0.974 0.972
2557 1 1  0.939 0.99
2558 1 1  0.984 0.95
2559 1 1  0.97 0.972
2560 1 1  0.904 0.917
2561 0 0 0.0 0.0
2562 0 0 0.0 0.0
2563 0 0 0.0 0.0
2564 0 0 0.0 0.0
2565 1 1  0.986 0.984
2566 1 1  0.91 0.966
2567 1 1  0.947 0.948
2568 1 1  0.938 0.957
2569 1 1  0.987 0.993
2570 1 1  0.978 0.938
2571 1 1  0.953 0.982
2572 1 1  0.981 0.947
2573 0 0 0.0 0.0
2574 0 0 0.0 0.0
2575 0 0 0.0 0.0
2576 0 0 0.0 0.0
2577 1 1  0.909 0.994
2578 1 1  0.973 0.981
2579 1 1  0.918 0.919
2580 1 1  0.904 0.98
2581 1 1  0.904 0.95
2582 1 1  0.982 0.925
2583 1 1  0.977 0.922
2584 1 1  0.95 0.954
2585 0 0 0.0 0.0
2586 0 0 0.0 0.0
2587 0 0 0.0 0.0
2588 0 0 0.0 0.0
2589 1 1  0.961 0.943
2590 1 1  0.971 0.992
2591 1 1  0.977 0.968
2592 1 1  0.927 0.93
2593 1 1  0.961 0.98
2594 1 1  0.907 0.941
2595 1 1  0.902 0.917
2596 1 1  0.972 0.999
2597 0 0 0.0 0.0
2598 0 0 0.0 0.0
2599 0 0 0.0 0.0
2600 0 0 0.0 0.0
2601 1 1  0.921 0.945
2602 1 1  0.927 0.948
2603 1 1  0.996 0.971
2604 1 1  0.946 0.919
2605 1 1  0.978 0.906
2606 1 1  0.984 0.99
2607 1 1  0.92 0.947
2608 1 1  0.921 0.989
2609 0 0 0.0 0.0
2610 0 0 0.0 0.0
2611 0 0 0.0 0.0
2612 0 0 0.0 0.0
2613 1 1  0.96 0.968
2614 1 1  0.924 0.989
2615 1 1  0.991 0.94
2616 1 1  0.972 0.981
2617 1 1  0.957 0.96
2618 1 1  0.982 0.909
2619 1 1  0.98 0.934
2620 1 1  0.951 0.929
2621 0 0 0.0 0.0
2622 0 0 0.0 0.0
2623 0 0 0.0 0.0
2624 0 0 0.0 0.0
2625 1 1  0.966 0.981
2626 1 1  0.991 0.905
2627 1 1  0.95 0.9
2628 1 1  0.938 0.959
2629 1 1  0.996 0.95
2630 1 1  0.951 0.902
2631 1 1  0.999 0.987
2632 1 1  0.995 0.919
2633 0 0 0.0 0.0
2634 0 0 0.0 0.0
2635 0 0 0.0 0.0
2636 0 0 0.0 0.0
2637 0 0 0.0 0.0
2638 0 0 0.0 0.0
2639 0 0 0.0 0.0
2640 0 0 0.0 0.0
2641 0 0 0.0 0.0
2642 1 1  0.942 0.939
2643 1 1  0.993 0.923
2644 1 1  0.907 0.99
2645 1 1  0.936 0.912
2646 1 1  0.958 0.962
2647 1 1  0.949 0.993
2648 1 1  0.904 0.957
2649 1 1  0.935 0.969
2650 0 0 0.0 0.0
2651 0 0 0.0 0.0
2652 0 0 0.0 0.0
2653 0 0 0.0 0.0
2654 1 1  0.917 0.98
2655 1 1  0.989 0.91
2656 1 1  0.931 0.963
2657 1 1  0.999 0.91
2658 1 1  0.91 0.927
2659 1 1  0.913 0.941
2660 1 1  0.94 0.964
2661 1 1  0.99 0.964
2662 0 0 0.0 0.0
2663 0 0 0.0 0.0
2664 0 0 0.0 0.0
2665 0 0 0.0 0.0
2666 1 1  0.925 0.963
2667 1 1  0.992 0.995
2668 1 1  0.956 0.918
2669 1 1  0.985 0.963
2670 1 1  0.922 0.923
2671 1 1  0.9 0.975
2672 1 1  0.914 0.923
2673 1 1  0.979 0.93
2674 0 0 0.0 0.0
2675 0 0 0.0 0.0
2676 0 0 0.0 0.0
2677 0 0 0.0 0.0
2678 1 1  0.99 0.907
2679 1 1  0.989 0.905
2680 1 1  0.921 0.918
2681 1 1  0.905 0.918
2682 1 1  0.943 0.94
2683 1 1  0.976 0.905
2684 1 1  0.92 0.942
2685 1 1  0.9 0.968
2686 0 0 0.0 0.0
2687 0 0 0.0 0.0
2688 0 0 0.0 0.0
2689 0 0 0.0 0.0
2690 1 1  0.993 0.982
2691 1 1  0.975 0.933
2692 1 1  0.96 0.949
2693 1 1  0.949 0.904
2694 1 1  0.923 0.982
2695 1 1  0.974 0.94
2696 1 1  0.981 0.928
2697 1 1  0.99 0.98
2698 0 0 0.0 0.0
2699 0 0 0.0 0.0
2700 0 0 0.0 0.0
2701 0 0 0.0 0.0
2702 1 1  0.932 1
2703 1 1  0.939 0.998
2704 1 1  0.993 0.964
2705 1 1  0.956 0.94
2706 1 1  0.924 0.935
2707 1 1  0.902 0.984
2708 1 1  0.979 0.955
2709 1 1  0.994 0.962
2710 0 0 0.0 0.0
2711 0 0 0.0 0.0
2712 0 0 0.0 0.0
2713 0 0 0.0 0.0
2714 1 1  0.971 0.949
2715 1 1  0.964 0.957
2716 1 1  0.976 0.961
2717 1 1  0.979 0.992
2718 1 1  0.972 0.96
2719 1 1  0.92 0.942
2720 1 1  0.906 0.947
2721 1 1  0.917 0.997
2722 0 0 0.0 0.0
2723 0 0 0.0 0.0
2724 0 0 0.0 0.0
2725 0 0 0.0 0.0
2726 0 0 0.0 0.0
2727 0 0 0.0 0.0
2728 0 0 0.0 0.0
2729 0 0 0.0 0.0
2730 0 0 0.0 0.0
2731 0 0 0.0 0.0
2732 0 0 0.0 0.0
2733 0 0 0.0 0.0
2734 0 0 0.0 0.0
2735 0 0 0.0 0.0
2736 0 0 0.0 0.0
2737 0 0 0.0 0.0
2738 0 0 0.0 0.0
2739 0 0 0.0 0.0
2740 0 0 0.0 0.0
2741 0 0 0.0 0.0
2742 0 0 0.0 0.0
2743 0 0 0.0 0.0
2744 0 0 0.0 0.0
2745 0 0 0.0 0.0
2746 0 0 0.0 0.0
2747 0 0 0.0 0.0
2748 0 0 0.0 0.0
2749 0 0 0.0 0.0
2750 0 0 0.0 0.0
2751 0 0 0.0 0.0
2752 0 0 0.0 0.0
2753 0 0 0.0 0.0
2754 0 0 0.0 0.0
2755 0 0 0.0 0.0
2756 0 0 0.0 0.0
2757 0 0 0.0 0.0
2758 0 0 0.0 0.0
2759 0 0 0.0 0.0
2760 0 0 0.0 0.0
2761 0 0 0.0 0.0
2762 0 0 0.0 0.0
2763 0 0 0.0 0.0
2764 0 0 0.0 0.0
2765 0 0 0.0 0.0
2766 0 0 0.0 0.0
2767 0 0 0.0 0.0
2768 0 0 0.0 0.0
2769 0 0 0.0 0.0
2770 0 0 0.0 0.0
2771 0 0 0.0 0.0
2772 0 0 0.0 0.0
2773 0 0 0.0 0.0
2774 0 0 0.0 0.0
2775 0 0 0.0 0.0
2776 0 0 0.0 0.0
2777 0 0 0.0 0.0
2778 0 0 0.0 0.0
2779 0 0 0.0 0.0
2780 0 0 0.0 0.0
2781 0 0 0.0 0.0
2782 0 0 0.0 0.0
2783 0 0 0.0 0.0
2784 0 0 0.0 0.0
2785 0 0 0.0 0.0
2786 0 0 0.0 0.0
2787 0 0 0.0 0.0
2788 0 0 0.0 0.0
2789 0 0 0.0 0.0
2790 0 0 0.0 0.0
2791 0 0 0.0 0.0
2792 0 0 0.0 0.0
2793 0 0 0.0 0.0
2794 0 0 0.0 0.0
2795 0 0 0.0 0.0
2796 0 0 0.0 0.0
2797 0 0 0.0 0.0
2798 0 0 0.0 0.0
2799 0 0 0.0 0.0
2800 0 0 0.0 0.0
2801 0 0 0.0 0.0
2802 0 0 0.0 0.0
2803 0 0 0.0 0.0
2804 0 0 0.0 0.0
2805 0 0 0.0 0.0
2806 0 0 0.0 0.0
2807 0 0 0.0 0.0
2808 0 0 0.0 0.0
2809 0 0 0.0 0.0
2810 0 0 0.0 0.0
2811 0 0 0.0 0.0
2812 0 0 0.0 0.0
2813 0 0 0.0 0.0
2814 0 0 0.0 0.0
2815 0 0 0.0 0.0
2816 0 0 0.0 0.0
2817 0 0 0.0 0.0
2818 0 0 0.0 0.0
2819 0 0 0.0 0.0
2820 0 0 0.0 0.0
2821 0 0 0.0 0.0
2822 0 0 0.0 0.0
2823 0 0 0.0 0.0
2824 0 0 0.0 0.0
2825 0 0 0.0 0.0
2826 0 0 0.0 0.0
2827 0 0 0.0 0.0
2828 0 0 0.0 0.0
2829 0 0 0.0 0.0
2830 0 0 0.0 0.0
2831 0 0 0.0 0.0
2832 0 0 0.0 0.0
2833 0 0 0.0 0.0
2834 0 0 0.0 0.0
2835 1 1  0.983 0.94
2836 1 1  0.983 0.906
2837 1 1  0.947 0.956
2838 1 1  0.904 0.993
2839 1 1  0.995 0.965
2840 1 1  0.965 0.903
2841 1 1  0.995 0.919
2842 1 1  0.991 0.907
2843 0 0 0.0 0.0
2844 0 0 0.0 0.0
2845 0 0 0.0 0.0
2846 0 0 0.0 0.0
2847 1 1  0.976 0.984
2848 1 1  0.947 0.92
2849 1 1  0.926 0.984
2850 1 1  0.96 0.91
2851 1 1  0.912 0.999
2852 1 1  0.945 0.935
2853 1 1  0.981 0.931
2854 1 1  0.917 0.907
2855 0 0 0.0 0.0
2856 0 0 0.0 0.0
2857 0 0 0.0 0.0
2858 0 0 0.0 0.0
2859 1 1  0.919 0.991
2860 1 1  0.947 0.993
2861 1 1  0.923 0.993
2862 1 1  0.97 0.979
2863 1 1  0.995 0.921
2864 1 1  0.982 0.948
2865 1 1  0.937 0.908
2866 1 1  0.922 0.916
2867 0 0 0.0 0.0
2868 0 0 0.0 0.0
2869 0 0 0.0 0.0
2870 0 0 0.0 0.0
2871 1 1  0.944 0.999
2872 1 1  0.952 0.919
2873 1 1  0.989 0.974
2874 1 1  0.913 0.978
2875 1 1  0.99 0.992
2876 1 1  0.928 0.981
2877 1 1  0.937 0.969
2878 1 1  0.996 0.979
2879 0 0 0.0 0.0
2880 0 0 0.0 0.0
2881 0 0 0.0 0.0
2882 0 0 0.0 0.0
2883 1 1  0.96 0.917
2884 1 1  1 0.965
2885 1 1  0.982 0.977
2886 1 1  0.918 0.981
2887 1 1  0.913 0.945
2888 1 1  0.921 0.953
2889 1 1  1 0.917
2890 1 1  0.947 0.94
2891 0 0 0.0 0.0
2892 0 0 0.0 0.0
2893 0 0 0.0 0.0
2894 0 0 0.0 0.0
2895 1 1  0.931 0.907
2896 1 1  0.999 0.989
2897 1 1  0.976 0.966
2898 1 1  0.965 0.94
2899 1 1  0.999 0.976
2900 1 1  0.919 0.934
2901 1 1  0.957 0.941
2902 1 1  0.924 0.916
2903 0 0 0.0 0.0
2904 0 0 0.0 0.0
2905 0 0 0.0 0.0
2906 0 0 0.0 0.0
2907 1 1  0.967 0.973
2908 1 1  0.992 0.95
2909 1 1  0.974 0.957
2910 1 1  0.924 0.944
2911 1 1  0.928 0.913
2912 1 1  0.978 0.981
2913 1 1  0.904 0.988
2914 1 1  0.968 0.942
2915 0 0 0.0 0.0
2916 0 0 0.0 0.0
2917 0 0 0.0 0.0
2918 0 0 0.0 0.0
2919 0 0 0.0 0.0
2920 0 0 0.0 0.0
2921 0 0 0.0 0.0
2922 0 0 0.0 0.0
2923 0 0 0.0 0.0
2924 1 1  0.988 0.996
2925 1 1  0.923 0.964
2926 1 1  0.981 1
2927 1 1  0.998 0.924
2928 1 1  0.903 0.907
2929 1 1  0.903 0.999
2930 1 1  0.97 0.932
2931 1 1  0.926 0.902
2932 0 0 0.0 0.0
2933 0 0 0.0 0.0
2934 0 0 0.0 0.0
2935 0 0 0.0 0.0
2936 1 1  0.997 0.971
2937 1 1  0.969 0.95
2938 1 1  0.967 0.939
2939 1 1  0.905 0.917
2940 1 1  0.911 0.997
2941 1 1  0.939 0.963
2942 1 1  0.978 0.921
2943 1 1  0.999 0.937
2944 0 0 0.0 0.0
2945 0 0 0.0 0.0
2946 0 0 0.0 0.0
2947 0 0 0.0 0.0
2948 1 1  0.918 0.987
2949 1 1  0.976 0.921
2950 1 1  0.9 0.918
2951 1 1  0.966 0.98
2952 1 1  0.927 0.904
2953 1 1  0.946 0.965
2954 1 1  0.917 0.926
2955 1 1  0.947 0.937
2956 0 0 0.0 0.0
2957 0 0 0.0 0.0
2958 0 0 0.0 0.0
2959 0 0 0.0 0.0
2960 1 1  0.951 0.92
2961 1 1  0.957 0.968
2962 1 1  0.962 0.972
2963 1 1  0.928 0.978
2964 1 1  0.908 0.996
2965 1 1  0.906 0.923
2966 1 1  0.911 0.956
2967 1 1  0.925 0.91
2968 0 0 0.0 0.0
2969 0 0 0.0 0.0
2970 0 0 0.0 0.0
2971 0 0 0.0 0.0
2972 1 1  0.994 0.96
2973 1 1  0.998 0.989
2974 1 1  0.934 0.946
2975 1 1  0.996 0.995
2976 1 1  0.929 0.977
2977 1 1  0.914 0.914
2978 1 1  0.995 0.982
2979 1 1  0.991 0.94
2980 0 0 0.0 0.0
2981 0 0 0.0 0.0
2982 0 0 0.0 0.0
2983 0 0 0.0 0.0
2984 1 1  0.979 0.947
2985 1 1  0.925 0.91
2986 1 1  0.976 0.917
2987 1 1  0.998 0.938
2988 1 1  0.903 0.953
2989 1 1  0.905 0.971
2990 1 1  0.985 0.927
2991 1 1  0.928 0.91
2992 0 0 0.0 0.0
2993 0 0 0.0 0.0
2994 0 0 0.0 0.0
2995 0 0 0.0 0.0
2996 1 1  0.969 0.958
2997 1 1  0.973 0.945
2998 1 1  0.959 0.939
2999 1 1  0.959 0.97
3000 1 1  0.948 0.921
3001 1 1  0.965 0.902
3002 1 1  0.97 0.969
3003 1 1  0.942 0.93
3004 0 0 0.0 0.0
3005 0 0 0.0 0.0
3006 0 0 0.0 0.0
3007 0 0 0.0 0.0
3008 0 0 0.0 0.0
3009 0 0 0.0 0.0
3010 0 0 0.0 0.0
3011 0 0 0.0 0.0
3012 0 0 0.0 0.0
3013 0 0 0.0 0.0
3014 0 0 0.0 0.0
3015 0 0 0.0 0.0
3016 0 0 0.0 0.0
3017 0 0 0.0 0.0
3018 0 0 0.0 0.0
3019 0 0 0.0 0.0
3020 0 0 0.0 0.0
3021 0 0 0.0 0.0
3022 0 0 0.0 0.0
3023 0 0 0.0 0.0
3024 0 0 0.0 0.0
3025 0 0 0.0 0.0
3026 0 0 0.0 0.0
3027 0 0 0.0 0.0
3028 0 0 0.0 0.0
3029 0 0 0.0 0.0
3030 0 0 0.0 0.0
3031 0 0 0.0 0.0
3032 0 0 0.0 0.0
3033 0 0 0.0 0.0
3034 0 0 0.0 0.0
3035 0 0 0.0 0.0
3036 0 0 0.0 0.0
3037 0 0 0.0 0.0
3038 0 0 0.0 0.0
3039 1 1  0.977 0.983
3040 1 1  0.925 0.962
3041 1 1  0.906 0.982
3042 1 1  0.914 0.912
3043 1 1  0.944 0.933
3044 1 1  0.969 0.975
3045 1 1  0.977 0.997
3046 1 1  0.986 0.917
3047 0 0 0.0 0.0
3048 0 0 0.0 0.0
3049 0 0 0.0 0.0
3050 0 0 0.0 0.0
3051 1 1  0.946 0.966
3052 1 1  0.948 0.974
3053 1 1  0.976 0.908
3054 1 1  0.916 0.993
3055 1 1  0.921 0.987
3056 1 1  0.918 0.922
3057 1 1  0.974 0.992
3058 1 1  0.947 0.984
3059 0 0 0.0 0.0
3060 0 0 0.0 0.0
3061 0 0 0.0 0.0
3062 0 0 0.0 0.0
3063 1 1  0.945 0.931
3064 1 1  0.901 0.944
3065 1 1  0.961 0.933
3066 1 1  0.902 0.966
3067 1 1  0.954 0.988
3068 1 1  0.991 0.91
3069 1 1  0.94 0.962
3070 1 1  0.96 0.985
3071 0 0 0.0 0.0
3072 0 0 0.0 0.0
3073 0 0 0.0 0.0
3074 0 0 0.0 0.0
3075 1 1  0.932 0.966
3076 1 1  0.937 0.912
3077 1 1  0.931 0.923
3078 1 1  0.94 0.967
3079 1 1  0.979 0.935
3080 1 1  0.999 0.934
3081 1 1  0.97 0.987
3082 1 1  0.988 0.964
3083 0 0 0.0 0.0
3084 0 0 0.0 0.0
3085 0 0 0.0 0.0
3086 0 0 0.0 0.0
3087 1 1  0.93 0.908
3088 1 1  0.978 0.935
3089 1 1  0.978 0.985
3090 1 1  0.931 0.944
3091 1 1  0.915 0.988
3092 1 1  0.957 0.975
3093 1 1  0.956 0.936
3094 1 1  0.936 0.96
3095 0 0 0.0 0.0
3096 0 0 0.0 0.0
3097 0 0 0.0 0.0
3098 0 0 0.0 0.0
3099 1 1  0.967 0.967
3100 1 1  0.991 0.956
3101 1 1  0.921 0.986
3102 1 1  0.911 0.927
3103 1 1  0.917 0.951
3104 1 1  0.956 0.975
3105 1 1  0.993 0.986
3106 1 1  0.918 0.921
3107 0 0 0.0 0.0
3108 0 0 0.0 0.0
3109 0 0 0.0 0.0
3110 0 0 0.0 0.0
3111 1 1  0.937 0.962
3112 1 1  0.926 0.977
3113 1 1  0.903 0.966
3114 1 1  0.989 0.968
3115 1 1  0.922 0.935
3116 1 1  0.952 0.988
3117 1 1  0.967 0.907
3118 1 1  0.963 0.972
3119 0 0 0.0 0.0
3120 0 0 0.0 0.0
3121 0 0 0.0 0.0
3122 0 0 0.0 0.0
3123 0 0 0.0 0.0
3124 0 0 0.0 0.0
3125 0 0 0.0 0.0
3126 0 0 0.0 0.0
3127 0 0 0.0 0.0
3128 1 1  0.92 0.902
3129 1 1  0.956 0.962
3130 1 1  0.957 0.984
3131 1 1  0.992 0.924
3132 1 1  0.94 0.946
3133 1 1  0.955 0.941
3134 1 1  0.968 0.962
3135 1 1  0.98 0.982
3136 0 0 0.0 0.0
3137 0 0 0.0 0.0
3138 0 0 0.0 0.0
3139 0 0 0.0 0.0
3140 1 1  0.92 0.962
3141 1 1  0.993 0.95
3142 1 1  0.954 0.953
3143 1 1  0.948 0.909
3144 1 1  0.921 0.946
3145 1 1  0.941 0.965
3146 1 1  0.981 0.965
3147 1 1  0.951 0.904
3148 0 0 0.0 0.0
3149 0 0 0.0 0.0
3150 0 0 0.0 0.0
3151 0 0 0.0 0.0
3152 1 1  0.97 0.916
3153 1 1  0.99 0.9
3154 1 1  0.922 0.912
3155 1 1  0.972 0.986
3156 1 1  0.983 0.934
3157 1 1  0.95 0.947
3158 1 1  0.903 0.952
3159 1 1  0.994 0.999
3160 0 0 0.0 0.0
3161 0 0 0.0 0.0
3162 0 0 0.0 0.0
3163 0 0 0.0 0.0
3164 1 1  0.945 0.964
3165 1 1  0.922 0.929
3166 1 1  0.956 0.985
3167 1 1  0.996 0.937
3168 1 1  0.91 0.912
3169 1 1  0.923 0.954
3170 1 1  0.946 0.916
3171 1 1  0.947 0.935
3172 0 0 0.0 0.0
3173 0 0 0.0 0.0
3174 0 0 0.0 0.0
3175 0 0 0.0 0.0
3176 1 1  0.954 0.914
3177 1 1  0.966 0.902
3178 1 1  0.988 0.976
3179 1 1  0.991 0.958
3180 1 1  0.906 0.969
3181 1 1  0.921 0.961
3182 1 1  0.955 0.95
3183 1 1  0.925 0.981
3184 0 0 0.0 0.0
3185 0 0 0.0 0.0
3186 0 0 0.0 0.0
3187 0 0 0.0 0.0
3188 1 1  0.93 0.954
3189 1 1  0.937 0.905
3190 1 1  0.953 0.953
3191 1 1  0.946 0.947
3192 1 1  0.928 0.937
3193 1 1  0.969 0.967
3194 1 1  0.913 0.959
3195 1 1  0.995 0.958
3196 0 0 0.0 0.0
3197 0 0 0.0 0.0
3198 0 0 0.0 0.0
3199 0 0 0.0 0.0
3200 1 1  0.998 0.99
3201 1 1  0.947 0.97
3202 1 1  0.917 0.968
3203 1 1  0.932 0.911
3204 1 1  0.965 0.978
3205 1 1  1 0.911
3206 1 1  0.971 0.975
3207 1 1  0.925 0.901
3208 0 0 0.0 0.0
3209 0 0 0.0 0.0
3210 0 0 0.0 0.0
3211 0 0 0.0 0.0
3212 0 0 0.0 0.0
3213 0 0 0.0 0.0
3214 0 0 0.0 0.0
3215 0 0 0.0 0.0
3216 0 0 0.0 0.0
3217 0 0 0.0 0.0
3218 0 0 0.0 0.0
3219 0 0 0.0 0.0
3220 0 0 0.0 0.0
3221 0 0 0.0 0.0
3222 0 0 0.0 0.0
3223 0 0 0.0 0.0
3224 0 0 0.0 0.0
3225 0 0 0.0 0.0
3226 0 0 0.0 0.0
3227 0 0 0.0 0.0
3228 0 0 0.0 0.0
3229 0 0 0.0 0.0
3230 0 0 0.0 0.0
3231 0 0 0.0 0.0
3232 0 0 0.0 0.0
3233 0 0 0.0 0.0
3234 0 0 0.0 0.0
3235 0 0 0.0 0.0
3236 0 0 0.0 0.0
3237 0 0 0.0 0.0
3238 0 0 0.0 0.0
3239 0 0 0.0 0.0
3240 0 0 0.0 0.0
3241 0 0 0.0 0.0
3242 0 0 0.0 0.0
3243 0 0 0.0 0.0
3244 0 0 0.0 0.0
3245 0 0 0.0 0.0
3246 0 0 0.0 0.0
3247 0 0 0.0 0.0
3248 0 0 0.0 0.0
3249 0 0 0.0 0.0
3250 0 0 0.0 0.0
3251 0 0 0.0 0.0
3252 0 0 0.0 0.0
3253 0 0 0.0 0.0
3254 0 0 0.0 0.0
3255 0 0 0.0 0.0
3256 0 0 0.0 0.0
3257 0 0 0.0 0.0
3258 0 0 0.0 0.0
3259 0 0 0.0 0.0
3260 0 0 0.0 0.0
3261 0 0 0.0 0.0
3262 0 0 0.0 0.0
3263 0 0 0.0 0.0
3264 0 0 0.0 0.0
3265 0 0 0.0 0.0
3266 0 0 0.0 0.0
3267 0 0 0.0 0.0
3268 0 0 0.0 0.0
3269 0 0 0.0 0.0
3270 0 0 0.0 0.0
3271 0 0 0.0 0.0
3272 0 0 0.0 0.0
3273 0 0 0.0 0.0
3274 0 0 0.0 0.0
3275 0 0 0.0 0.0
3276 0 0 0.0 0.0
3277 0 0 0.0 0.0
3278 0 0 0.0 0.0
3279 0 0 0.0 0.0
3280 0 0 0.0 0.0
3281 0 0 0.0 0.0
3282 0 0 0.0 0.0
3283 0 0 0.0 0.0
3284 0 0 0.0 0.0
3285 0 0 0.0 0.0
3286 0 0 0.0 0.0
3287 0 0 0.0 0.0
3288 0 0 0.0 0.0
3289 0 0 0.0 0.0
3290 0 0 0.0 0.0
3291 0 0 0.0 0.0
3292 0 0 0.0 0.0
3293 0 0 0.0 0.0
3294 0 0 0.0 0.0
3295 0 0 0.0 0.0
3296 0 0 0.0 0.0
3297 0 0 0.0 0.0
3298 0 0 0.0 0.0
3299 0 0 0.0 0.0
3300 0 0 0.0 0.0
3301 0 0 0.0 0.0
3302 0 0 0.0 0.0
3303 0 0 0.0 0.0
3304 0 0 0.0 0.0
3305 0 0 0.0 0.0
3306 0 0 0.0 0.0
3307 0 0 0.0 0.0
3308 0 0 0.0 0.0
3309 0 0 0.0 0.0
3310 0 0 0.0 0.0
3311 0 0 0.0 0.0
3312 0 0 0.0 0.0
3313 0 0 0.0 0.0
3314 0 0 0.0 0.0
3315 0 0 0.0 0.0
3316 0 0 0.0 0.0
3317 0 0 0.0 0.0
3318 0 0 0.0 0.0
3319 0 0 0.0 0.0
3320 0 0 0.0 0.0
3321 0 0 0.0 0.0
3322 0 0 0.0 0.0
3323 0 0 0.0 0.0
3324 0 0 0.0 0.0
3325 0 0 0.0 0.0
3326 0 0 0.0 0.0
3327 0 0 0.0 0.0
3328 0 0 0.0 0.0
3329 0 0 0.0 0.0
3330 0 0 0.0 0.0
3331 0 0 0.0 0.0
3332 0 0 0.0 0.0
3333 0 0 0.0 0.0
3334 0 0 0.0 0.0
3335 0 0 0.0 0.0
3336 0 0 0.0 0.0
3337 0 0 0.0 0.0
3338 0 0 0.0 0.0
3339 0 0 0.0 0.0
3340 0 0 0.0 0.0
3341 0 0 0.0 0.0
3342 0 0 0.0 0.0
3343 0 0 0.0 0.0
3344 0 0 0.0 0.0
3345 0 0 0.0 0.0
3346 0 0 0.0 0.0
3347 0 0 0.0 0.0
3348 0 0 0.0 0.0
3349 0 0 0.0 0.0
3350 0 0 0.0 0.0
3351 0 0 0.0 0.0
3352 0 0 0.0 0.0
3353 0 0 0.0 0.0
3354 0 0 0.0 0.0
3355 0 0 0.0 0.0
3356 0 0 0.0 0.0
3357 0 0 0.0 0.0
3358 0 0 0.0 0.0
3359 0 0 0.0 0.0
3360 0 0 0.0 0.0
3361 0 0 0.0 0.0
3362 0 0 0.0 0.0
3363 0 0 0.0 0.0
3364 0 0 0.0 0.0
3365 0 0 0.0 0.0
3366 0 0 0.0 0.0
3367 0 0 0.0 0.0
3368 0 0 0.0 0.0
3369 0 0 0.0 0.0
3370 0 0 0.0 0.0
3371 0 0 0.0 0.0
3372 0 0 0.0 0.0
3373 0 0 0.0 0.0
3374 0 0 0.0 0.0
3375 0 0 0.0 0.0
3376 0 0 0.0 0.0
3377 0 0 0.0 0.0
3378 0 0 0.0 0.0
3379 0 0 0.0 0.0
3380 0 0 0.0 0.0
3381 0 0 0.0 0.0
3382 0 0 0.0 0.0
3383 0 0 0.0 0.0
3384 0 0 0.0 0.0
3385 0 0 0.0 0.0
3386 0 0 0.0 0.0
3387 0 0 0.0 0.0
3388 0 0 0.0 0.0
3389 0 0 0.0 0.0
3390 0 0 0.0 0.0
3391 0 0 0.0 0.0
3392 0 0 0.0 0.0
3393 0 0 0.0 0.0
3394 0 0 0.0 0.0
3395 0 0 0.0 0.0
3396 0 0 0.0 0.0
3397 0 0 0.0 0.0
3398 0 0 0.0 0.0
3399 0 0 0.0 0.0
3400 0 0 0.0 0.0
3401 0 0 0.0 0.0
3402 0 0 0.0 0.0
3403 0 0 0.0 0.0
3404 0 0 0.0 0.0
3405 0 0 0.0 0.0
3406 0 0 0.0 0.0
3407 0 0 0.0 0.0
3408 0 0 0.0 0.0
3409 0 0 0.0 0.0
3410 0 0 0.0 0.0
3411 0 0 0.0 0.0
3412 0 0 0.0 0.0
3413 0 0 0.0 0.0
3414 0 0 0.0 0.0
3415 0 0 0.0 0.0
3416 0 0 0.0 0.0
3417 0 0 0.0 0.0
3418 0 0 0.0 0.0
3419 0 0 0.0 0.0
3420 0 0 0.0 0.0
3421 0 0 0.0 0.0
3422 0 0 0.0 0.0
3423 0 0 0.0 0.0
3424 0 0 0.0 0.0
3425 0 0 0.0 0.0
3426 0 0 0.0 0.0
3427 0 0 0.0 0.0
3428 0 0 0.0 0.0
3429 0 0 0.0 0.0
3430 0 0 0.0 0.0
3431 0 0 0.0 0.0
3432 0 0 0.0 0.0
3433 0 0 0.0 0.0
3434 0 0 0.0 0.0
3435 0 0 0.0 0.0
3436 0 0 0.0 0.0
3437 0 0 0.0 0.0
3438 0 0 0.0 0.0
3439 0 0 0.0 0.0
3440 0 0 0.0 0.0
3441 0 0 0.0 0.0
3442 0 0 0.0 0.0
3443 0 0 0.0 0.0
3444 0 0 0.0 0.0
3445 0 0 0.0 0.0
3446 0 0 0.0 0.0
3447 0 0 0.0 0.0
3448 0 0 0.0 0.0
3449 0 0 0.0 0.0
3450 0 0 0.0 0.0
3451 0 0 0.0 0.0
3452 0 0 0.0 0.0
3453 0 0 0.0 0.0
3454 0 0 0.0 0.0
3455 0 0 0.0 0.0
3456 0 0 0.0 0.0
3457 0 0 0.0 0.0
3458 0 0 0.0 0.0
3459 0 0 0.0 0.0
3460 0 0 0.0 0.0
3461 0 0 0.0 0.0
3462 0 0 0.0 0.0
3463 0 0 0.0 0.0
3464 0 0 0.0 0.0
3465 0 0 0.0 0.0
3466 0 0 0.0 0.0
3467 0 0 0.0 0.0
3468 0 0 0.0 0.0
3469 0 0 0.0 0.0
3470 0 0 0.0 0.0
3471 0 0 0.0 0.0
3472 0 0 0.0 0.0
3473 0 0 0.0 0.0
3474 0 0 0.0 0.0
3475 0 0 0.0 0.0
3476 0 0 0.0 0.0
3477 0 0 0.0 0.0
3478 0 0 0.0 0.0
3479 0 0 0.0 0.0
3480 0 0 0.0 0.0
3481 0 0 0.0 0.0
3482 0 0 0.0 0.0
3483 0 0 0.0 0.0
3484 0 0 0.0 0.0
3485 0 0 0.0 0.0
3486 0 0 0.0 0.0
3487 0 0 0.0 0.0
3488 0 0 0.0 0.0
3489 0 0 0.0 0.0
3490 0 0 0.0 0.0
3491 0 0 0.0 0.0
3492 0 0 0.0 0.0
3493 0 0 0.0 0.0
3494 0 0 0.0 0.0
3495 0 0 0.0 0.0
3496 0 0 0.0 0.0
3497 0 0 0.0 0.0
3498 0 0 0.0 0.0
3499 0 0 0.0 0.0
3500 0 0 0.0 0.0
3501 0 0 0.0 0.0
3502 0 0 0.0 0.0
3503 0 0 0.0 0.0
3504 0 0 0.0 0.0
3505 0 0 0.0 0.0
3506 0 0 0.0 0.0
3507 0 0 0.0 0.0
3508 0 0 0.0 0.0
3509 0 0 0.0 0.0
3510 0 0 0.0 0.0
3511 0 0 0.0 0.0
3512 0 0 0.0 0.0
3513 0 0 0.0 0.0
3514 0 0 0.0 0.0
3515 0 0 0.0 0.0
3516 0 0 0.0 0.0
3517 0 0 0.0 0.0
3518 0 0 0.0 0.0
3519 0 0 0.0 0.0
3520 0 0 0.0 0.0
3521 0 0 0.0 0.0
3522 0 0 0.0 0.0
3523 0 0 0.0 0.0
3524 0 0 0.0 0.0
3525 0 0 0.0 0.0
3526 0 0 0.0 0.0
3527 0 0 0.0 0.0
3528 0 0 0.0 0.0
3529 0 0 0.0 0.0
3530 0 0 0.0 0.0
3531 0 0 0.0 0.0
3532 0 0 0.0 0.0
3533 0 0 0.0 0.0
3534 0 0 0.0 0.0
3535 0 0 0.0 0.0
3536 0 0 0.0 0.0
3537 0 0 0.0 0.0
3538 0 0 0.0 0.0
3539 0 0 0.0 0.0
3540 0 0 0.0 0.0
3541 0 0 0.0 0.0
3542 0 0 0.0 0.0
3543 0 0 0.0 0.0
3544 0 0 0.0 0.0
3545 0 0 0.0 0.0
3546 0 0 0.0 0.0
3547 0 0 0.0 0.0
3548 0 0 0.0 0.0
3549 0 0 0.0 0.0
3550 0 0 0.0 0.0
3551 0 0 0.0 0.0
3552 0 0 0.0 0.0
3553 0 0 0.0 0.0
3554 0 0 0.0 0.0
3555 0 0 0.0 0.0
3556 0 0 0.0 0.0
3557 0 0 0.0 0.0
3558 0 0 0.0 0.0
3559 0 0 0.0 0.0
3560 0 0 0.0 0.0
3561 0 0 0.0 0.0
3562 0 0 0.0 0.0
3563 0 0 0.0 0.0
3564 0 0 0.0 0.0
