1 0 0 0.0 0.0
2 1 1  0.964 0.934
3 1 1  0.934 0.943
4 1 1  0.943 0.912
5 1 1  0.911 0.961
6 1 1  0.968 0.941
7 1 1  0.982 1
8 1 1  0.942 0.96
9 1 1  0.981 0.912
10 1 1  0.961 0.947
11 1 1  0.928 0.911
12 1 1  0.973 0.965
13 1 1  0.976 0.929
14 0 0 0.0 0.0
15 0 0 0.0 0.0
16 0 0 0.0 0.0
17 0 0 0.0 0.0
18 0 0 0.0 0.0
19 0 0 0.0 0.0
20 0 0 0.0 0.0
21 0 0 0.0 0.0
22 0 0 0.0 0.0
23 0 0 0.0 0.0
24 0 0 0.0 0.0
25 0 0 0.0 0.0
26 0 0 0.0 0.0
27 0 0 0.0 0.0
28 0 0 0.0 0.0
29 0 0 0.0 0.0
30 0 0 0.0 0.0
31 0 0 0.0 0.0
32 0 0 0.0 0.0
33 0 0 0.0 0.0
34 0 0 0.0 0.0
35 0 0 0.0 0.0
36 0 0 0.0 0.0
37 0 0 0.0 0.0
38 0 0 0.0 0.0
39 0 0 0.0 0.0
40 0 0 0.0 0.0
41 0 0 0.0 0.0
42 0 0 0.0 0.0
43 0 0 0.0 0.0
44 0 0 0.0 0.0
45 0 0 0.0 0.0
46 0 0 0.0 0.0
47 0 0 0.0 0.0
48 0 0 0.0 0.0
49 0 0 0.0 0.0
50 0 0 0.0 0.0
51 0 0 0.0 0.0
52 0 0 0.0 0.0
53 0 0 0.0 0.0
54 0 0 0.0 0.0
55 0 0 0.0 0.0
56 0 0 0.0 0.0
57 0 0 0.0 0.0
58 0 0 0.0 0.0
59 0 0 0.0 0.0
60 0 0 0.0 0.0
61 0 0 0.0 0.0
62 0 0 0.0 0.0
63 1 1  0.978 0.944
64 1 1  0.964 0.98
65 1 1  0.949 0.939
66 1 1  0.979 0.961
67 1 1  0.985 0.953
68 1 1  0.95 0.995
69 1 1  0.931 0.908
70 1 1  0.986 0.902
71 1 1  0.946 0.95
72 1 1  0.961 0.992
73 1 1  0.936 0.989
74 1 1  0.941 0.986
75 0 0 0.0 0.0
76 0 0 0.0 0.0
77 0 0 0.0 0.0
78 0 0 0.0 0.0
79 0 0 0.0 0.0
80 0 0 0.0 0.0
81 0 0 0.0 0.0
82 0 0 0.0 0.0
83 0 0 0.0 0.0
84 0 0 0.0 0.0
85 0 0 0.0 0.0
86 0 0 0.0 0.0
87 0 0 0.0 0.0
88 0 0 0.0 0.0
89 0 0 0.0 0.0
90 0 0 0.0 0.0
91 0 0 0.0 0.0
92 0 0 0.0 0.0
93 0 0 0.0 0.0
94 0 0 0.0 0.0
95 0 0 0.0 0.0
96 0 0 0.0 0.0
97 0 0 0.0 0.0
98 0 0 0.0 0.0
99 0 0 0.0 0.0
100 0 0 0.0 0.0
101 0 0 0.0 0.0
102 0 0 0.0 0.0
103 0 0 0.0 0.0
104 0 0 0.0 0.0
105 0 0 0.0 0.0
106 0 0 0.0 0.0
107 0 0 0.0 0.0
108 0 0 0.0 0.0
109 0 0 0.0 0.0
110 0 0 0.0 0.0
111 0 0 0.0 0.0
112 1 1  0.978 0.961
113 1 1  0.963 0.943
114 1 1  0.922 0.919
115 1 1  0.926 0.92
116 1 1  0.936 0.902
117 1 1  0.953 0.989
118 1 1  0.917 0.915
119 1 1  0.988 0.967
120 1 1  0.99 0.907
121 1 1  0.911 0.914
122 1 1  0.922 0.985
123 1 1  0.999 0.956
124 1 1  0.909 0.985
125 1 1  0.974 0.931
126 1 1  0.987 0.927
127 1 1  0.969 0.982
128 1 1  0.926 0.901
129 1 1  0.928 0.933
130 1 1  0.955 0.986
131 1 1  0.969 0.931
132 1 1  0.99 0.957
133 1 1  0.958 0.917
134 1 1  0.909 0.949
135 1 1  0.931 0.939
136 1 1  0.908 0.933
137 1 1  0.921 0.996
138 1 1  0.98 0.915
139 1 1  0.937 0.961
140 1 1  0.924 0.911
141 1 1  0.932 0.948
142 1 1  0.99 0.944
143 1 1  0.905 0.923
144 1 1  0.917 0.982
145 1 1  0.96 0.975
146 1 1  0.942 0.997
147 1 1  0.937 0.983
148 1 1  0.981 0.923
149 1 1  1 0.962
150 1 1  0.99 0.908
151 1 1  0.987 0.904
152 1 1  0.95 0.984
153 1 1  0.94 0.97
154 1 1  0.928 0.948
155 1 1  0.974 0.937
156 1 1  0.958 0.926
157 1 1  0.964 0.993
158 1 1  0.914 0.984
159 1 1  0.932 0.96
160 1 1  0.953 0.901
161 1 1  0.949 0.965
162 1 1  0.982 0.927
163 1 1  0.974 0.916
164 1 1  0.923 0.963
165 1 1  0.937 0.906
166 1 1  0.939 0.94
167 1 1  0.931 0.956
168 1 1  0.971 0.95
169 1 1  0.912 0.928
170 1 1  0.93 0.933
171 1 1  0.973 0.964
172 1 1  0.967 0.977
173 1 1  0.995 0.955
174 1 1  0.924 0.973
175 1 1  0.921 0.941
176 1 1  0.971 0.937
177 1 1  0.944 0.916
178 1 1  0.963 0.993
179 1 1  0.926 0.959
180 1 1  0.985 0.98
181 1 1  0.92 0.921
182 1 1  0.956 0.97
183 1 1  0.962 0.908
184 0 0 0.0 0.0
185 0 0 0.0 0.0
186 0 0 0.0 0.0
187 0 0 0.0 0.0
188 0 0 0.0 0.0
189 0 0 0.0 0.0
190 0 0 0.0 0.0
191 0 0 0.0 0.0
192 0 0 0.0 0.0
193 0 0 0.0 0.0
194 0 0 0.0 0.0
195 0 0 0.0 0.0
196 0 0 0.0 0.0
197 0 0 0.0 0.0
198 0 0 0.0 0.0
199 0 0 0.0 0.0
200 0 0 0.0 0.0
201 0 0 0.0 0.0
202 0 0 0.0 0.0
203 0 0 0.0 0.0
204 0 0 0.0 0.0
205 0 0 0.0 0.0
206 0 0 0.0 0.0
207 0 0 0.0 0.0
208 0 0 0.0 0.0
209 0 0 0.0 0.0
210 0 0 0.0 0.0
211 0 0 0.0 0.0
212 0 0 0.0 0.0
213 0 0 0.0 0.0
214 0 0 0.0 0.0
215 0 0 0.0 0.0
216 0 0 0.0 0.0
217 0 0 0.0 0.0
218 0 0 0.0 0.0
219 0 0 0.0 0.0
220 0 0 0.0 0.0
221 1 1  0.99 0.946
222 1 1  0.966 0.927
223 1 1  0.933 0.9
224 1 1  0.954 0.928
225 1 1  0.973 0.948
226 1 1  0.985 0.963
227 1 1  0.976 0.903
228 1 1  0.95 0.958
229 1 1  0.951 0.935
230 1 1  0.944 0.951
231 1 1  1 0.934
232 1 1  0.902 0.962
233 1 1  0.953 0.901
234 1 1  0.925 0.958
235 1 1  0.943 0.973
236 1 1  0.908 0.933
237 1 1  1 0.986
238 1 1  0.989 0.971
239 1 1  0.997 0.932
240 1 1  0.946 0.951
241 1 1  0.91 0.916
242 1 1  0.953 0.955
243 1 1  0.981 0.991
244 1 1  0.995 0.962
245 1 1  0.915 0.963
246 1 1  0.967 0.965
247 1 1  0.947 0.958
248 1 1  0.907 0.917
249 1 1  0.963 0.917
250 1 1  0.961 0.906
251 1 1  0.958 0.916
252 1 1  0.906 0.963
253 1 1  0.94 0.922
254 1 1  0.984 0.958
255 1 1  0.993 0.999
256 1 1  0.911 0.986
257 1 1  0.943 0.995
258 1 1  0.968 0.927
259 1 1  0.953 0.912
260 1 1  0.993 0.962
261 1 1  0.986 0.936
262 1 1  0.981 0.97
263 1 1  0.985 0.976
264 1 1  0.956 0.939
265 1 1  0.911 0.913
266 1 1  0.952 0.924
267 1 1  0.95 0.981
268 1 1  0.96 0.974
269 1 1  0.953 0.963
270 1 1  0.992 0.918
271 1 1  0.979 0.977
272 1 1  0.937 0.902
273 1 1  0.97 0.941
274 1 1  0.926 0.956
275 1 1  0.925 0.906
276 1 1  0.992 0.992
277 1 1  0.931 0.929
278 1 1  0.924 0.912
279 1 1  0.987 1
280 1 1  0.958 0.931
281 1 1  0.936 0.966
282 1 1  0.999 0.957
283 1 1  0.96 0.965
284 1 1  0.962 0.943
285 1 1  0.911 0.966
286 1 1  0.994 0.909
287 1 1  0.949 0.932
288 1 1  0.918 0.924
289 1 1  0.989 0.942
290 1 1  0.988 0.997
291 1 1  0.945 0.965
292 1 1  0.96 0.955
293 0 0 0.0 0.0
294 0 0 0.0 0.0
295 0 0 0.0 0.0
296 0 0 0.0 0.0
297 0 0 0.0 0.0
298 0 0 0.0 0.0
299 0 0 0.0 0.0
300 0 0 0.0 0.0
301 0 0 0.0 0.0
302 0 0 0.0 0.0
303 0 0 0.0 0.0
304 0 0 0.0 0.0
305 0 0 0.0 0.0
306 0 0 0.0 0.0
307 0 0 0.0 0.0
308 0 0 0.0 0.0
309 0 0 0.0 0.0
310 0 0 0.0 0.0
311 0 0 0.0 0.0
312 0 0 0.0 0.0
313 0 0 0.0 0.0
314 0 0 0.0 0.0
315 0 0 0.0 0.0
316 0 0 0.0 0.0
317 0 0 0.0 0.0
318 0 0 0.0 0.0
319 0 0 0.0 0.0
320 0 0 0.0 0.0
321 0 0 0.0 0.0
322 0 0 0.0 0.0
323 0 0 0.0 0.0
324 0 0 0.0 0.0
325 0 0 0.0 0.0
326 0 0 0.0 0.0
327 0 0 0.0 0.0
328 0 0 0.0 0.0
329 0 0 0.0 0.0
330 1 1  0.978 0.951
331 1 1  0.99 0.959
332 1 1  0.95 0.922
333 1 1  0.978 0.926
334 1 1  0.982 0.916
335 1 1  0.906 0.913
336 1 1  0.908 0.943
337 1 1  0.905 0.981
338 1 1  0.918 0.907
339 1 1  0.989 0.902
340 1 1  0.958 0.994
341 1 1  0.998 0.968
342 1 1  0.945 0.981
343 1 1  0.905 0.958
344 1 1  0.94 0.987
345 1 1  0.983 0.945
346 1 1  0.903 0.904
347 1 1  0.995 0.969
348 1 1  0.911 0.964
349 1 1  0.969 0.995
350 1 1  0.929 0.92
351 1 1  0.993 0.933
352 1 1  0.943 0.921
353 1 1  0.96 0.938
354 1 1  0.99 0.923
355 1 1  0.942 0.928
356 1 1  0.922 0.988
357 1 1  0.997 0.933
358 1 1  0.955 0.968
359 1 1  0.911 0.942
360 1 1  0.967 0.913
361 1 1  0.929 0.938
362 1 1  0.998 0.914
363 1 1  0.912 0.932
364 1 1  0.934 0.909
365 1 1  0.99 0.939
366 1 1  0.903 0.971
367 1 1  0.977 0.917
368 1 1  0.98 0.951
369 1 1  0.928 0.984
370 1 1  0.906 0.927
371 1 1  0.916 0.914
372 1 1  0.993 0.952
373 1 1  0.906 0.986
374 1 1  0.903 0.957
375 1 1  0.994 0.974
376 1 1  0.924 0.935
377 1 1  0.991 0.964
378 1 1  0.914 0.932
379 1 1  0.992 0.985
380 1 1  0.972 0.9
381 1 1  0.987 0.948
382 1 1  0.964 0.902
383 1 1  0.928 0.939
384 1 1  0.902 0.936
385 1 1  0.972 0.969
386 1 1  0.938 0.905
387 1 1  0.969 0.981
388 1 1  0.91 0.928
389 1 1  0.963 0.905
390 1 1  0.911 0.926
391 1 1  0.941 0.998
392 1 1  0.95 0.978
393 1 1  0.903 0.951
394 1 1  0.968 0.918
395 1 1  0.944 0.905
396 1 1  0.904 0.918
397 1 1  0.951 0.946
398 1 1  0.959 0.958
399 1 1  0.905 0.93
400 1 1  0.943 0.988
401 1 1  0.923 0.954
402 0 0 0.0 0.0
403 0 0 0.0 0.0
404 0 0 0.0 0.0
405 0 0 0.0 0.0
406 0 0 0.0 0.0
407 0 0 0.0 0.0
408 0 0 0.0 0.0
409 0 0 0.0 0.0
410 0 0 0.0 0.0
411 0 0 0.0 0.0
412 0 0 0.0 0.0
413 0 0 0.0 0.0
414 0 0 0.0 0.0
415 0 0 0.0 0.0
416 0 0 0.0 0.0
417 0 0 0.0 0.0
418 0 0 0.0 0.0
419 0 0 0.0 0.0
420 0 0 0.0 0.0
421 0 0 0.0 0.0
422 0 0 0.0 0.0
423 0 0 0.0 0.0
424 0 0 0.0 0.0
425 0 0 0.0 0.0
426 0 0 0.0 0.0
427 0 0 0.0 0.0
428 0 0 0.0 0.0
429 0 0 0.0 0.0
430 0 0 0.0 0.0
431 0 0 0.0 0.0
432 0 0 0.0 0.0
433 0 0 0.0 0.0
434 0 0 0.0 0.0
435 0 0 0.0 0.0
436 0 0 0.0 0.0
437 0 0 0.0 0.0
438 0 0 0.0 0.0
439 1 1  0.951 0.982
440 1 1  0.93 0.926
441 1 1  0.919 0.925
442 1 1  0.903 0.907
443 1 1  0.987 0.946
444 1 1  0.96 0.95
445 1 1  0.988 0.96
446 1 1  0.936 0.944
447 1 1  0.944 0.997
448 1 1  0.908 0.973
449 1 1  0.948 0.934
450 1 1  0.963 0.996
451 1 1  0.961 0.942
452 1 1  0.961 0.94
453 1 1  0.945 0.987
454 1 1  0.955 0.916
455 1 1  0.986 0.963
456 1 1  0.956 0.976
457 1 1  0.982 0.959
458 1 1  0.975 0.951
459 1 1  0.947 0.914
460 1 1  0.97 0.901
461 1 1  0.935 0.923
462 1 1  0.96 0.999
463 1 1  0.951 0.987
464 1 1  0.987 0.917
465 1 1  0.948 0.939
466 1 1  0.995 0.994
467 1 1  0.978 0.945
468 1 1  0.927 0.973
469 1 1  0.985 0.995
470 1 1  0.945 0.932
471 1 1  0.908 0.955
472 1 1  0.953 0.915
473 1 1  0.943 0.97
474 1 1  0.948 0.912
475 1 1  0.91 0.962
476 1 1  0.977 0.987
477 1 1  0.953 0.947
478 1 1  0.987 0.952
479 1 1  0.967 0.905
480 1 1  0.964 0.928
481 1 1  0.937 0.942
482 1 1  0.902 0.931
483 1 1  0.933 0.942
484 1 1  0.97 0.993
485 1 1  0.987 0.95
486 1 1  0.998 0.936
487 1 1  0.936 0.956
488 1 1  0.977 0.989
489 1 1  0.982 0.908
490 1 1  0.979 0.929
491 1 1  0.97 0.95
492 1 1  0.917 0.901
493 1 1  0.97 0.926
494 1 1  0.993 0.967
495 1 1  0.954 0.947
496 1 1  0.991 0.951
497 1 1  0.975 0.951
498 1 1  0.98 0.929
499 1 1  0.93 0.965
500 1 1  0.925 0.913
501 1 1  0.998 0.943
502 1 1  0.954 0.95
503 1 1  0.946 0.925
504 1 1  0.916 0.982
505 1 1  0.939 0.998
506 1 1  0.962 0.937
507 1 1  0.947 0.922
508 1 1  0.976 0.967
509 1 1  0.944 0.932
510 1 1  0.904 0.95
511 0 0 0.0 0.0
512 0 0 0.0 0.0
513 0 0 0.0 0.0
514 0 0 0.0 0.0
515 0 0 0.0 0.0
516 0 0 0.0 0.0
517 0 0 0.0 0.0
518 0 0 0.0 0.0
519 0 0 0.0 0.0
520 0 0 0.0 0.0
521 0 0 0.0 0.0
522 0 0 0.0 0.0
523 0 0 0.0 0.0
524 0 0 0.0 0.0
525 0 0 0.0 0.0
526 0 0 0.0 0.0
527 0 0 0.0 0.0
528 0 0 0.0 0.0
529 0 0 0.0 0.0
530 0 0 0.0 0.0
531 0 0 0.0 0.0
532 0 0 0.0 0.0
533 0 0 0.0 0.0
534 0 0 0.0 0.0
535 0 0 0.0 0.0
536 0 0 0.0 0.0
537 0 0 0.0 0.0
538 0 0 0.0 0.0
539 0 0 0.0 0.0
540 0 0 0.0 0.0
541 0 0 0.0 0.0
542 0 0 0.0 0.0
543 0 0 0.0 0.0
544 0 0 0.0 0.0
545 0 0 0.0 0.0
546 0 0 0.0 0.0
547 0 0 0.0 0.0
548 1 1  0.948 0.946
549 1 1  0.953 0.952
550 1 1  0.958 0.922
551 1 1  0.906 0.958
552 1 1  0.981 0.953
553 1 1  0.901 0.957
554 1 1  0.949 0.962
555 1 1  0.969 0.989
556 1 1  0.95 0.925
557 1 1  0.937 0.976
558 1 1  0.917 0.986
559 1 1  0.954 0.961
560 1 1  0.902 0.944
561 1 1  0.985 0.987
562 1 1  0.908 0.948
563 1 1  0.966 0.948
564 1 1  0.923 0.999
565 1 1  0.905 0.958
566 1 1  0.91 0.988
567 1 1  0.94 0.919
568 1 1  0.923 0.98
569 1 1  0.969 0.988
570 1 1  0.981 0.911
571 1 1  0.965 0.947
572 1 1  0.948 0.938
573 1 1  0.914 0.975
574 1 1  0.95 0.944
575 1 1  0.972 0.995
576 1 1  0.938 0.918
577 1 1  0.99 0.967
578 1 1  0.99 0.973
579 1 1  0.986 0.917
580 1 1  0.936 0.973
581 1 1  0.989 0.974
582 1 1  0.942 0.962
583 1 1  0.922 0.912
584 1 1  0.996 0.946
585 1 1  0.913 0.926
586 1 1  0.955 0.906
587 1 1  0.964 0.952
588 1 1  0.955 0.964
589 1 1  0.927 0.907
590 1 1  0.961 0.968
591 1 1  0.965 0.955
592 1 1  0.973 0.966
593 1 1  0.999 0.91
594 1 1  0.905 0.91
595 1 1  0.952 0.964
596 1 1  0.938 0.988
597 1 1  0.92 0.975
598 1 1  0.992 0.914
599 1 1  0.924 0.972
600 1 1  0.903 0.96
601 1 1  0.968 0.926
602 1 1  0.931 0.95
603 1 1  0.991 0.998
604 1 1  0.906 0.98
605 1 1  0.943 0.91
606 1 1  0.98 0.939
607 1 1  0.964 0.999
608 1 1  0.983 0.992
609 1 1  1 0.99
610 1 1  0.922 0.92
611 1 1  0.92 0.97
612 1 1  0.967 0.97
613 1 1  0.954 0.971
614 1 1  0.935 0.919
615 1 1  0.991 0.982
616 1 1  0.948 0.983
617 1 1  0.925 0.944
618 1 1  0.927 0.973
619 1 1  0.952 0.952
620 0 0 0.0 0.0
621 0 0 0.0 0.0
622 0 0 0.0 0.0
623 0 0 0.0 0.0
624 0 0 0.0 0.0
625 0 0 0.0 0.0
626 0 0 0.0 0.0
627 0 0 0.0 0.0
628 0 0 0.0 0.0
629 0 0 0.0 0.0
630 0 0 0.0 0.0
631 0 0 0.0 0.0
632 0 0 0.0 0.0
633 0 0 0.0 0.0
634 0 0 0.0 0.0
635 0 0 0.0 0.0
636 0 0 0.0 0.0
637 0 0 0.0 0.0
638 0 0 0.0 0.0
639 0 0 0.0 0.0
640 0 0 0.0 0.0
641 0 0 0.0 0.0
642 0 0 0.0 0.0
643 0 0 0.0 0.0
644 0 0 0.0 0.0
645 0 0 0.0 0.0
646 0 0 0.0 0.0
647 0 0 0.0 0.0
648 0 0 0.0 0.0
649 0 0 0.0 0.0
650 0 0 0.0 0.0
651 0 0 0.0 0.0
652 0 0 0.0 0.0
653 0 0 0.0 0.0
654 0 0 0.0 0.0
655 0 0 0.0 0.0
656 0 0 0.0 0.0
657 1 1  0.933 0.992
658 1 1  0.964 0.978
659 1 1  0.949 0.962
660 1 1  0.905 0.931
661 1 1  0.925 0.92
662 1 1  0.958 0.902
663 1 1  0.912 0.961
664 1 1  0.986 0.983
665 1 1  0.913 0.982
666 1 1  0.921 0.95
667 1 1  0.971 0.992
668 1 1  0.95 0.963
669 1 1  0.943 0.952
670 1 1  0.916 0.968
671 1 1  0.945 0.958
672 1 1  0.991 0.934
673 1 1  0.919 0.946
674 1 1  0.955 0.995
675 1 1  0.993 0.984
676 1 1  0.925 0.979
677 1 1  0.936 0.905
678 1 1  0.984 0.981
679 1 1  0.964 0.99
680 1 1  0.924 0.987
681 1 1  0.957 0.927
682 1 1  0.944 0.993
683 1 1  0.99 0.984
684 1 1  0.993 0.934
685 1 1  0.992 0.986
686 1 1  0.967 0.93
687 1 1  0.983 0.936
688 1 1  0.92 0.977
689 1 1  0.924 0.925
690 1 1  0.943 0.937
691 1 1  0.973 0.98
692 1 1  0.94 0.939
693 1 1  0.902 0.919
694 1 1  0.981 0.901
695 1 1  0.978 0.951
696 1 1  0.909 0.947
697 1 1  0.99 0.933
698 1 1  0.927 0.965
699 1 1  0.904 0.96
700 1 1  0.945 0.953
701 1 1  0.95 0.952
702 1 1  0.936 0.99
703 1 1  0.912 0.954
704 1 1  0.919 0.959
705 1 1  0.99 0.916
706 1 1  0.999 0.95
707 1 1  0.909 0.92
708 1 1  0.991 0.909
709 1 1  0.906 0.911
710 1 1  0.963 0.949
711 1 1  0.936 0.934
712 1 1  1 0.928
713 1 1  0.999 0.906
714 1 1  0.917 0.983
715 1 1  0.965 0.956
716 1 1  0.992 0.93
717 1 1  0.958 0.918
718 1 1  0.919 0.997
719 1 1  0.934 0.926
720 1 1  0.923 0.906
721 1 1  0.918 0.95
722 1 1  0.983 0.907
723 1 1  0.981 0.91
724 1 1  0.964 0.982
725 1 1  0.949 0.949
726 1 1  0.952 0.969
727 1 1  0.944 0.905
728 1 1  0.916 0.99
729 0 0 0.0 0.0
730 0 0 0.0 0.0
731 0 0 0.0 0.0
732 0 0 0.0 0.0
733 0 0 0.0 0.0
734 0 0 0.0 0.0
735 0 0 0.0 0.0
736 0 0 0.0 0.0
737 0 0 0.0 0.0
738 0 0 0.0 0.0
739 0 0 0.0 0.0
740 0 0 0.0 0.0
741 0 0 0.0 0.0
742 0 0 0.0 0.0
743 0 0 0.0 0.0
744 0 0 0.0 0.0
745 0 0 0.0 0.0
746 0 0 0.0 0.0
747 0 0 0.0 0.0
748 0 0 0.0 0.0
749 0 0 0.0 0.0
750 0 0 0.0 0.0
751 0 0 0.0 0.0
752 0 0 0.0 0.0
753 0 0 0.0 0.0
754 0 0 0.0 0.0
755 0 0 0.0 0.0
756 0 0 0.0 0.0
757 0 0 0.0 0.0
758 0 0 0.0 0.0
759 0 0 0.0 0.0
760 0 0 0.0 0.0
761 0 0 0.0 0.0
762 0 0 0.0 0.0
763 0 0 0.0 0.0
764 0 0 0.0 0.0
765 0 0 0.0 0.0
766 0 0 0.0 0.0
767 0 0 0.0 0.0
768 0 0 0.0 0.0
769 0 0 0.0 0.0
770 0 0 0.0 0.0
771 0 0 0.0 0.0
772 0 0 0.0 0.0
773 0 0 0.0 0.0
774 0 0 0.0 0.0
775 0 0 0.0 0.0
776 0 0 0.0 0.0
777 0 0 0.0 0.0
778 0 0 0.0 0.0
779 0 0 0.0 0.0
780 0 0 0.0 0.0
781 0 0 0.0 0.0
782 0 0 0.0 0.0
783 0 0 0.0 0.0
784 0 0 0.0 0.0
785 0 0 0.0 0.0
786 0 0 0.0 0.0
787 1 1  0.938 0.96
788 1 1  0.945 0.954
789 1 1  0.949 1
790 1 1  0.998 0.912
791 1 1  0.953 0.976
792 1 1  0.932 0.924
793 1 1  0.914 0.948
794 1 1  0.969 0.979
795 1 1  0.922 0.924
796 1 1  0.973 0.931
797 1 1  0.902 0.902
798 1 1  0.994 0.926
799 1 1  0.95 0.927
800 1 1  0.946 0.991
801 1 1  0.949 0.916
802 1 1  0.973 0.957
803 1 1  0.963 0.922
804 1 1  0.939 0.997
805 1 1  0.922 0.917
806 1 1  0.987 0.951
807 1 1  0.951 0.942
808 1 1  0.967 0.978
809 1 1  0.982 1
810 1 1  0.931 0.927
811 1 1  0.956 0.992
812 1 1  0.969 0.905
813 1 1  0.971 0.989
814 1 1  0.936 0.936
815 1 1  0.913 0.951
816 1 1  0.969 0.919
817 1 1  0.937 0.99
818 1 1  0.903 0.962
819 1 1  0.95 0.913
820 1 1  0.912 0.928
821 1 1  0.971 0.908
822 1 1  0.905 0.939
823 1 1  0.906 0.932
824 1 1  0.93 0.983
825 1 1  0.92 0.911
826 1 1  0.922 0.92
827 1 1  0.916 0.932
828 1 1  0.967 0.947
829 1 1  0.996 0.967
830 1 1  0.911 0.955
831 1 1  0.976 0.906
832 1 1  0.983 0.913
833 1 1  0.998 0.977
834 1 1  0.944 0.965
835 1 1  0.987 0.905
836 1 1  0.929 0.93
837 1 1  0.922 1
838 1 1  0.957 0.922
839 1 1  0.947 0.906
840 1 1  0.943 0.943
841 1 1  0.913 0.912
842 1 1  0.973 0.957
843 1 1  0.922 0.991
844 1 1  0.908 0.965
845 1 1  0.992 0.974
846 1 1  0.933 0.977
847 1 1  0.933 0.985
848 1 1  0.99 0.931
849 1 1  0.972 0.991
850 1 1  0.912 0.949
851 1 1  0.937 0.949
852 1 1  0.944 0.994
853 1 1  0.927 0.972
854 1 1  0.914 0.987
855 1 1  0.982 0.996
856 1 1  0.93 0.977
857 1 1  0.984 0.95
858 1 1  0.992 0.949
859 0 0 0.0 0.0
860 0 0 0.0 0.0
861 0 0 0.0 0.0
862 0 0 0.0 0.0
863 0 0 0.0 0.0
864 0 0 0.0 0.0
865 0 0 0.0 0.0
866 0 0 0.0 0.0
867 0 0 0.0 0.0
868 0 0 0.0 0.0
869 0 0 0.0 0.0
870 0 0 0.0 0.0
871 0 0 0.0 0.0
872 0 0 0.0 0.0
873 0 0 0.0 0.0
874 0 0 0.0 0.0
875 0 0 0.0 0.0
876 0 0 0.0 0.0
877 0 0 0.0 0.0
878 0 0 0.0 0.0
879 0 0 0.0 0.0
880 0 0 0.0 0.0
881 0 0 0.0 0.0
882 0 0 0.0 0.0
883 0 0 0.0 0.0
884 0 0 0.0 0.0
885 0 0 0.0 0.0
886 0 0 0.0 0.0
887 0 0 0.0 0.0
888 0 0 0.0 0.0
889 0 0 0.0 0.0
890 0 0 0.0 0.0
891 0 0 0.0 0.0
892 0 0 0.0 0.0
893 0 0 0.0 0.0
894 0 0 0.0 0.0
895 0 0 0.0 0.0
896 1 1  0.966 0.999
897 1 1  0.91 0.988
898 1 1  0.961 0.909
899 1 1  0.907 0.925
900 1 1  0.931 0.908
901 1 1  0.902 0.954
902 1 1  0.966 0.914
903 1 1  0.936 0.99
904 1 1  0.981 0.98
905 1 1  0.912 0.934
906 1 1  0.924 0.961
907 1 1  0.905 0.928
908 1 1  0.99 0.904
909 1 1  0.974 0.926
910 1 1  0.998 0.99
911 1 1  0.988 0.97
912 1 1  0.944 0.968
913 1 1  0.965 0.963
914 1 1  0.938 0.916
915 1 1  0.998 0.998
916 1 1  0.941 0.904
917 1 1  0.981 0.98
918 1 1  0.948 0.983
919 1 1  0.981 0.998
920 1 1  0.929 0.901
921 1 1  0.981 0.98
922 1 1  0.974 0.936
923 1 1  0.973 0.982
924 1 1  0.971 0.977
925 1 1  0.95 0.941
926 1 1  0.943 0.979
927 1 1  0.977 0.998
928 1 1  0.957 0.955
929 1 1  0.92 0.943
930 1 1  0.914 0.952
931 1 1  0.984 0.998
932 1 1  0.905 0.974
933 1 1  0.966 0.902
934 1 1  0.916 0.946
935 1 1  0.937 0.94
936 1 1  0.917 0.934
937 1 1  0.957 0.943
938 1 1  0.976 0.954
939 1 1  0.911 0.942
940 1 1  0.988 0.954
941 1 1  0.931 0.942
942 1 1  0.988 0.901
943 1 1  0.965 0.914
944 1 1  0.991 0.906
945 1 1  0.921 0.933
946 1 1  0.943 0.927
947 1 1  0.979 0.933
948 1 1  0.958 0.928
949 1 1  0.961 0.952
950 1 1  0.941 1
951 1 1  0.988 0.933
952 1 1  0.967 0.953
953 1 1  0.938 0.956
954 1 1  0.955 0.981
955 1 1  0.977 0.946
956 1 1  0.973 0.994
957 1 1  0.972 0.953
958 1 1  0.912 0.99
959 1 1  0.9 0.988
960 1 1  0.964 0.973
961 1 1  0.948 0.924
962 1 1  0.91 0.918
963 1 1  0.929 0.987
964 1 1  0.926 0.996
965 1 1  0.912 0.923
966 1 1  0.987 0.991
967 1 1  0.951 0.915
968 0 0 0.0 0.0
969 0 0 0.0 0.0
970 0 0 0.0 0.0
971 0 0 0.0 0.0
972 0 0 0.0 0.0
973 0 0 0.0 0.0
974 0 0 0.0 0.0
975 0 0 0.0 0.0
976 0 0 0.0 0.0
977 0 0 0.0 0.0
978 0 0 0.0 0.0
979 0 0 0.0 0.0
980 0 0 0.0 0.0
981 0 0 0.0 0.0
982 0 0 0.0 0.0
983 0 0 0.0 0.0
984 0 0 0.0 0.0
985 0 0 0.0 0.0
986 0 0 0.0 0.0
987 0 0 0.0 0.0
988 0 0 0.0 0.0
989 0 0 0.0 0.0
990 0 0 0.0 0.0
991 0 0 0.0 0.0
992 0 0 0.0 0.0
993 0 0 0.0 0.0
994 0 0 0.0 0.0
995 0 0 0.0 0.0
996 0 0 0.0 0.0
997 0 0 0.0 0.0
998 0 0 0.0 0.0
999 0 0 0.0 0.0
1000 0 0 0.0 0.0
1001 0 0 0.0 0.0
1002 0 0 0.0 0.0
1003 0 0 0.0 0.0
1004 0 0 0.0 0.0
1005 1 1  0.931 0.989
1006 1 1  0.932 0.992
1007 1 1  0.921 1
1008 1 1  0.974 0.941
1009 1 1  0.913 0.969
1010 1 1  0.971 0.912
1011 1 1  0.912 0.93
1012 1 1  1 0.933
1013 1 1  0.965 0.91
1014 1 1  0.91 0.993
1015 1 1  0.984 0.957
1016 1 1  0.987 0.977
1017 1 1  0.994 0.914
1018 1 1  0.948 0.97
1019 1 1  0.904 0.908
1020 1 1  0.999 0.985
1021 1 1  0.905 0.909
1022 1 1  0.946 0.955
1023 1 1  0.907 0.987
1024 1 1  0.916 0.92
1025 1 1  0.904 0.946
1026 1 1  0.994 0.957
1027 1 1  0.982 0.925
1028 1 1  0.96 0.943
1029 1 1  0.945 0.939
1030 1 1  0.926 0.985
1031 1 1  0.943 0.9
1032 1 1  0.96 0.975
1033 1 1  0.956 0.987
1034 1 1  0.903 0.978
1035 1 1  0.995 0.933
1036 1 1  0.945 0.928
1037 1 1  0.919 0.974
1038 1 1  0.947 0.942
1039 1 1  0.985 0.96
1040 1 1  0.959 0.934
1041 1 1  0.993 0.928
1042 1 1  0.99 0.985
1043 1 1  0.972 0.946
1044 1 1  0.932 0.992
1045 1 1  0.904 0.991
1046 1 1  0.973 0.965
1047 1 1  0.972 0.963
1048 1 1  0.933 0.911
1049 1 1  0.936 0.927
1050 1 1  0.91 0.914
1051 1 1  0.963 0.979
1052 1 1  0.916 0.906
1053 1 1  0.903 0.967
1054 1 1  0.904 0.993
1055 1 1  0.949 0.912
1056 1 1  0.919 0.982
1057 1 1  0.982 0.985
1058 1 1  0.97 0.987
1059 1 1  0.916 0.949
1060 1 1  0.977 0.921
1061 1 1  0.94 0.927
1062 1 1  0.914 0.947
1063 1 1  0.94 0.938
1064 1 1  0.969 0.945
1065 1 1  0.987 0.959
1066 1 1  0.973 0.947
1067 1 1  0.927 0.997
1068 1 1  0.991 0.929
1069 1 1  0.93 1
1070 1 1  0.9 0.999
1071 1 1  0.98 0.908
1072 1 1  0.948 0.976
1073 1 1  0.913 0.947
1074 1 1  0.965 0.959
1075 1 1  0.941 0.975
1076 1 1  0.998 0.994
1077 0 0 0.0 0.0
1078 0 0 0.0 0.0
1079 0 0 0.0 0.0
1080 0 0 0.0 0.0
1081 0 0 0.0 0.0
1082 0 0 0.0 0.0
1083 0 0 0.0 0.0
1084 0 0 0.0 0.0
1085 0 0 0.0 0.0
1086 0 0 0.0 0.0
1087 0 0 0.0 0.0
1088 0 0 0.0 0.0
1089 0 0 0.0 0.0
1090 0 0 0.0 0.0
1091 0 0 0.0 0.0
1092 0 0 0.0 0.0
1093 0 0 0.0 0.0
1094 0 0 0.0 0.0
1095 0 0 0.0 0.0
1096 0 0 0.0 0.0
1097 0 0 0.0 0.0
1098 0 0 0.0 0.0
1099 0 0 0.0 0.0
1100 0 0 0.0 0.0
1101 0 0 0.0 0.0
1102 0 0 0.0 0.0
1103 0 0 0.0 0.0
1104 0 0 0.0 0.0
1105 0 0 0.0 0.0
1106 0 0 0.0 0.0
1107 0 0 0.0 0.0
1108 0 0 0.0 0.0
1109 0 0 0.0 0.0
1110 0 0 0.0 0.0
1111 0 0 0.0 0.0
1112 0 0 0.0 0.0
1113 0 0 0.0 0.0
1114 1 1  0.976 0.929
1115 1 1  0.9 0.999
1116 1 1  0.95 0.982
1117 1 1  0.98 0.922
1118 1 1  0.957 0.913
1119 1 1  0.909 0.945
1120 1 1  0.917 0.959
1121 1 1  0.921 0.996
1122 1 1  0.927 0.991
1123 1 1  0.923 0.998
1124 1 1  0.983 0.963
1125 1 1  0.904 0.975
1126 1 1  0.931 0.985
1127 1 1  0.961 0.985
1128 1 1  0.946 0.92
1129 1 1  0.941 0.93
1130 1 1  0.967 0.967
1131 1 1  0.946 0.92
1132 1 1  0.962 0.985
1133 1 1  0.976 0.994
1134 1 1  0.941 0.986
1135 1 1  0.973 0.949
1136 1 1  0.94 0.92
1137 1 1  0.918 0.922
1138 1 1  0.969 0.924
1139 1 1  0.927 0.937
1140 1 1  0.998 0.998
1141 1 1  0.981 0.901
1142 1 1  0.911 0.953
1143 1 1  0.903 0.9
1144 1 1  0.96 0.978
1145 1 1  0.977 0.909
1146 1 1  0.974 0.947
1147 1 1  0.981 0.993
1148 1 1  0.995 0.903
1149 1 1  0.99 0.924
1150 1 1  0.901 0.974
1151 1 1  0.949 0.922
1152 1 1  0.928 0.946
1153 1 1  0.926 0.924
1154 1 1  0.942 0.979
1155 1 1  0.974 0.921
1156 1 1  0.99 0.964
1157 1 1  0.924 0.924
1158 1 1  0.976 0.918
1159 1 1  0.982 0.924
1160 1 1  0.971 0.964
1161 1 1  0.956 0.953
1162 1 1  0.921 0.921
1163 1 1  0.977 0.919
1164 1 1  0.998 0.981
1165 1 1  0.972 0.958
1166 1 1  0.964 0.987
1167 1 1  0.92 0.968
1168 1 1  0.953 0.925
1169 1 1  0.959 0.995
1170 1 1  0.988 0.931
1171 1 1  0.945 0.921
1172 1 1  0.909 0.944
1173 1 1  0.909 0.931
1174 1 1  0.973 0.954
1175 1 1  0.988 0.97
1176 1 1  0.935 0.912
1177 1 1  0.935 0.987
1178 1 1  0.917 0.986
1179 1 1  0.95 0.915
1180 1 1  0.905 0.937
1181 1 1  0.967 0.981
1182 1 1  0.99 0.933
1183 1 1  0.919 0.931
1184 1 1  0.924 0.952
1185 1 1  0.919 0.947
1186 0 0 0.0 0.0
1187 0 0 0.0 0.0
1188 0 0 0.0 0.0
1189 0 0 0.0 0.0
1190 0 0 0.0 0.0
1191 0 0 0.0 0.0
1192 0 0 0.0 0.0
1193 0 0 0.0 0.0
1194 0 0 0.0 0.0
1195 0 0 0.0 0.0
1196 0 0 0.0 0.0
1197 0 0 0.0 0.0
1198 0 0 0.0 0.0
1199 0 0 0.0 0.0
1200 0 0 0.0 0.0
1201 0 0 0.0 0.0
1202 0 0 0.0 0.0
1203 0 0 0.0 0.0
1204 0 0 0.0 0.0
1205 0 0 0.0 0.0
1206 0 0 0.0 0.0
1207 0 0 0.0 0.0
1208 0 0 0.0 0.0
1209 0 0 0.0 0.0
1210 0 0 0.0 0.0
1211 0 0 0.0 0.0
1212 0 0 0.0 0.0
1213 0 0 0.0 0.0
1214 0 0 0.0 0.0
1215 0 0 0.0 0.0
1216 0 0 0.0 0.0
1217 0 0 0.0 0.0
1218 0 0 0.0 0.0
1219 0 0 0.0 0.0
1220 0 0 0.0 0.0
1221 0 0 0.0 0.0
1222 0 0 0.0 0.0
1223 1 1  0.913 0.94
1224 1 1  0.934 0.969
1225 1 1  0.928 0.932
1226 1 1  0.911 0.959
1227 1 1  0.939 0.922
1228 1 1  0.947 0.932
1229 1 1  0.953 0.942
1230 1 1  0.987 0.967
1231 1 1  0.968 0.95
1232 1 1  0.932 0.996
1233 1 1  0.959 0.929
1234 1 1  0.963 0.936
1235 1 1  0.924 0.986
1236 1 1  0.942 0.969
1237 1 1  0.951 0.987
1238 1 1  0.992 0.932
1239 1 1  0.987 0.998
1240 1 1  0.904 0.926
1241 1 1  0.957 0.985
1242 1 1  0.935 0.909
1243 1 1  0.931 0.913
1244 1 1  0.927 0.944
1245 1 1  0.933 0.911
1246 1 1  0.976 0.989
1247 1 1  0.944 0.974
1248 1 1  0.931 0.926
1249 1 1  0.908 0.992
1250 1 1  0.91 0.93
1251 1 1  0.914 0.912
1252 1 1  0.947 0.999
1253 1 1  0.993 0.986
1254 1 1  0.91 0.935
1255 1 1  0.999 0.963
1256 1 1  0.934 0.919
1257 1 1  0.928 0.947
1258 1 1  0.928 0.936
1259 1 1  0.938 0.977
1260 1 1  0.918 0.913
1261 1 1  0.915 0.928
1262 1 1  0.912 0.968
1263 1 1  0.943 0.991
1264 1 1  0.95 0.952
1265 1 1  0.983 0.959
1266 1 1  0.924 0.907
1267 1 1  0.909 0.992
1268 1 1  0.924 0.924
1269 1 1  0.976 0.913
1270 1 1  0.994 0.944
1271 1 1  0.909 0.967
1272 1 1  0.928 0.962
1273 1 1  0.958 0.958
1274 1 1  0.966 0.913
1275 1 1  0.961 0.918
1276 1 1  0.996 0.933
1277 1 1  0.981 0.956
1278 1 1  0.984 0.9
1279 1 1  0.911 0.998
1280 1 1  0.991 0.901
1281 1 1  0.947 0.943
1282 1 1  0.954 0.901
1283 1 1  0.931 0.901
1284 1 1  0.94 0.924
1285 1 1  0.983 0.919
1286 1 1  0.976 0.993
1287 1 1  0.951 0.991
1288 1 1  0.906 0.944
1289 1 1  0.989 0.924
1290 1 1  0.912 0.964
1291 1 1  0.98 0.972
1292 1 1  0.95 0.967
1293 1 1  0.935 0.976
1294 1 1  0.961 0.99
1295 0 0 0.0 0.0
1296 0 0 0.0 0.0
1297 0 0 0.0 0.0
1298 0 0 0.0 0.0
1299 0 0 0.0 0.0
1300 0 0 0.0 0.0
1301 0 0 0.0 0.0
1302 0 0 0.0 0.0
1303 0 0 0.0 0.0
1304 0 0 0.0 0.0
1305 0 0 0.0 0.0
1306 0 0 0.0 0.0
1307 0 0 0.0 0.0
1308 0 0 0.0 0.0
1309 0 0 0.0 0.0
1310 0 0 0.0 0.0
1311 0 0 0.0 0.0
1312 0 0 0.0 0.0
1313 0 0 0.0 0.0
1314 0 0 0.0 0.0
1315 0 0 0.0 0.0
1316 0 0 0.0 0.0
1317 0 0 0.0 0.0
1318 0 0 0.0 0.0
1319 0 0 0.0 0.0
1320 0 0 0.0 0.0
1321 0 0 0.0 0.0
1322 0 0 0.0 0.0
1323 0 0 0.0 0.0
1324 0 0 0.0 0.0
1325 0 0 0.0 0.0
1326 0 0 0.0 0.0
1327 0 0 0.0 0.0
1328 0 0 0.0 0.0
1329 0 0 0.0 0.0
1330 0 0 0.0 0.0
1331 0 0 0.0 0.0
1332 1 1  0.949 0.925
1333 1 1  0.932 0.964
1334 1 1  0.922 0.907
1335 1 1  0.938 0.957
1336 1 1  0.92 0.97
1337 1 1  0.959 0.935
1338 1 1  0.927 0.905
1339 1 1  0.983 0.984
1340 1 1  0.937 0.923
1341 1 1  0.967 0.995
1342 1 1  0.996 0.973
1343 1 1  0.956 0.984
1344 1 1  0.979 0.953
1345 1 1  0.991 0.907
1346 1 1  0.959 0.942
1347 1 1  0.974 0.96
1348 1 1  0.989 0.978
1349 1 1  0.978 0.949
1350 1 1  0.986 0.902
1351 1 1  0.92 0.938
1352 1 1  0.961 0.929
1353 1 1  0.937 0.99
1354 1 1  0.993 0.955
1355 1 1  0.913 0.98
1356 1 1  0.909 0.989
1357 1 1  0.928 0.931
1358 1 1  0.978 0.984
1359 1 1  0.922 0.92
1360 1 1  0.962 0.98
1361 1 1  0.937 0.913
1362 1 1  0.945 0.993
1363 1 1  0.969 0.93
1364 1 1  0.949 0.953
1365 1 1  0.987 0.907
1366 1 1  0.949 0.982
1367 1 1  0.95 0.996
1368 1 1  0.974 0.909
1369 1 1  0.992 0.95
1370 1 1  0.956 0.941
1371 1 1  0.968 0.974
1372 1 1  0.991 0.957
1373 1 1  0.94 0.967
1374 1 1  0.919 0.983
1375 1 1  0.955 0.942
1376 1 1  0.936 0.973
1377 1 1  0.969 0.917
1378 1 1  0.901 0.956
1379 1 1  0.938 0.977
1380 1 1  0.96 0.935
1381 1 1  0.974 0.94
1382 1 1  0.902 0.994
1383 1 1  0.961 0.925
1384 1 1  0.989 0.939
1385 1 1  0.95 0.993
1386 1 1  0.976 0.91
1387 1 1  0.979 0.934
1388 1 1  0.998 0.919
1389 1 1  0.973 0.909
1390 1 1  0.925 0.928
1391 1 1  0.985 0.974
1392 1 1  0.967 0.93
1393 1 1  0.964 0.913
1394 1 1  0.929 0.912
1395 1 1  0.921 0.965
1396 1 1  0.968 0.961
1397 1 1  0.983 0.975
1398 1 1  0.945 0.941
1399 1 1  0.91 0.985
1400 1 1  0.994 0.998
1401 1 1  0.965 0.991
1402 1 1  0.965 0.94
1403 1 1  0.993 0.922
1404 0 0 0.0 0.0
1405 0 0 0.0 0.0
1406 0 0 0.0 0.0
1407 0 0 0.0 0.0
1408 0 0 0.0 0.0
1409 0 0 0.0 0.0
1410 0 0 0.0 0.0
1411 0 0 0.0 0.0
1412 0 0 0.0 0.0
1413 0 0 0.0 0.0
1414 0 0 0.0 0.0
1415 0 0 0.0 0.0
1416 0 0 0.0 0.0
1417 0 0 0.0 0.0
1418 0 0 0.0 0.0
1419 0 0 0.0 0.0
1420 0 0 0.0 0.0
1421 0 0 0.0 0.0
1422 0 0 0.0 0.0
1423 0 0 0.0 0.0
1424 0 0 0.0 0.0
1425 0 0 0.0 0.0
1426 0 0 0.0 0.0
1427 0 0 0.0 0.0
1428 0 0 0.0 0.0
1429 0 0 0.0 0.0
1430 0 0 0.0 0.0
1431 0 0 0.0 0.0
1432 0 0 0.0 0.0
1433 0 0 0.0 0.0
1434 0 0 0.0 0.0
1435 0 0 0.0 0.0
1436 0 0 0.0 0.0
1437 0 0 0.0 0.0
1438 0 0 0.0 0.0
1439 0 0 0.0 0.0
1440 0 0 0.0 0.0
1441 1 1  0.927 0.945
1442 1 1  0.984 0.921
1443 1 1  0.937 0.955
1444 1 1  0.956 0.913
1445 1 1  0.919 0.974
1446 1 1  0.901 0.914
1447 1 1  0.988 0.945
1448 1 1  0.989 0.955
1449 1 1  0.915 0.966
1450 1 1  0.941 0.922
1451 1 1  0.983 0.926
1452 1 1  0.909 0.904
1453 1 1  0.955 0.958
1454 1 1  0.915 0.959
1455 1 1  0.932 0.976
1456 1 1  0.943 0.991
1457 1 1  0.926 0.912
1458 1 1  0.954 0.965
1459 1 1  0.92 0.908
1460 1 1  0.945 0.912
1461 1 1  0.958 0.979
1462 1 1  0.947 0.99
1463 1 1  0.918 0.963
1464 1 1  0.997 0.981
1465 1 1  0.988 1
1466 1 1  0.987 0.902
1467 1 1  0.904 0.96
1468 1 1  0.918 0.953
1469 1 1  0.912 0.994
1470 1 1  0.969 0.974
1471 1 1  0.902 0.936
1472 1 1  0.987 0.95
1473 1 1  0.929 0.915
1474 1 1  0.902 0.919
1475 1 1  0.922 0.943
1476 1 1  0.94 0.947
1477 1 1  0.943 0.965
1478 1 1  0.912 0.975
1479 1 1  0.95 0.991
1480 1 1  0.912 0.914
1481 1 1  0.95 0.917
1482 1 1  0.967 0.946
1483 1 1  0.925 0.96
1484 1 1  0.922 0.997
1485 1 1  0.953 0.969
1486 1 1  0.936 0.972
1487 1 1  0.907 0.996
1488 1 1  0.928 0.911
1489 1 1  0.979 0.939
1490 1 1  0.973 0.968
1491 1 1  0.912 0.999
1492 1 1  0.908 0.955
1493 1 1  0.979 0.98
1494 1 1  0.984 0.953
1495 1 1  0.987 0.946
1496 1 1  0.921 0.988
1497 1 1  0.943 0.951
1498 1 1  0.917 0.983
1499 1 1  0.924 0.906
1500 1 1  0.976 0.922
1501 1 1  0.961 0.997
1502 1 1  0.984 0.927
1503 1 1  0.958 0.95
1504 1 1  0.906 0.908
1505 1 1  0.911 0.923
1506 1 1  0.905 0.968
1507 1 1  0.997 0.959
1508 1 1  0.925 0.943
1509 1 1  0.953 0.94
1510 1 1  0.935 0.921
1511 1 1  0.958 0.98
1512 1 1  0.908 0.911
1513 0 0 0.0 0.0
1514 0 0 0.0 0.0
1515 0 0 0.0 0.0
1516 0 0 0.0 0.0
1517 0 0 0.0 0.0
1518 0 0 0.0 0.0
1519 0 0 0.0 0.0
1520 0 0 0.0 0.0
1521 0 0 0.0 0.0
1522 0 0 0.0 0.0
1523 0 0 0.0 0.0
1524 0 0 0.0 0.0
1525 0 0 0.0 0.0
1526 0 0 0.0 0.0
1527 0 0 0.0 0.0
1528 0 0 0.0 0.0
1529 0 0 0.0 0.0
1530 0 0 0.0 0.0
1531 0 0 0.0 0.0
1532 0 0 0.0 0.0
1533 0 0 0.0 0.0
1534 0 0 0.0 0.0
1535 0 0 0.0 0.0
1536 0 0 0.0 0.0
1537 0 0 0.0 0.0
1538 0 0 0.0 0.0
1539 0 0 0.0 0.0
1540 0 0 0.0 0.0
1541 0 0 0.0 0.0
1542 0 0 0.0 0.0
1543 0 0 0.0 0.0
1544 0 0 0.0 0.0
1545 0 0 0.0 0.0
1546 0 0 0.0 0.0
1547 0 0 0.0 0.0
1548 0 0 0.0 0.0
1549 0 0 0.0 0.0
1550 1 1  0.963 0.951
1551 1 1  0.912 0.985
1552 1 1  0.931 0.985
1553 1 1  0.931 0.932
1554 1 1  0.932 0.982
1555 1 1  0.935 0.991
1556 1 1  0.988 0.939
1557 1 1  0.964 0.993
1558 1 1  0.922 0.983
1559 1 1  0.965 0.991
1560 1 1  0.903 0.969
1561 1 1  0.991 0.984
1562 1 1  0.947 0.96
1563 1 1  0.903 0.918
1564 1 1  0.951 0.901
1565 1 1  0.909 0.945
1566 1 1  0.917 0.903
1567 1 1  0.989 0.9
1568 1 1  0.908 0.906
1569 1 1  0.931 0.928
1570 1 1  0.976 0.923
1571 1 1  0.934 0.919
1572 1 1  0.967 0.964
1573 1 1  0.988 0.904
1574 1 1  0.911 0.921
1575 1 1  0.965 0.939
1576 1 1  0.942 0.946
1577 1 1  0.912 0.97
1578 1 1  0.917 0.949
1579 1 1  0.952 0.941
1580 1 1  0.921 0.973
1581 1 1  0.943 0.964
1582 1 1  0.95 0.921
1583 1 1  0.955 0.957
1584 1 1  0.901 0.987
1585 1 1  0.987 0.959
1586 1 1  0.986 0.907
1587 1 1  0.997 0.971
1588 1 1  0.901 0.966
1589 1 1  0.929 0.906
1590 1 1  0.991 0.908
1591 1 1  0.948 0.935
1592 1 1  0.946 0.953
1593 1 1  0.965 0.959
1594 1 1  0.955 0.987
1595 1 1  0.904 0.928
1596 1 1  0.966 0.982
1597 1 1  0.913 0.983
1598 1 1  0.944 0.918
1599 1 1  0.96 0.941
1600 1 1  0.96 0.924
1601 1 1  0.924 0.944
1602 1 1  0.988 0.97
1603 1 1  0.927 0.977
1604 1 1  0.998 0.988
1605 1 1  0.991 0.919
1606 1 1  0.987 0.933
1607 1 1  0.957 0.991
1608 1 1  0.982 0.951
1609 1 1  0.931 0.985
1610 1 1  0.923 0.972
1611 1 1  0.946 0.916
1612 1 1  0.988 0.983
1613 1 1  0.991 0.97
1614 1 1  0.903 0.945
1615 1 1  0.946 0.95
1616 1 1  0.94 0.924
1617 1 1  0.907 0.976
1618 1 1  0.957 0.928
1619 1 1  0.915 0.99
1620 1 1  0.91 0.906
1621 1 1  1 0.903
1622 0 0 0.0 0.0
1623 0 0 0.0 0.0
1624 0 0 0.0 0.0
1625 0 0 0.0 0.0
1626 0 0 0.0 0.0
1627 0 0 0.0 0.0
1628 0 0 0.0 0.0
1629 0 0 0.0 0.0
1630 0 0 0.0 0.0
1631 0 0 0.0 0.0
1632 0 0 0.0 0.0
1633 0 0 0.0 0.0
1634 0 0 0.0 0.0
1635 0 0 0.0 0.0
1636 0 0 0.0 0.0
1637 0 0 0.0 0.0
1638 0 0 0.0 0.0
1639 0 0 0.0 0.0
1640 0 0 0.0 0.0
1641 0 0 0.0 0.0
1642 0 0 0.0 0.0
1643 0 0 0.0 0.0
1644 0 0 0.0 0.0
1645 0 0 0.0 0.0
1646 0 0 0.0 0.0
1647 0 0 0.0 0.0
1648 0 0 0.0 0.0
1649 0 0 0.0 0.0
1650 0 0 0.0 0.0
1651 0 0 0.0 0.0
1652 0 0 0.0 0.0
1653 0 0 0.0 0.0
1654 0 0 0.0 0.0
1655 0 0 0.0 0.0
1656 0 0 0.0 0.0
1657 0 0 0.0 0.0
1658 0 0 0.0 0.0
1659 0 0 0.0 0.0
1660 0 0 0.0 0.0
1661 0 0 0.0 0.0
1662 0 0 0.0 0.0
1663 0 0 0.0 0.0
1664 0 0 0.0 0.0
1665 0 0 0.0 0.0
1666 0 0 0.0 0.0
1667 0 0 0.0 0.0
1668 0 0 0.0 0.0
1669 0 0 0.0 0.0
1670 0 0 0.0 0.0
1671 0 0 0.0 0.0
1672 0 0 0.0 0.0
1673 0 0 0.0 0.0
1674 0 0 0.0 0.0
1675 0 0 0.0 0.0
1676 0 0 0.0 0.0
1677 0 0 0.0 0.0
1678 0 0 0.0 0.0
1679 0 0 0.0 0.0
1680 0 0 0.0 0.0
1681 1 1  0.992 0.938
1682 1 1  0.969 0.946
1683 1 1  0.94 0.925
1684 1 1  0.906 0.944
1685 1 1  0.963 0.945
1686 1 1  0.911 0.978
1687 1 1  0.922 0.925
1688 1 1  0.969 0.924
1689 1 1  1 0.911
1690 1 1  0.978 0.922
1691 1 1  0.978 0.928
1692 1 1  0.935 0.997
1693 1 1  0.921 0.996
1694 1 1  0.906 0.906
1695 1 1  0.955 0.938
1696 1 1  0.945 0.934
1697 1 1  0.917 0.922
1698 1 1  0.911 0.989
1699 1 1  0.993 0.992
1700 1 1  0.988 0.961
1701 1 1  0.98 0.988
1702 1 1  0.942 0.934
1703 1 1  0.94 0.942
1704 1 1  0.987 0.933
1705 1 1  0.908 0.975
1706 1 1  0.943 0.938
1707 1 1  0.943 0.995
1708 1 1  0.921 0.949
1709 1 1  0.927 0.969
1710 1 1  0.943 0.965
1711 1 1  0.909 0.927
1712 1 1  0.997 0.946
1713 1 1  0.999 0.921
1714 1 1  0.949 0.942
1715 1 1  0.934 0.969
1716 1 1  0.939 0.925
1717 1 1  0.999 0.902
1718 1 1  0.917 0.935
1719 1 1  0.938 0.927
1720 1 1  0.943 0.906
1721 1 1  0.902 0.914
1722 1 1  0.928 0.907
1723 1 1  0.957 0.968
1724 1 1  0.932 0.998
1725 1 1  0.991 0.987
1726 1 1  0.993 0.919
1727 1 1  0.974 0.901
1728 1 1  0.999 0.95
1729 1 1  0.995 0.966
1730 1 1  0.952 0.932
1731 1 1  0.99 0.935
1732 1 1  0.916 0.905
1733 1 1  0.908 0.951
1734 1 1  0.96 0.921
1735 1 1  0.987 0.975
1736 1 1  0.968 0.979
1737 1 1  0.938 0.967
1738 1 1  0.969 0.909
1739 1 1  0.9 0.914
1740 1 1  0.92 0.936
1741 1 1  0.919 0.971
1742 1 1  0.936 0.981
1743 1 1  0.922 0.906
1744 1 1  0.933 0.929
1745 1 1  0.948 0.907
1746 1 1  0.931 0.93
1747 1 1  0.912 0.95
1748 1 1  0.987 0.936
1749 1 1  0.954 0.988
1750 1 1  0.927 0.96
1751 1 1  0.967 0.91
1752 1 1  0.981 0.901
1753 0 0 0.0 0.0
1754 0 0 0.0 0.0
1755 0 0 0.0 0.0
1756 0 0 0.0 0.0
1757 0 0 0.0 0.0
1758 0 0 0.0 0.0
1759 0 0 0.0 0.0
1760 0 0 0.0 0.0
1761 0 0 0.0 0.0
1762 0 0 0.0 0.0
1763 0 0 0.0 0.0
1764 0 0 0.0 0.0
1765 0 0 0.0 0.0
1766 0 0 0.0 0.0
1767 0 0 0.0 0.0
1768 0 0 0.0 0.0
1769 0 0 0.0 0.0
1770 0 0 0.0 0.0
1771 0 0 0.0 0.0
1772 0 0 0.0 0.0
1773 0 0 0.0 0.0
1774 0 0 0.0 0.0
1775 0 0 0.0 0.0
1776 0 0 0.0 0.0
1777 0 0 0.0 0.0
1778 0 0 0.0 0.0
1779 0 0 0.0 0.0
1780 0 0 0.0 0.0
1781 0 0 0.0 0.0
1782 0 0 0.0 0.0
1783 0 0 0.0 0.0
1784 0 0 0.0 0.0
1785 0 0 0.0 0.0
1786 0 0 0.0 0.0
1787 0 0 0.0 0.0
1788 0 0 0.0 0.0
1789 0 0 0.0 0.0
1790 1 1  0.906 0.952
1791 1 1  0.98 0.934
1792 1 1  0.982 0.939
1793 1 1  0.915 0.957
1794 1 1  0.901 0.933
1795 1 1  0.938 0.949
1796 1 1  0.916 0.913
1797 1 1  0.964 0.908
1798 1 1  0.926 0.928
1799 1 1  0.953 0.968
1800 1 1  0.932 0.963
1801 1 1  0.914 0.983
1802 1 1  0.941 0.956
1803 1 1  0.958 0.954
1804 1 1  0.969 0.972
1805 1 1  0.923 0.983
1806 1 1  0.955 0.959
1807 1 1  0.952 0.981
1808 1 1  0.991 0.979
1809 1 1  0.902 0.906
1810 1 1  0.99 0.964
1811 1 1  0.998 0.903
1812 1 1  0.901 0.904
1813 1 1  0.956 0.998
1814 1 1  0.938 0.916
1815 1 1  0.929 0.931
1816 1 1  0.902 0.988
1817 1 1  0.916 0.978
1818 1 1  0.979 0.96
1819 1 1  0.913 0.929
1820 1 1  0.982 0.997
1821 1 1  0.954 0.94
1822 1 1  0.902 0.916
1823 1 1  0.933 0.936
1824 1 1  0.925 0.961
1825 1 1  0.967 0.907
1826 1 1  0.939 0.995
1827 1 1  0.966 0.978
1828 1 1  0.971 0.928
1829 1 1  0.964 0.914
1830 1 1  0.924 0.928
1831 1 1  0.979 0.923
1832 1 1  0.911 0.951
1833 1 1  0.902 0.936
1834 1 1  0.923 0.916
1835 1 1  0.98 0.991
1836 1 1  0.946 0.958
1837 1 1  0.939 0.989
1838 1 1  0.903 0.936
1839 1 1  0.975 0.929
1840 1 1  0.981 0.948
1841 1 1  0.92 0.963
1842 1 1  0.932 0.934
1843 1 1  0.936 0.909
1844 1 1  0.919 0.937
1845 1 1  0.902 0.972
1846 1 1  0.922 0.911
1847 1 1  0.97 0.904
1848 1 1  0.965 0.927
1849 1 1  0.984 0.941
1850 1 1  0.982 0.978
1851 1 1  0.955 0.96
1852 1 1  0.983 0.985
1853 1 1  0.901 0.936
1854 1 1  0.913 0.932
1855 1 1  0.964 0.96
1856 1 1  0.942 0.948
1857 1 1  0.996 0.928
1858 1 1  0.973 0.979
1859 1 1  0.921 0.957
1860 1 1  0.948 0.99
1861 1 1  0.983 0.958
1862 0 0 0.0 0.0
1863 0 0 0.0 0.0
1864 0 0 0.0 0.0
1865 0 0 0.0 0.0
1866 0 0 0.0 0.0
1867 0 0 0.0 0.0
1868 0 0 0.0 0.0
1869 0 0 0.0 0.0
1870 0 0 0.0 0.0
1871 0 0 0.0 0.0
1872 0 0 0.0 0.0
1873 0 0 0.0 0.0
1874 0 0 0.0 0.0
1875 0 0 0.0 0.0
1876 0 0 0.0 0.0
1877 0 0 0.0 0.0
1878 0 0 0.0 0.0
1879 0 0 0.0 0.0
1880 0 0 0.0 0.0
1881 0 0 0.0 0.0
1882 0 0 0.0 0.0
1883 0 0 0.0 0.0
1884 0 0 0.0 0.0
1885 0 0 0.0 0.0
1886 0 0 0.0 0.0
1887 0 0 0.0 0.0
1888 0 0 0.0 0.0
1889 0 0 0.0 0.0
1890 0 0 0.0 0.0
1891 0 0 0.0 0.0
1892 0 0 0.0 0.0
1893 0 0 0.0 0.0
1894 0 0 0.0 0.0
1895 0 0 0.0 0.0
1896 0 0 0.0 0.0
1897 0 0 0.0 0.0
1898 0 0 0.0 0.0
1899 1 1  0.908 0.916
1900 1 1  0.933 0.916
1901 1 1  0.955 0.934
1902 1 1  0.963 0.909
1903 1 1  0.901 0.933
1904 1 1  0.902 0.985
1905 1 1  0.904 0.966
1906 1 1  0.949 0.93
1907 1 1  0.906 0.908
1908 1 1  0.921 0.903
1909 1 1  0.918 0.908
1910 1 1  0.926 0.966
1911 1 1  0.965 0.901
1912 1 1  0.996 0.903
1913 1 1  0.971 0.943
1914 1 1  0.937 0.97
1915 1 1  0.91 0.971
1916 1 1  0.948 0.962
1917 1 1  0.993 0.912
1918 1 1  0.986 0.928
1919 1 1  0.924 0.978
1920 1 1  0.986 0.925
1921 1 1  0.988 0.914
1922 1 1  0.983 0.9
1923 1 1  0.988 0.932
1924 1 1  0.977 0.989
1925 1 1  0.974 0.977
1926 1 1  0.985 0.967
1927 1 1  0.95 0.909
1928 1 1  0.918 0.925
1929 1 1  0.975 0.904
1930 1 1  0.906 0.939
1931 1 1  0.902 0.941
1932 1 1  0.908 0.985
1933 1 1  0.924 0.979
1934 1 1  0.989 0.969
1935 1 1  0.925 0.968
1936 1 1  0.98 0.912
1937 1 1  0.942 0.912
1938 1 1  0.977 0.955
1939 1 1  0.965 0.976
1940 1 1  0.924 0.953
1941 1 1  0.93 0.947
1942 1 1  0.92 0.953
1943 1 1  0.937 0.985
1944 1 1  0.919 0.941
1945 1 1  0.968 0.964
1946 1 1  0.907 0.926
1947 1 1  0.964 0.96
1948 1 1  0.962 0.998
1949 1 1  0.911 0.954
1950 1 1  0.901 0.974
1951 1 1  0.919 0.94
1952 1 1  0.946 0.983
1953 1 1  0.929 0.939
1954 1 1  0.926 0.97
1955 1 1  0.904 0.932
1956 1 1  0.944 0.969
1957 1 1  0.936 0.965
1958 1 1  0.941 0.957
1959 1 1  0.993 0.997
1960 1 1  0.983 0.935
1961 1 1  0.996 0.91
1962 1 1  0.975 0.985
1963 1 1  0.928 0.928
1964 1 1  0.925 0.909
1965 1 1  0.903 0.962
1966 1 1  0.933 0.924
1967 1 1  0.946 0.913
1968 1 1  0.997 0.992
1969 1 1  0.977 0.96
1970 1 1  0.985 0.944
1971 0 0 0.0 0.0
1972 0 0 0.0 0.0
1973 0 0 0.0 0.0
1974 0 0 0.0 0.0
1975 0 0 0.0 0.0
1976 0 0 0.0 0.0
1977 0 0 0.0 0.0
1978 0 0 0.0 0.0
1979 0 0 0.0 0.0
1980 0 0 0.0 0.0
1981 0 0 0.0 0.0
1982 0 0 0.0 0.0
1983 0 0 0.0 0.0
1984 0 0 0.0 0.0
1985 0 0 0.0 0.0
1986 0 0 0.0 0.0
1987 0 0 0.0 0.0
1988 0 0 0.0 0.0
1989 0 0 0.0 0.0
1990 0 0 0.0 0.0
1991 0 0 0.0 0.0
1992 0 0 0.0 0.0
1993 0 0 0.0 0.0
1994 0 0 0.0 0.0
1995 0 0 0.0 0.0
1996 0 0 0.0 0.0
1997 0 0 0.0 0.0
1998 0 0 0.0 0.0
1999 0 0 0.0 0.0
2000 0 0 0.0 0.0
2001 0 0 0.0 0.0
2002 0 0 0.0 0.0
2003 0 0 0.0 0.0
2004 0 0 0.0 0.0
2005 0 0 0.0 0.0
2006 0 0 0.0 0.0
2007 0 0 0.0 0.0
2008 1 1  0.956 0.909
2009 1 1  0.908 0.949
2010 1 1  0.922 0.927
2011 1 1  0.999 0.963
2012 1 1  0.918 0.983
2013 1 1  0.982 0.952
2014 1 1  0.936 0.907
2015 1 1  0.982 0.915
2016 1 1  0.992 0.902
2017 1 1  0.97 0.906
2018 1 1  0.966 0.908
2019 1 1  0.939 0.971
2020 1 1  0.928 0.961
2021 1 1  0.924 0.994
2022 1 1  0.955 0.904
2023 1 1  0.967 0.929
2024 1 1  0.96 0.997
2025 1 1  0.956 0.925
2026 1 1  0.921 0.938
2027 1 1  0.934 0.944
2028 1 1  0.994 0.916
2029 1 1  0.906 0.973
2030 1 1  0.967 0.955
2031 1 1  0.927 0.973
2032 1 1  0.906 0.944
2033 1 1  0.99 0.928
2034 1 1  0.902 0.934
2035 1 1  0.951 0.954
2036 1 1  0.908 0.965
2037 1 1  0.909 0.906
2038 1 1  0.936 0.901
2039 1 1  0.924 0.937
2040 1 1  0.923 0.913
2041 1 1  0.944 0.903
2042 1 1  0.973 0.955
2043 1 1  0.999 0.955
2044 1 1  0.9 0.938
2045 1 1  0.949 0.961
2046 1 1  0.911 0.923
2047 1 1  0.905 0.974
2048 1 1  0.946 0.953
2049 1 1  0.935 0.902
2050 1 1  0.93 0.941
2051 1 1  0.99 0.987
2052 1 1  0.955 0.931
2053 1 1  0.905 0.942
2054 1 1  0.922 0.912
2055 1 1  0.903 0.926
2056 1 1  0.972 0.916
2057 1 1  0.972 0.987
2058 1 1  0.994 0.901
2059 1 1  0.954 0.909
2060 1 1  0.917 0.973
2061 1 1  0.986 0.983
2062 1 1  0.953 0.961
2063 1 1  0.948 0.956
2064 1 1  0.948 0.973
2065 1 1  0.932 0.965
2066 1 1  0.954 0.995
2067 1 1  0.952 0.922
2068 1 1  0.95 0.995
2069 1 1  0.993 0.924
2070 1 1  0.955 0.92
2071 1 1  0.973 0.951
2072 1 1  0.981 0.902
2073 1 1  0.988 0.99
2074 1 1  0.931 0.956
2075 1 1  0.946 0.931
2076 1 1  0.991 0.912
2077 1 1  0.914 0.909
2078 1 1  0.936 0.977
2079 1 1  0.939 0.926
2080 0 0 0.0 0.0
2081 0 0 0.0 0.0
2082 0 0 0.0 0.0
2083 0 0 0.0 0.0
2084 0 0 0.0 0.0
2085 0 0 0.0 0.0
2086 0 0 0.0 0.0
2087 0 0 0.0 0.0
2088 0 0 0.0 0.0
2089 0 0 0.0 0.0
2090 0 0 0.0 0.0
2091 0 0 0.0 0.0
2092 0 0 0.0 0.0
2093 0 0 0.0 0.0
2094 0 0 0.0 0.0
2095 0 0 0.0 0.0
2096 0 0 0.0 0.0
2097 0 0 0.0 0.0
2098 0 0 0.0 0.0
2099 0 0 0.0 0.0
2100 0 0 0.0 0.0
2101 0 0 0.0 0.0
2102 0 0 0.0 0.0
2103 0 0 0.0 0.0
2104 0 0 0.0 0.0
2105 0 0 0.0 0.0
2106 0 0 0.0 0.0
2107 0 0 0.0 0.0
2108 0 0 0.0 0.0
2109 0 0 0.0 0.0
2110 0 0 0.0 0.0
2111 0 0 0.0 0.0
2112 0 0 0.0 0.0
2113 0 0 0.0 0.0
2114 0 0 0.0 0.0
2115 0 0 0.0 0.0
2116 0 0 0.0 0.0
2117 1 1  0.924 0.97
2118 1 1  0.967 0.949
2119 1 1  0.995 0.905
2120 1 1  0.968 0.989
2121 1 1  0.947 0.997
2122 1 1  0.917 0.963
2123 1 1  0.994 0.9
2124 1 1  0.935 0.9
2125 1 1  0.975 0.973
2126 1 1  0.961 0.907
2127 1 1  0.986 0.916
2128 1 1  0.95 0.983
2129 1 1  0.989 0.978
2130 1 1  0.976 0.984
2131 1 1  0.926 0.902
2132 1 1  0.913 0.979
2133 1 1  0.956 0.989
2134 1 1  0.956 0.95
2135 1 1  0.908 0.969
2136 1 1  0.942 0.905
2137 1 1  0.902 0.924
2138 1 1  0.991 0.923
2139 1 1  0.975 0.97
2140 1 1  0.995 0.901
2141 1 1  0.907 0.975
2142 1 1  0.933 0.973
2143 1 1  0.914 0.942
2144 1 1  1 0.961
2145 1 1  0.914 0.957
2146 1 1  0.951 0.976
2147 1 1  0.959 0.918
2148 1 1  0.913 0.996
2149 1 1  0.958 0.984
2150 1 1  0.976 0.973
2151 1 1  0.968 0.909
2152 1 1  0.96 0.966
2153 1 1  0.988 0.943
2154 1 1  0.981 0.957
2155 1 1  0.939 0.906
2156 1 1  0.921 0.902
2157 1 1  0.914 0.921
2158 1 1  0.949 0.988
2159 1 1  0.999 0.967
2160 1 1  0.98 0.976
2161 1 1  0.903 0.917
2162 1 1  0.931 0.997
2163 1 1  0.96 0.972
2164 1 1  0.94 0.906
2165 1 1  0.92 0.924
2166 1 1  0.987 0.94
2167 1 1  0.93 0.968
2168 1 1  0.974 0.909
2169 1 1  0.978 0.991
2170 1 1  0.962 0.912
2171 1 1  0.939 0.943
2172 1 1  0.975 0.929
2173 1 1  0.941 0.982
2174 1 1  0.954 0.922
2175 1 1  0.903 0.988
2176 1 1  0.904 0.901
2177 1 1  0.901 0.987
2178 1 1  0.961 0.902
2179 1 1  0.931 0.954
2180 1 1  0.967 0.938
2181 1 1  0.919 0.973
2182 1 1  0.914 0.99
2183 1 1  0.97 0.991
2184 1 1  0.969 0.95
2185 1 1  0.9 0.956
2186 1 1  0.953 0.919
2187 1 1  0.924 0.944
2188 1 1  0.915 0.916
2189 0 0 0.0 0.0
2190 0 0 0.0 0.0
2191 0 0 0.0 0.0
2192 0 0 0.0 0.0
2193 0 0 0.0 0.0
2194 0 0 0.0 0.0
2195 0 0 0.0 0.0
2196 0 0 0.0 0.0
2197 0 0 0.0 0.0
2198 0 0 0.0 0.0
2199 0 0 0.0 0.0
2200 0 0 0.0 0.0
2201 0 0 0.0 0.0
2202 0 0 0.0 0.0
2203 0 0 0.0 0.0
2204 0 0 0.0 0.0
2205 0 0 0.0 0.0
2206 0 0 0.0 0.0
2207 0 0 0.0 0.0
2208 0 0 0.0 0.0
2209 0 0 0.0 0.0
2210 0 0 0.0 0.0
2211 0 0 0.0 0.0
2212 0 0 0.0 0.0
2213 0 0 0.0 0.0
2214 0 0 0.0 0.0
2215 0 0 0.0 0.0
2216 0 0 0.0 0.0
2217 0 0 0.0 0.0
2218 0 0 0.0 0.0
2219 0 0 0.0 0.0
2220 0 0 0.0 0.0
2221 0 0 0.0 0.0
2222 0 0 0.0 0.0
2223 0 0 0.0 0.0
2224 0 0 0.0 0.0
2225 0 0 0.0 0.0
2226 1 1  0.947 0.952
2227 1 1  0.971 0.998
2228 1 1  0.993 0.935
2229 1 1  0.959 0.997
2230 1 1  0.908 0.925
2231 1 1  0.958 0.962
2232 1 1  0.929 0.96
2233 1 1  0.931 0.937
2234 1 1  0.914 0.944
2235 1 1  0.918 0.94
2236 1 1  0.997 0.974
2237 1 1  0.993 0.996
2238 1 1  0.977 0.924
2239 1 1  0.924 0.95
2240 1 1  0.991 0.944
2241 1 1  0.974 0.916
2242 1 1  0.98 0.996
2243 1 1  0.955 0.938
2244 1 1  0.939 0.902
2245 1 1  0.93 0.916
2246 1 1  0.995 0.95
2247 1 1  0.914 0.911
2248 1 1  0.999 0.922
2249 1 1  0.903 0.958
2250 1 1  0.909 0.933
2251 1 1  0.926 0.928
2252 1 1  0.935 0.992
2253 1 1  0.968 0.936
2254 1 1  0.934 0.902
2255 1 1  0.976 0.955
2256 1 1  0.917 0.974
2257 1 1  0.918 0.98
2258 1 1  0.935 0.967
2259 1 1  0.914 0.998
2260 1 1  0.99 0.971
2261 1 1  0.902 0.974
2262 1 1  0.91 0.957
2263 1 1  0.957 0.966
2264 1 1  0.904 0.918
2265 1 1  0.925 0.936
2266 1 1  0.994 0.919
2267 1 1  0.955 0.928
2268 1 1  0.994 0.902
2269 1 1  0.982 0.902
2270 1 1  0.98 0.918
2271 1 1  0.902 0.971
2272 1 1  0.968 0.958
2273 1 1  0.973 0.913
2274 1 1  0.977 0.993
2275 1 1  0.916 0.971
2276 1 1  0.923 0.995
2277 1 1  0.927 0.902
2278 1 1  0.941 0.901
2279 1 1  0.902 0.93
2280 1 1  0.907 0.958
2281 1 1  0.93 0.931
2282 1 1  0.96 0.95
2283 1 1  0.993 0.944
2284 1 1  0.901 0.921
2285 1 1  0.94 0.907
2286 1 1  0.971 0.995
2287 1 1  0.921 0.907
2288 1 1  0.977 0.979
2289 1 1  0.928 0.909
2290 1 1  0.947 0.952
2291 1 1  0.963 0.962
2292 1 1  0.968 0.966
2293 1 1  0.976 0.976
2294 1 1  0.969 0.96
2295 1 1  0.971 0.959
2296 1 1  0.949 0.937
2297 1 1  0.936 0.946
2298 0 0 0.0 0.0
2299 0 0 0.0 0.0
2300 0 0 0.0 0.0
2301 0 0 0.0 0.0
2302 0 0 0.0 0.0
2303 0 0 0.0 0.0
2304 0 0 0.0 0.0
2305 0 0 0.0 0.0
2306 0 0 0.0 0.0
2307 0 0 0.0 0.0
2308 0 0 0.0 0.0
2309 0 0 0.0 0.0
2310 0 0 0.0 0.0
2311 0 0 0.0 0.0
2312 0 0 0.0 0.0
2313 0 0 0.0 0.0
2314 0 0 0.0 0.0
2315 0 0 0.0 0.0
2316 0 0 0.0 0.0
2317 0 0 0.0 0.0
2318 0 0 0.0 0.0
2319 0 0 0.0 0.0
2320 0 0 0.0 0.0
2321 0 0 0.0 0.0
2322 0 0 0.0 0.0
2323 0 0 0.0 0.0
2324 0 0 0.0 0.0
2325 0 0 0.0 0.0
2326 0 0 0.0 0.0
2327 0 0 0.0 0.0
2328 0 0 0.0 0.0
2329 0 0 0.0 0.0
2330 0 0 0.0 0.0
2331 0 0 0.0 0.0
2332 0 0 0.0 0.0
2333 0 0 0.0 0.0
2334 0 0 0.0 0.0
2335 1 1  0.991 0.995
2336 1 1  0.967 0.974
2337 1 1  0.914 0.978
2338 1 1  0.91 0.961
2339 1 1  0.943 0.9
2340 1 1  0.979 0.904
2341 1 1  0.901 0.929
2342 1 1  0.918 0.956
2343 1 1  0.937 0.911
2344 1 1  0.942 0.947
2345 1 1  0.909 0.955
2346 1 1  0.964 0.91
2347 1 1  0.987 0.972
2348 1 1  0.984 0.913
2349 1 1  0.989 0.974
2350 1 1  0.91 0.924
2351 1 1  0.929 0.973
2352 1 1  0.981 0.951
2353 1 1  0.91 0.937
2354 1 1  0.927 0.955
2355 1 1  0.919 0.97
2356 1 1  0.939 0.972
2357 1 1  0.955 0.929
2358 1 1  0.978 0.918
2359 1 1  0.948 0.947
2360 1 1  0.951 0.997
2361 1 1  0.959 0.924
2362 1 1  0.943 0.938
2363 1 1  0.996 0.945
2364 1 1  0.935 0.978
2365 1 1  0.921 0.916
2366 1 1  0.909 0.915
2367 1 1  0.913 0.964
2368 1 1  0.93 0.963
2369 1 1  0.95 0.906
2370 1 1  0.982 0.927
2371 1 1  0.996 0.906
2372 1 1  0.935 0.997
2373 1 1  0.912 0.925
2374 1 1  0.971 0.992
2375 1 1  0.913 0.935
2376 1 1  0.905 0.985
2377 1 1  0.906 0.92
2378 1 1  0.981 0.963
2379 1 1  0.979 0.946
2380 1 1  0.931 0.962
2381 1 1  0.97 0.926
2382 1 1  0.904 0.922
2383 1 1  0.997 0.983
2384 1 1  0.989 0.938
2385 1 1  0.909 0.91
2386 1 1  0.98 0.901
2387 1 1  0.906 0.954
2388 1 1  0.905 0.928
2389 1 1  0.991 0.958
2390 1 1  0.993 0.941
2391 1 1  0.903 0.92
2392 1 1  0.904 0.966
2393 1 1  0.943 0.933
2394 1 1  0.908 0.981
2395 1 1  0.947 0.959
2396 1 1  0.919 0.97
2397 1 1  0.96 0.935
2398 1 1  0.963 0.919
2399 1 1  0.939 0.939
2400 1 1  0.976 0.917
2401 1 1  0.996 0.945
2402 1 1  0.979 0.995
2403 1 1  0.944 0.949
2404 1 1  0.901 0.937
2405 1 1  0.908 0.914
2406 1 1  0.953 0.999
2407 0 0 0.0 0.0
2408 0 0 0.0 0.0
2409 0 0 0.0 0.0
2410 0 0 0.0 0.0
2411 0 0 0.0 0.0
2412 0 0 0.0 0.0
2413 0 0 0.0 0.0
2414 0 0 0.0 0.0
2415 0 0 0.0 0.0
2416 0 0 0.0 0.0
2417 0 0 0.0 0.0
2418 0 0 0.0 0.0
2419 0 0 0.0 0.0
2420 0 0 0.0 0.0
2421 0 0 0.0 0.0
2422 0 0 0.0 0.0
2423 0 0 0.0 0.0
2424 0 0 0.0 0.0
2425 0 0 0.0 0.0
2426 0 0 0.0 0.0
2427 0 0 0.0 0.0
2428 0 0 0.0 0.0
2429 0 0 0.0 0.0
2430 0 0 0.0 0.0
2431 0 0 0.0 0.0
2432 0 0 0.0 0.0
2433 0 0 0.0 0.0
2434 0 0 0.0 0.0
2435 0 0 0.0 0.0
2436 0 0 0.0 0.0
2437 0 0 0.0 0.0
2438 0 0 0.0 0.0
2439 0 0 0.0 0.0
2440 0 0 0.0 0.0
2441 0 0 0.0 0.0
2442 0 0 0.0 0.0
2443 0 0 0.0 0.0
2444 1 1  0.904 0.958
2445 1 1  0.994 0.925
2446 1 1  0.967 0.945
2447 1 1  0.937 0.983
2448 1 1  0.959 0.926
2449 1 1  0.974 0.949
2450 1 1  0.959 0.985
2451 1 1  0.923 0.946
2452 1 1  0.966 0.967
2453 1 1  0.993 0.99
2454 1 1  0.938 0.903
2455 1 1  0.9 0.918
2456 1 1  0.982 0.941
2457 1 1  0.968 0.952
2458 1 1  0.909 0.937
2459 1 1  0.929 0.956
2460 1 1  0.97 0.936
2461 1 1  0.988 0.912
2462 1 1  0.951 0.937
2463 1 1  0.966 0.932
2464 1 1  0.922 0.956
2465 1 1  0.977 0.912
2466 1 1  0.994 0.928
2467 1 1  0.934 0.979
2468 1 1  0.915 0.927
2469 1 1  0.937 0.917
2470 1 1  0.943 0.977
2471 1 1  0.912 0.924
2472 1 1  0.955 0.993
2473 1 1  0.904 0.971
2474 1 1  0.979 0.934
2475 1 1  0.995 0.909
2476 1 1  0.952 0.961
2477 1 1  0.965 0.942
2478 1 1  0.995 0.981
2479 1 1  0.951 0.91
2480 1 1  0.96 0.911
2481 1 1  0.952 0.937
2482 1 1  0.949 0.914
2483 1 1  0.972 0.975
2484 1 1  0.952 0.991
2485 1 1  0.994 0.914
2486 1 1  0.935 0.936
2487 1 1  0.992 0.955
2488 1 1  0.913 0.959
2489 1 1  0.993 0.943
2490 1 1  0.917 0.94
2491 1 1  0.925 0.903
2492 1 1  0.999 0.931
2493 1 1  0.954 0.977
2494 1 1  0.953 0.907
2495 1 1  0.95 0.948
2496 1 1  0.963 0.969
2497 1 1  0.993 0.935
2498 1 1  0.93 0.95
2499 1 1  0.931 0.989
2500 1 1  0.955 0.994
2501 1 1  0.997 0.924
2502 1 1  0.972 0.979
2503 1 1  0.962 0.955
2504 1 1  0.965 0.925
2505 1 1  0.912 0.931
2506 1 1  0.997 0.967
2507 1 1  0.978 0.929
2508 1 1  0.939 0.979
2509 1 1  0.981 0.976
2510 1 1  0.932 0.941
2511 1 1  0.953 0.923
2512 1 1  0.906 0.962
2513 1 1  0.956 0.904
2514 1 1  0.912 0.933
2515 1 1  0.994 0.97
2516 0 0 0.0 0.0
2517 0 0 0.0 0.0
2518 0 0 0.0 0.0
2519 0 0 0.0 0.0
2520 0 0 0.0 0.0
2521 0 0 0.0 0.0
2522 0 0 0.0 0.0
2523 0 0 0.0 0.0
2524 0 0 0.0 0.0
2525 0 0 0.0 0.0
2526 0 0 0.0 0.0
2527 0 0 0.0 0.0
2528 0 0 0.0 0.0
2529 0 0 0.0 0.0
2530 0 0 0.0 0.0
2531 0 0 0.0 0.0
2532 0 0 0.0 0.0
2533 0 0 0.0 0.0
2534 0 0 0.0 0.0
2535 0 0 0.0 0.0
2536 0 0 0.0 0.0
2537 0 0 0.0 0.0
2538 0 0 0.0 0.0
2539 0 0 0.0 0.0
2540 0 0 0.0 0.0
2541 0 0 0.0 0.0
2542 0 0 0.0 0.0
2543 0 0 0.0 0.0
2544 0 0 0.0 0.0
2545 0 0 0.0 0.0
2546 0 0 0.0 0.0
2547 0 0 0.0 0.0
2548 0 0 0.0 0.0
2549 0 0 0.0 0.0
2550 0 0 0.0 0.0
2551 0 0 0.0 0.0
2552 0 0 0.0 0.0
2553 0 0 0.0 0.0
2554 0 0 0.0 0.0
2555 0 0 0.0 0.0
2556 0 0 0.0 0.0
2557 0 0 0.0 0.0
2558 0 0 0.0 0.0
2559 0 0 0.0 0.0
2560 0 0 0.0 0.0
2561 0 0 0.0 0.0
2562 0 0 0.0 0.0
2563 0 0 0.0 0.0
2564 0 0 0.0 0.0
2565 0 0 0.0 0.0
2566 0 0 0.0 0.0
2567 0 0 0.0 0.0
2568 0 0 0.0 0.0
2569 0 0 0.0 0.0
2570 0 0 0.0 0.0
2571 0 0 0.0 0.0
2572 0 0 0.0 0.0
2573 0 0 0.0 0.0
2574 1 1  0.987 0.968
2575 1 1  0.968 0.957
2576 1 1  0.929 0.962
2577 1 1  0.903 0.956
2578 1 1  0.978 0.944
2579 1 1  0.912 0.945
2580 1 1  0.999 0.922
2581 1 1  0.947 0.912
2582 1 1  0.928 0.985
2583 1 1  0.992 0.926
2584 1 1  0.965 0.918
2585 1 1  0.975 0.938
2586 1 1  0.948 0.984
2587 1 1  0.929 0.945
2588 1 1  0.954 0.957
2589 1 1  0.973 0.931
2590 1 1  0.933 0.945
2591 1 1  0.932 0.903
2592 1 1  0.959 0.999
2593 1 1  0.934 0.941
2594 1 1  0.971 0.926
2595 1 1  0.981 0.954
2596 1 1  0.911 0.908
2597 1 1  0.989 0.963
2598 1 1  0.983 0.976
2599 1 1  0.962 0.946
2600 1 1  0.962 0.974
2601 1 1  0.931 0.967
2602 1 1  0.904 0.98
2603 1 1  0.979 0.964
2604 1 1  0.996 0.998
2605 1 1  0.925 0.994
2606 1 1  0.914 0.936
2607 1 1  0.907 0.928
2608 1 1  0.936 0.939
2609 1 1  0.979 0.982
2610 1 1  0.966 0.916
2611 1 1  0.97 0.968
2612 1 1  0.915 0.988
2613 1 1  0.935 0.917
2614 1 1  0.979 0.989
2615 1 1  0.968 0.965
2616 1 1  0.937 0.911
2617 1 1  0.987 0.985
2618 1 1  0.99 0.908
2619 1 1  0.971 0.942
2620 1 1  0.926 0.971
2621 1 1  0.944 0.904
2622 1 1  0.982 0.989
2623 1 1  0.964 0.94
2624 1 1  0.963 0.921
2625 1 1  0.998 0.958
2626 1 1  0.929 0.943
2627 1 1  0.904 0.903
2628 1 1  0.942 0.938
2629 1 1  0.961 0.934
2630 1 1  0.933 0.917
2631 1 1  0.936 0.978
2632 1 1  0.904 0.937
2633 1 1  0.978 0.967
2634 1 1  0.947 0.974
2635 1 1  0.962 0.986
2636 1 1  0.924 0.966
2637 1 1  0.931 0.933
2638 1 1  0.981 0.921
2639 1 1  0.97 0.925
2640 1 1  0.959 0.998
2641 1 1  0.903 0.936
2642 1 1  0.973 0.944
2643 1 1  0.968 0.91
2644 1 1  0.901 0.965
2645 1 1  0.952 0.985
2646 0 0 0.0 0.0
2647 0 0 0.0 0.0
2648 0 0 0.0 0.0
2649 0 0 0.0 0.0
2650 0 0 0.0 0.0
2651 0 0 0.0 0.0
2652 0 0 0.0 0.0
2653 0 0 0.0 0.0
2654 0 0 0.0 0.0
2655 0 0 0.0 0.0
2656 0 0 0.0 0.0
2657 0 0 0.0 0.0
2658 0 0 0.0 0.0
2659 0 0 0.0 0.0
2660 0 0 0.0 0.0
2661 0 0 0.0 0.0
2662 0 0 0.0 0.0
2663 0 0 0.0 0.0
2664 0 0 0.0 0.0
2665 0 0 0.0 0.0
2666 0 0 0.0 0.0
2667 0 0 0.0 0.0
2668 0 0 0.0 0.0
2669 0 0 0.0 0.0
2670 0 0 0.0 0.0
2671 0 0 0.0 0.0
2672 0 0 0.0 0.0
2673 0 0 0.0 0.0
2674 0 0 0.0 0.0
2675 0 0 0.0 0.0
2676 0 0 0.0 0.0
2677 0 0 0.0 0.0
2678 0 0 0.0 0.0
2679 0 0 0.0 0.0
2680 0 0 0.0 0.0
2681 0 0 0.0 0.0
2682 0 0 0.0 0.0
2683 1 1  0.955 0.923
2684 1 1  0.977 0.97
2685 1 1  0.955 0.977
2686 1 1  0.911 0.965
2687 1 1  0.935 0.946
2688 1 1  0.975 0.948
2689 1 1  0.979 0.954
2690 1 1  0.933 0.941
2691 1 1  0.991 0.918
2692 1 1  0.9 0.97
2693 1 1  0.927 0.943
2694 1 1  0.94 0.938
2695 1 1  0.949 0.962
2696 1 1  0.958 0.99
2697 1 1  0.985 0.999
2698 1 1  0.922 0.906
2699 1 1  0.973 0.938
2700 1 1  0.979 0.924
2701 1 1  0.909 0.967
2702 1 1  0.935 0.957
2703 1 1  0.906 0.936
2704 1 1  0.94 0.922
2705 1 1  0.987 0.972
2706 1 1  0.963 0.924
2707 1 1  0.942 0.919
2708 1 1  0.929 0.949
2709 1 1  0.984 0.921
2710 1 1  0.949 0.979
2711 1 1  0.999 0.921
2712 1 1  0.918 0.978
2713 1 1  0.957 0.973
2714 1 1  0.928 0.933
2715 1 1  0.939 0.924
2716 1 1  0.99 0.9
2717 1 1  0.937 0.917
2718 1 1  0.994 0.974
2719 1 1  0.953 0.967
2720 1 1  0.917 0.922
2721 1 1  0.913 0.98
2722 1 1  0.988 0.932
2723 1 1  0.904 0.972
2724 1 1  0.989 0.995
2725 1 1  0.977 0.946
2726 1 1  0.904 0.981
2727 1 1  0.996 0.977
2728 1 1  0.947 0.901
2729 1 1  1 0.96
2730 1 1  0.943 0.906
2731 1 1  0.909 0.92
2732 1 1  0.965 0.986
2733 1 1  0.96 0.952
2734 1 1  0.944 0.999
2735 1 1  0.929 0.907
2736 1 1  0.989 0.923
2737 1 1  0.943 0.998
2738 1 1  0.999 0.966
2739 1 1  0.953 0.96
2740 1 1  0.915 0.934
2741 1 1  0.973 0.907
2742 1 1  0.922 0.959
2743 1 1  0.946 0.938
2744 1 1  0.981 0.913
2745 1 1  0.953 1
2746 1 1  0.911 0.952
2747 1 1  0.99 0.959
2748 1 1  0.998 0.928
2749 1 1  0.928 0.924
2750 1 1  0.956 0.944
2751 1 1  0.944 0.981
2752 1 1  0.936 0.988
2753 1 1  0.995 0.909
2754 1 1  0.955 0.946
2755 0 0 0.0 0.0
2756 0 0 0.0 0.0
2757 0 0 0.0 0.0
2758 0 0 0.0 0.0
2759 0 0 0.0 0.0
2760 0 0 0.0 0.0
2761 0 0 0.0 0.0
2762 0 0 0.0 0.0
2763 0 0 0.0 0.0
2764 0 0 0.0 0.0
2765 0 0 0.0 0.0
2766 0 0 0.0 0.0
2767 0 0 0.0 0.0
2768 0 0 0.0 0.0
2769 0 0 0.0 0.0
2770 0 0 0.0 0.0
2771 0 0 0.0 0.0
2772 0 0 0.0 0.0
2773 0 0 0.0 0.0
2774 0 0 0.0 0.0
2775 0 0 0.0 0.0
2776 0 0 0.0 0.0
2777 0 0 0.0 0.0
2778 0 0 0.0 0.0
2779 0 0 0.0 0.0
2780 0 0 0.0 0.0
2781 0 0 0.0 0.0
2782 0 0 0.0 0.0
2783 0 0 0.0 0.0
2784 0 0 0.0 0.0
2785 0 0 0.0 0.0
2786 0 0 0.0 0.0
2787 0 0 0.0 0.0
2788 0 0 0.0 0.0
2789 0 0 0.0 0.0
2790 0 0 0.0 0.0
2791 0 0 0.0 0.0
2792 1 1  0.913 0.914
2793 1 1  0.958 0.908
2794 1 1  0.916 0.967
2795 1 1  0.946 0.986
2796 1 1  0.982 0.965
2797 1 1  0.953 0.909
2798 1 1  0.913 0.993
2799 1 1  0.982 0.945
2800 1 1  0.974 0.959
2801 1 1  0.915 0.935
2802 1 1  0.966 0.904
2803 1 1  0.989 0.903
2804 1 1  0.938 0.956
2805 1 1  0.974 0.963
2806 1 1  0.917 0.947
2807 1 1  0.995 0.953
2808 1 1  0.967 0.984
2809 1 1  0.968 0.962
2810 1 1  0.968 0.947
2811 1 1  0.91 0.928
2812 1 1  0.912 0.95
2813 1 1  0.921 0.907
2814 1 1  0.921 0.971
2815 1 1  0.909 0.931
2816 1 1  0.937 0.996
2817 1 1  0.96 0.955
2818 1 1  1 0.947
2819 1 1  0.935 0.971
2820 1 1  0.926 0.907
2821 1 1  0.982 0.951
2822 1 1  0.954 0.955
2823 1 1  0.933 0.954
2824 1 1  0.954 0.902
2825 1 1  0.966 0.912
2826 1 1  0.919 0.971
2827 1 1  0.973 0.963
2828 1 1  0.965 0.958
2829 1 1  0.982 0.907
2830 1 1  0.912 0.944
2831 1 1  0.934 0.941
2832 1 1  0.92 0.94
2833 1 1  0.94 0.933
2834 1 1  0.958 0.93
2835 1 1  0.947 0.952
2836 1 1  0.924 0.949
2837 1 1  0.994 0.961
2838 1 1  0.991 0.914
2839 1 1  0.926 0.99
2840 1 1  0.931 0.91
2841 1 1  0.978 0.988
2842 1 1  0.98 0.997
2843 1 1  0.93 0.965
2844 1 1  0.991 0.957
2845 1 1  0.947 0.929
2846 1 1  0.953 0.92
2847 1 1  0.939 0.972
2848 1 1  0.979 0.977
2849 1 1  0.952 0.936
2850 1 1  0.945 0.968
2851 1 1  0.934 0.93
2852 1 1  0.938 0.949
2853 1 1  0.967 0.926
2854 1 1  0.976 0.959
2855 1 1  0.914 0.949
2856 1 1  0.912 0.963
2857 1 1  0.95 0.946
2858 1 1  0.936 0.919
2859 1 1  0.997 0.966
2860 1 1  0.949 0.912
2861 1 1  0.908 0.92
2862 1 1  0.943 0.904
2863 1 1  0.976 0.941
2864 0 0 0.0 0.0
2865 0 0 0.0 0.0
2866 0 0 0.0 0.0
2867 0 0 0.0 0.0
2868 0 0 0.0 0.0
2869 0 0 0.0 0.0
2870 0 0 0.0 0.0
2871 0 0 0.0 0.0
2872 0 0 0.0 0.0
2873 0 0 0.0 0.0
2874 0 0 0.0 0.0
2875 0 0 0.0 0.0
2876 0 0 0.0 0.0
2877 0 0 0.0 0.0
2878 0 0 0.0 0.0
2879 0 0 0.0 0.0
2880 0 0 0.0 0.0
2881 0 0 0.0 0.0
2882 0 0 0.0 0.0
2883 0 0 0.0 0.0
2884 0 0 0.0 0.0
2885 0 0 0.0 0.0
2886 0 0 0.0 0.0
2887 0 0 0.0 0.0
2888 0 0 0.0 0.0
2889 0 0 0.0 0.0
2890 0 0 0.0 0.0
2891 0 0 0.0 0.0
2892 0 0 0.0 0.0
2893 0 0 0.0 0.0
2894 0 0 0.0 0.0
2895 0 0 0.0 0.0
2896 0 0 0.0 0.0
2897 0 0 0.0 0.0
2898 0 0 0.0 0.0
2899 0 0 0.0 0.0
2900 0 0 0.0 0.0
2901 1 1  0.918 0.904
2902 1 1  0.989 0.959
2903 1 1  0.99 0.904
2904 1 1  0.934 0.922
2905 1 1  0.946 0.917
2906 1 1  0.931 0.904
2907 1 1  0.907 0.956
2908 1 1  0.938 0.913
2909 1 1  0.986 0.912
2910 1 1  0.938 0.963
2911 1 1  0.993 0.946
2912 1 1  0.974 0.998
2913 1 1  0.967 0.966
2914 1 1  0.962 0.944
2915 1 1  0.998 0.965
2916 1 1  0.974 0.921
2917 1 1  0.983 0.991
2918 1 1  0.911 0.903
2919 1 1  0.976 0.972
2920 1 1  0.966 0.903
2921 1 1  0.934 0.964
2922 1 1  0.905 0.952
2923 1 1  0.906 0.964
2924 1 1  0.933 0.971
2925 1 1  0.907 0.959
2926 1 1  0.97 0.902
2927 1 1  0.982 0.947
2928 1 1  0.977 0.904
2929 1 1  0.974 0.981
2930 1 1  0.925 0.935
2931 1 1  0.906 0.983
2932 1 1  0.916 0.942
2933 1 1  0.952 0.928
2934 1 1  0.999 0.927
2935 1 1  0.933 0.94
2936 1 1  0.949 0.907
2937 1 1  0.928 0.936
2938 1 1  0.995 0.968
2939 1 1  0.961 0.967
2940 1 1  0.993 0.918
2941 1 1  0.959 0.987
2942 1 1  0.987 0.953
2943 1 1  0.955 0.99
2944 1 1  0.954 0.927
2945 1 1  0.913 0.968
2946 1 1  0.91 0.938
2947 1 1  0.959 0.974
2948 1 1  0.993 0.981
2949 1 1  0.977 0.942
2950 1 1  0.982 0.981
2951 1 1  0.92 0.919
2952 1 1  0.905 1
2953 1 1  0.981 0.934
2954 1 1  0.963 0.92
2955 1 1  0.942 0.983
2956 1 1  0.916 0.923
2957 1 1  0.999 0.964
2958 1 1  0.955 0.951
2959 1 1  0.939 0.932
2960 1 1  0.967 0.971
2961 1 1  0.92 0.987
2962 1 1  0.989 0.917
2963 1 1  0.956 0.98
2964 1 1  0.936 0.912
2965 1 1  0.92 0.99
2966 1 1  0.937 0.907
2967 1 1  0.97 0.961
2968 1 1  0.926 0.934
2969 1 1  0.953 0.991
2970 1 1  0.972 0.938
2971 1 1  0.999 0.948
2972 1 1  0.917 0.975
2973 0 0 0.0 0.0
2974 0 0 0.0 0.0
2975 0 0 0.0 0.0
2976 0 0 0.0 0.0
2977 0 0 0.0 0.0
2978 0 0 0.0 0.0
2979 0 0 0.0 0.0
2980 0 0 0.0 0.0
2981 0 0 0.0 0.0
2982 0 0 0.0 0.0
2983 0 0 0.0 0.0
2984 0 0 0.0 0.0
2985 0 0 0.0 0.0
2986 0 0 0.0 0.0
2987 0 0 0.0 0.0
2988 0 0 0.0 0.0
2989 0 0 0.0 0.0
2990 0 0 0.0 0.0
2991 0 0 0.0 0.0
2992 0 0 0.0 0.0
2993 0 0 0.0 0.0
2994 0 0 0.0 0.0
2995 0 0 0.0 0.0
2996 0 0 0.0 0.0
2997 0 0 0.0 0.0
2998 0 0 0.0 0.0
2999 0 0 0.0 0.0
3000 0 0 0.0 0.0
3001 0 0 0.0 0.0
3002 0 0 0.0 0.0
3003 0 0 0.0 0.0
3004 0 0 0.0 0.0
3005 0 0 0.0 0.0
3006 0 0 0.0 0.0
3007 0 0 0.0 0.0
3008 0 0 0.0 0.0
3009 0 0 0.0 0.0
3010 1 1  0.967 0.927
3011 1 1  0.958 0.964
3012 1 1  0.98 0.905
3013 1 1  0.954 0.944
3014 1 1  0.988 0.913
3015 1 1  0.922 0.938
3016 1 1  0.989 0.943
3017 1 1  0.92 0.942
3018 1 1  0.949 0.925
3019 1 1  0.967 0.918
3020 1 1  0.919 0.915
3021 1 1  0.929 0.975
3022 1 1  0.954 0.941
3023 1 1  0.908 0.991
3024 1 1  0.929 0.973
3025 1 1  0.925 0.9
3026 1 1  0.981 0.935
3027 1 1  0.955 0.963
3028 1 1  0.951 0.965
3029 1 1  0.964 0.964
3030 1 1  0.998 0.995
3031 1 1  0.968 0.933
3032 1 1  0.995 0.953
3033 1 1  0.942 0.915
3034 1 1  0.924 0.942
3035 1 1  0.95 0.952
3036 1 1  0.999 0.975
3037 1 1  0.976 0.994
3038 1 1  0.965 0.952
3039 1 1  0.972 0.932
3040 1 1  0.918 0.979
3041 1 1  0.945 0.957
3042 1 1  0.904 0.996
3043 1 1  0.925 0.961
3044 1 1  0.941 0.919
3045 1 1  0.97 0.955
3046 1 1  0.931 0.973
3047 1 1  0.964 0.932
3048 1 1  0.989 0.965
3049 1 1  0.979 0.996
3050 1 1  0.944 0.995
3051 1 1  0.97 0.901
3052 1 1  0.922 0.986
3053 1 1  0.971 0.955
3054 1 1  0.936 0.938
3055 1 1  0.953 0.921
3056 1 1  0.961 0.905
3057 1 1  0.904 0.906
3058 1 1  0.978 0.98
3059 1 1  0.98 0.929
3060 1 1  0.919 0.926
3061 1 1  0.954 0.905
3062 1 1  0.951 0.982
3063 1 1  0.987 0.975
3064 1 1  0.971 0.997
3065 1 1  0.912 0.929
3066 1 1  0.976 0.986
3067 1 1  0.912 0.914
3068 1 1  0.922 0.943
3069 1 1  0.936 0.956
3070 1 1  0.959 0.946
3071 1 1  0.972 0.923
3072 1 1  0.958 0.991
3073 1 1  0.967 0.955
3074 1 1  0.947 0.994
3075 1 1  0.951 0.991
3076 1 1  0.968 0.979
3077 1 1  0.965 0.905
3078 1 1  0.964 0.922
3079 1 1  0.982 0.995
3080 1 1  0.905 0.902
3081 1 1  0.936 0.964
3082 0 0 0.0 0.0
3083 0 0 0.0 0.0
3084 0 0 0.0 0.0
3085 0 0 0.0 0.0
3086 0 0 0.0 0.0
3087 0 0 0.0 0.0
3088 0 0 0.0 0.0
3089 0 0 0.0 0.0
3090 0 0 0.0 0.0
3091 0 0 0.0 0.0
3092 0 0 0.0 0.0
3093 0 0 0.0 0.0
3094 0 0 0.0 0.0
3095 0 0 0.0 0.0
3096 0 0 0.0 0.0
3097 0 0 0.0 0.0
3098 0 0 0.0 0.0
3099 0 0 0.0 0.0
3100 0 0 0.0 0.0
3101 0 0 0.0 0.0
3102 0 0 0.0 0.0
3103 0 0 0.0 0.0
3104 0 0 0.0 0.0
3105 0 0 0.0 0.0
3106 0 0 0.0 0.0
3107 0 0 0.0 0.0
3108 0 0 0.0 0.0
3109 0 0 0.0 0.0
3110 0 0 0.0 0.0
3111 0 0 0.0 0.0
3112 0 0 0.0 0.0
3113 0 0 0.0 0.0
3114 0 0 0.0 0.0
3115 0 0 0.0 0.0
3116 0 0 0.0 0.0
3117 0 0 0.0 0.0
3118 0 0 0.0 0.0
3119 1 1  0.96 0.94
3120 1 1  0.945 0.978
3121 1 1  0.986 0.948
3122 1 1  0.96 0.959
3123 1 1  0.912 0.918
3124 1 1  0.903 0.981
3125 1 1  0.976 0.938
3126 1 1  0.929 0.977
3127 1 1  0.942 0.937
3128 1 1  0.955 0.984
3129 1 1  0.902 0.952
3130 1 1  0.959 0.964
3131 1 1  0.95 0.911
3132 1 1  0.975 0.98
3133 1 1  0.976 0.91
3134 1 1  0.937 0.97
3135 1 1  0.986 0.942
3136 1 1  0.969 0.97
3137 1 1  0.949 0.954
3138 1 1  0.918 0.992
3139 1 1  0.983 0.927
3140 1 1  0.967 0.961
3141 1 1  0.901 0.94
3142 1 1  0.98 0.905
3143 1 1  0.948 0.935
3144 1 1  0.932 0.906
3145 1 1  0.947 0.93
3146 1 1  0.908 0.996
3147 1 1  0.979 0.905
3148 1 1  0.951 0.907
3149 1 1  0.922 0.955
3150 1 1  0.947 0.913
3151 1 1  0.947 0.955
3152 1 1  0.943 0.985
3153 1 1  0.972 0.978
3154 1 1  0.973 0.92
3155 1 1  0.967 0.989
3156 1 1  0.904 0.978
3157 1 1  0.951 0.991
3158 1 1  0.952 0.903
3159 1 1  0.948 0.94
3160 1 1  0.961 0.927
3161 1 1  0.909 0.911
3162 1 1  0.985 0.981
3163 1 1  0.988 0.901
3164 1 1  0.914 0.953
3165 1 1  0.94 0.966
3166 1 1  0.975 0.916
3167 1 1  0.966 0.918
3168 1 1  0.987 0.941
3169 1 1  0.991 0.994
3170 1 1  0.95 0.9
3171 1 1  0.936 0.949
3172 1 1  0.915 0.992
3173 1 1  0.97 0.973
3174 1 1  0.93 0.908
3175 1 1  0.933 0.916
3176 1 1  0.947 0.983
3177 1 1  0.911 0.981
3178 1 1  0.926 0.909
3179 1 1  0.946 0.909
3180 1 1  0.92 0.978
3181 1 1  0.966 0.941
3182 1 1  0.908 0.985
3183 1 1  0.9 0.909
3184 1 1  0.957 0.96
3185 1 1  0.941 0.991
3186 1 1  0.981 0.906
3187 1 1  0.985 0.944
3188 1 1  0.988 0.979
3189 1 1  0.9 0.911
3190 1 1  0.95 0.951
3191 0 0 0.0 0.0
3192 0 0 0.0 0.0
3193 0 0 0.0 0.0
3194 0 0 0.0 0.0
3195 0 0 0.0 0.0
3196 0 0 0.0 0.0
3197 0 0 0.0 0.0
3198 0 0 0.0 0.0
3199 0 0 0.0 0.0
3200 0 0 0.0 0.0
3201 0 0 0.0 0.0
3202 0 0 0.0 0.0
3203 0 0 0.0 0.0
3204 0 0 0.0 0.0
3205 0 0 0.0 0.0
3206 0 0 0.0 0.0
3207 0 0 0.0 0.0
3208 0 0 0.0 0.0
3209 0 0 0.0 0.0
3210 0 0 0.0 0.0
3211 0 0 0.0 0.0
3212 0 0 0.0 0.0
3213 0 0 0.0 0.0
3214 0 0 0.0 0.0
3215 0 0 0.0 0.0
3216 0 0 0.0 0.0
3217 0 0 0.0 0.0
3218 0 0 0.0 0.0
3219 0 0 0.0 0.0
3220 0 0 0.0 0.0
3221 0 0 0.0 0.0
3222 0 0 0.0 0.0
3223 0 0 0.0 0.0
3224 0 0 0.0 0.0
3225 0 0 0.0 0.0
3226 0 0 0.0 0.0
3227 0 0 0.0 0.0
3228 0 0 0.0 0.0
3229 0 0 0.0 0.0
3230 0 0 0.0 0.0
3231 0 0 0.0 0.0
3232 0 0 0.0 0.0
3233 0 0 0.0 0.0
3234 0 0 0.0 0.0
3235 0 0 0.0 0.0
3236 0 0 0.0 0.0
3237 0 0 0.0 0.0
3238 0 0 0.0 0.0
3239 0 0 0.0 0.0
3240 0 0 0.0 0.0
3241 0 0 0.0 0.0
3242 0 0 0.0 0.0
3243 0 0 0.0 0.0
3244 0 0 0.0 0.0
3245 0 0 0.0 0.0
3246 0 0 0.0 0.0
3247 0 0 0.0 0.0
3248 0 0 0.0 0.0
3249 0 0 0.0 0.0
3250 0 0 0.0 0.0
3251 0 0 0.0 0.0
3252 0 0 0.0 0.0
3253 0 0 0.0 0.0
3254 0 0 0.0 0.0
3255 0 0 0.0 0.0
3256 0 0 0.0 0.0
3257 0 0 0.0 0.0
3258 0 0 0.0 0.0
3259 0 0 0.0 0.0
3260 0 0 0.0 0.0
3261 0 0 0.0 0.0
3262 0 0 0.0 0.0
3263 0 0 0.0 0.0
3264 0 0 0.0 0.0
3265 0 0 0.0 0.0
3266 0 0 0.0 0.0
3267 0 0 0.0 0.0
3268 0 0 0.0 0.0
3269 0 0 0.0 0.0
3270 0 0 0.0 0.0
3271 0 0 0.0 0.0
3272 0 0 0.0 0.0
3273 0 0 0.0 0.0
3274 0 0 0.0 0.0
3275 0 0 0.0 0.0
3276 0 0 0.0 0.0
3277 0 0 0.0 0.0
3278 0 0 0.0 0.0
3279 0 0 0.0 0.0
3280 0 0 0.0 0.0
3281 0 0 0.0 0.0
3282 0 0 0.0 0.0
3283 0 0 0.0 0.0
3284 0 0 0.0 0.0
3285 0 0 0.0 0.0
3286 0 0 0.0 0.0
3287 0 0 0.0 0.0
3288 0 0 0.0 0.0
3289 0 0 0.0 0.0
3290 0 0 0.0 0.0
3291 0 0 0.0 0.0
3292 0 0 0.0 0.0
3293 0 0 0.0 0.0
3294 0 0 0.0 0.0
3295 0 0 0.0 0.0
3296 0 0 0.0 0.0
3297 0 0 0.0 0.0
3298 0 0 0.0 0.0
3299 0 0 0.0 0.0
3300 0 0 0.0 0.0
3301 0 0 0.0 0.0
3302 0 0 0.0 0.0
3303 0 0 0.0 0.0
3304 0 0 0.0 0.0
3305 0 0 0.0 0.0
3306 0 0 0.0 0.0
3307 0 0 0.0 0.0
3308 0 0 0.0 0.0
3309 0 0 0.0 0.0
3310 0 0 0.0 0.0
3311 0 0 0.0 0.0
3312 0 0 0.0 0.0
3313 0 0 0.0 0.0
3314 0 0 0.0 0.0
3315 0 0 0.0 0.0
3316 0 0 0.0 0.0
3317 0 0 0.0 0.0
3318 0 0 0.0 0.0
3319 0 0 0.0 0.0
3320 0 0 0.0 0.0
3321 0 0 0.0 0.0
3322 0 0 0.0 0.0
3323 0 0 0.0 0.0
3324 0 0 0.0 0.0
3325 0 0 0.0 0.0
3326 0 0 0.0 0.0
3327 0 0 0.0 0.0
3328 0 0 0.0 0.0
3329 0 0 0.0 0.0
3330 0 0 0.0 0.0
3331 0 0 0.0 0.0
3332 0 0 0.0 0.0
3333 0 0 0.0 0.0
3334 0 0 0.0 0.0
3335 0 0 0.0 0.0
3336 0 0 0.0 0.0
3337 0 0 0.0 0.0
3338 0 0 0.0 0.0
3339 0 0 0.0 0.0
3340 0 0 0.0 0.0
3341 0 0 0.0 0.0
3342 0 0 0.0 0.0
3343 0 0 0.0 0.0
3344 0 0 0.0 0.0
3345 0 0 0.0 0.0
3346 0 0 0.0 0.0
3347 0 0 0.0 0.0
3348 0 0 0.0 0.0
3349 0 0 0.0 0.0
3350 0 0 0.0 0.0
3351 0 0 0.0 0.0
3352 0 0 0.0 0.0
3353 0 0 0.0 0.0
3354 0 0 0.0 0.0
3355 0 0 0.0 0.0
3356 0 0 0.0 0.0
3357 0 0 0.0 0.0
3358 0 0 0.0 0.0
3359 0 0 0.0 0.0
3360 0 0 0.0 0.0
3361 0 0 0.0 0.0
3362 0 0 0.0 0.0
3363 0 0 0.0 0.0
3364 0 0 0.0 0.0
3365 0 0 0.0 0.0
3366 0 0 0.0 0.0
3367 0 0 0.0 0.0
3368 0 0 0.0 0.0
3369 0 0 0.0 0.0
3370 0 0 0.0 0.0
3371 0 0 0.0 0.0
3372 0 0 0.0 0.0
3373 0 0 0.0 0.0
3374 0 0 0.0 0.0
3375 0 0 0.0 0.0
3376 0 0 0.0 0.0
3377 0 0 0.0 0.0
3378 0 0 0.0 0.0
3379 0 0 0.0 0.0
3380 0 0 0.0 0.0
3381 0 0 0.0 0.0
3382 0 0 0.0 0.0
3383 0 0 0.0 0.0
3384 0 0 0.0 0.0
3385 0 0 0.0 0.0
3386 0 0 0.0 0.0
3387 0 0 0.0 0.0
3388 0 0 0.0 0.0
3389 0 0 0.0 0.0
3390 0 0 0.0 0.0
3391 0 0 0.0 0.0
3392 0 0 0.0 0.0
3393 0 0 0.0 0.0
3394 0 0 0.0 0.0
3395 0 0 0.0 0.0
3396 0 0 0.0 0.0
3397 0 0 0.0 0.0
3398 0 0 0.0 0.0
3399 0 0 0.0 0.0
3400 0 0 0.0 0.0
3401 0 0 0.0 0.0
3402 0 0 0.0 0.0
3403 0 0 0.0 0.0
3404 0 0 0.0 0.0
3405 0 0 0.0 0.0
3406 0 0 0.0 0.0
3407 0 0 0.0 0.0
3408 0 0 0.0 0.0
3409 0 0 0.0 0.0
3410 0 0 0.0 0.0
3411 0 0 0.0 0.0
3412 0 0 0.0 0.0
3413 0 0 0.0 0.0
3414 0 0 0.0 0.0
3415 0 0 0.0 0.0
3416 0 0 0.0 0.0
3417 0 0 0.0 0.0
3418 0 0 0.0 0.0
3419 0 0 0.0 0.0
3420 0 0 0.0 0.0
3421 0 0 0.0 0.0
3422 0 0 0.0 0.0
3423 0 0 0.0 0.0
3424 0 0 0.0 0.0
3425 0 0 0.0 0.0
3426 0 0 0.0 0.0
3427 0 0 0.0 0.0
3428 0 0 0.0 0.0
3429 0 0 0.0 0.0
3430 0 0 0.0 0.0
3431 0 0 0.0 0.0
3432 0 0 0.0 0.0
3433 0 0 0.0 0.0
3434 0 0 0.0 0.0
3435 0 0 0.0 0.0
3436 0 0 0.0 0.0
3437 0 0 0.0 0.0
3438 0 0 0.0 0.0
3439 0 0 0.0 0.0
3440 0 0 0.0 0.0
3441 0 0 0.0 0.0
3442 0 0 0.0 0.0
3443 0 0 0.0 0.0
3444 0 0 0.0 0.0
3445 0 0 0.0 0.0
3446 0 0 0.0 0.0
3447 0 0 0.0 0.0
3448 0 0 0.0 0.0
3449 0 0 0.0 0.0
3450 0 0 0.0 0.0
3451 0 0 0.0 0.0
3452 0 0 0.0 0.0
3453 0 0 0.0 0.0
3454 0 0 0.0 0.0
3455 0 0 0.0 0.0
3456 0 0 0.0 0.0
3457 0 0 0.0 0.0
3458 0 0 0.0 0.0
3459 0 0 0.0 0.0
3460 0 0 0.0 0.0
3461 0 0 0.0 0.0
3462 0 0 0.0 0.0
3463 0 0 0.0 0.0
3464 0 0 0.0 0.0
3465 0 0 0.0 0.0
3466 0 0 0.0 0.0
3467 0 0 0.0 0.0
3468 0 0 0.0 0.0
3469 0 0 0.0 0.0
3470 0 0 0.0 0.0
3471 0 0 0.0 0.0
3472 0 0 0.0 0.0
3473 0 0 0.0 0.0
3474 0 0 0.0 0.0
3475 0 0 0.0 0.0
3476 0 0 0.0 0.0
3477 0 0 0.0 0.0
3478 0 0 0.0 0.0
3479 0 0 0.0 0.0
3480 0 0 0.0 0.0
3481 0 0 0.0 0.0
3482 0 0 0.0 0.0
3483 0 0 0.0 0.0
3484 0 0 0.0 0.0
3485 0 0 0.0 0.0
3486 0 0 0.0 0.0
3487 0 0 0.0 0.0
3488 0 0 0.0 0.0
3489 0 0 0.0 0.0
3490 0 0 0.0 0.0
3491 0 0 0.0 0.0
3492 0 0 0.0 0.0
3493 0 0 0.0 0.0
3494 0 0 0.0 0.0
3495 0 0 0.0 0.0
3496 0 0 0.0 0.0
3497 0 0 0.0 0.0
3498 0 0 0.0 0.0
3499 0 0 0.0 0.0
3500 0 0 0.0 0.0
3501 0 0 0.0 0.0
3502 0 0 0.0 0.0
3503 0 0 0.0 0.0
3504 0 0 0.0 0.0
3505 0 0 0.0 0.0
3506 0 0 0.0 0.0
3507 0 0 0.0 0.0
3508 0 0 0.0 0.0
3509 0 0 0.0 0.0
3510 0 0 0.0 0.0
3511 0 0 0.0 0.0
3512 0 0 0.0 0.0
3513 0 0 0.0 0.0
3514 0 0 0.0 0.0
3515 0 0 0.0 0.0
3516 0 0 0.0 0.0
3517 0 0 0.0 0.0
3518 0 0 0.0 0.0
3519 0 0 0.0 0.0
3520 0 0 0.0 0.0
3521 0 0 0.0 0.0
3522 0 0 0.0 0.0
3523 0 0 0.0 0.0
3524 0 0 0.0 0.0
3525 0 0 0.0 0.0
3526 0 0 0.0 0.0
3527 0 0 0.0 0.0
3528 0 0 0.0 0.0
3529 0 0 0.0 0.0
3530 0 0 0.0 0.0
3531 0 0 0.0 0.0
3532 0 0 0.0 0.0
3533 0 0 0.0 0.0
3534 0 0 0.0 0.0
3535 0 0 0.0 0.0
3536 0 0 0.0 0.0
3537 0 0 0.0 0.0
3538 0 0 0.0 0.0
3539 0 0 0.0 0.0
3540 0 0 0.0 0.0
3541 0 0 0.0 0.0
3542 0 0 0.0 0.0
3543 0 0 0.0 0.0
3544 0 0 0.0 0.0
3545 0 0 0.0 0.0
3546 0 0 0.0 0.0
3547 0 0 0.0 0.0
3548 0 0 0.0 0.0
3549 0 0 0.0 0.0
3550 0 0 0.0 0.0
3551 0 0 0.0 0.0
3552 0 0 0.0 0.0
3553 0 0 0.0 0.0
3554 0 0 0.0 0.0
3555 0 0 0.0 0.0
3556 0 0 0.0 0.0
3557 0 0 0.0 0.0
3558 0 0 0.0 0.0
3559 0 0 0.0 0.0
3560 0 0 0.0 0.0
3561 0 0 0.0 0.0
3562 0 0 0.0 0.0
3563 0 0 0.0 0.0
3564 0 0 0.0 0.0
