1 1 1  0.916 0.943
2 1 1  0.976 0.953
3 1 1  0.904 0.968
4 1 1  0.997 0.911
5 1 1  0.982 0.908
6 1 1  0.932 0.943
7 1 1  0.943 0.949
8 1 1  0.978 0.998
9 1 1  0.97 0.916
10 1 1  0.993 0.906
11 1 1  0.965 0.958
12 1 1  0.973 0.97
13 0 0 0.0 0.0
14 0 0 0.0 0.0
15 0 0 0.0 0.0
16 0 0 0.0 0.0
17 0 0 0.0 0.0
18 0 0 0.0 0.0
19 0 0 0.0 0.0
20 0 0 0.0 0.0
21 0 0 0.0 0.0
22 0 0 0.0 0.0
23 0 0 0.0 0.0
24 0 0 0.0 0.0
25 0 0 0.0 0.0
26 0 0 0.0 0.0
27 0 0 0.0 0.0
28 0 0 0.0 0.0
29 0 0 0.0 0.0
30 0 0 0.0 0.0
31 0 0 0.0 0.0
32 0 0 0.0 0.0
33 0 0 0.0 0.0
34 0 0 0.0 0.0
35 0 0 0.0 0.0
36 0 0 0.0 0.0
37 0 0 0.0 0.0
38 0 0 0.0 0.0
39 0 0 0.0 0.0
40 0 0 0.0 0.0
41 0 0 0.0 0.0
42 0 0 0.0 0.0
43 0 0 0.0 0.0
44 0 0 0.0 0.0
45 0 0 0.0 0.0
46 0 0 0.0 0.0
47 0 0 0.0 0.0
48 0 0 0.0 0.0
49 0 0 0.0 0.0
50 0 0 0.0 0.0
51 0 0 0.0 0.0
52 0 0 0.0 0.0
53 0 0 0.0 0.0
54 0 0 0.0 0.0
55 0 0 0.0 0.0
56 0 0 0.0 0.0
57 0 0 0.0 0.0
58 0 0 0.0 0.0
59 0 0 0.0 0.0
60 1 1  0.936 0.929
61 1 1  0.952 0.946
62 1 1  0.938 0.905
63 1 1  0.989 0.99
64 1 1  0.987 0.921
65 1 1  0.922 0.901
66 1 1  0.985 0.973
67 1 1  0.965 0.982
68 1 1  0.943 0.92
69 1 1  0.917 0.908
70 1 1  0.979 0.93
71 1 1  0.962 0.977
72 1 1  0.932 0.981
73 1 1  0.997 0.964
74 1 1  0.97 0.902
75 1 1  0.996 0.9
76 1 1  0.904 0.935
77 1 1  0.949 0.919
78 1 1  0.974 0.96
79 1 1  0.92 0.92
80 1 1  0.958 0.902
81 1 1  0.992 0.904
82 1 1  0.952 0.998
83 1 1  0.995 0.948
84 1 1  0.911 0.983
85 1 1  0.953 0.972
86 1 1  0.957 0.994
87 1 1  0.988 0.962
88 1 1  0.97 0.975
89 1 1  0.925 0.909
90 1 1  0.923 0.993
91 1 1  0.916 0.992
92 1 1  0.974 0.954
93 1 1  0.907 0.955
94 1 1  0.935 0.938
95 1 1  0.911 0.99
96 1 1  0.916 0.929
97 1 1  0.907 0.922
98 1 1  0.989 0.951
99 1 1  0.959 0.979
100 1 1  0.964 0.97
101 1 1  0.938 0.908
102 1 1  0.938 0.943
103 1 1  0.969 0.943
104 1 1  0.956 0.957
105 1 1  0.948 0.953
106 1 1  0.991 0.989
107 1 1  0.954 0.904
108 1 1  0.906 0.994
109 1 1  0.957 0.974
110 1 1  0.9 0.907
111 1 1  0.928 0.913
112 1 1  0.972 0.999
113 1 1  0.999 0.976
114 1 1  0.95 0.931
115 1 1  0.966 0.936
116 1 1  0.975 0.957
117 1 1  0.99 0.927
118 1 1  0.948 0.962
119 1 1  0.971 0.903
120 1 1  0.945 0.901
121 1 1  0.964 0.956
122 1 1  0.972 0.936
123 1 1  0.95 0.981
124 1 1  0.957 0.951
125 1 1  0.959 0.993
126 1 1  0.919 0.937
127 1 1  0.978 0.966
128 1 1  0.975 0.928
129 1 1  0.935 0.967
130 1 1  0.975 0.962
131 1 1  0.928 0.905
132 0 0 0.0 0.0
133 0 0 0.0 0.0
134 0 0 0.0 0.0
135 0 0 0.0 0.0
136 0 0 0.0 0.0
137 0 0 0.0 0.0
138 0 0 0.0 0.0
139 0 0 0.0 0.0
140 1 1  0.91 0.935
141 1 1  0.962 0.94
142 1 1  0.984 0.902
143 1 1  0.979 0.906
144 1 1  0.974 0.954
145 1 1  0.907 0.934
146 1 1  0.99 0.995
147 1 1  0.924 0.984
148 1 1  0.978 0.908
149 1 1  0.907 0.975
150 1 1  0.902 0.976
151 1 1  0.958 0.963
152 1 1  0.996 1
153 1 1  0.912 0.971
154 1 1  0.969 0.917
155 1 1  0.908 0.921
156 1 1  0.917 0.998
157 1 1  0.936 0.995
158 1 1  0.985 0.94
159 1 1  0.933 0.953
160 1 1  0.939 0.963
161 1 1  0.933 0.939
162 1 1  0.971 0.947
163 1 1  0.909 0.991
164 1 1  0.975 0.914
165 1 1  0.911 0.955
166 1 1  0.985 0.994
167 1 1  0.98 0.901
168 1 1  0.99 0.981
169 1 1  0.936 0.905
170 1 1  0.962 0.908
171 1 1  0.934 0.952
172 1 1  0.976 0.911
173 1 1  0.987 0.989
174 1 1  0.992 0.921
175 1 1  0.941 0.919
176 1 1  0.94 0.991
177 1 1  0.981 0.916
178 1 1  0.983 0.974
179 1 1  0.955 0.977
180 1 1  0.96 0.932
181 1 1  0.948 0.94
182 1 1  0.966 0.908
183 1 1  0.972 0.984
184 1 1  0.935 0.923
185 1 1  0.96 0.973
186 1 1  0.941 0.949
187 1 1  0.901 0.966
188 1 1  0.931 0.945
189 1 1  0.927 0.954
190 1 1  0.968 0.961
191 1 1  0.973 0.96
192 1 1  0.907 0.993
193 1 1  0.903 0.931
194 1 1  0.961 0.913
195 1 1  0.915 0.966
196 1 1  0.961 0.968
197 1 1  0.991 0.98
198 1 1  0.926 0.982
199 1 1  0.957 0.917
200 1 1  0.938 0.927
201 1 1  0.915 0.983
202 1 1  0.962 0.905
203 1 1  0.931 0.974
204 1 1  0.995 0.992
205 1 1  0.916 0.925
206 1 1  0.905 0.938
207 1 1  0.913 0.998
208 1 1  1 0.978
209 1 1  0.982 0.982
210 1 1  0.9 0.983
211 1 1  0.997 0.957
212 0 0 0.0 0.0
213 0 0 0.0 0.0
214 0 0 0.0 0.0
215 0 0 0.0 0.0
216 0 0 0.0 0.0
217 0 0 0.0 0.0
218 0 0 0.0 0.0
219 0 0 0.0 0.0
220 1 1  0.92 0.975
221 1 1  0.915 0.925
222 1 1  0.913 0.998
223 1 1  0.997 0.979
224 1 1  0.929 0.99
225 1 1  0.905 0.942
226 1 1  0.929 0.904
227 1 1  0.927 0.943
228 1 1  0.931 0.955
229 1 1  0.961 0.97
230 1 1  0.901 0.952
231 1 1  0.91 0.981
232 1 1  0.982 0.939
233 1 1  0.909 0.977
234 1 1  0.93 0.994
235 1 1  0.9 0.932
236 1 1  0.96 0.922
237 1 1  0.971 0.942
238 1 1  0.91 0.905
239 1 1  0.923 0.97
240 1 1  0.918 0.928
241 1 1  0.976 0.923
242 1 1  0.958 0.933
243 1 1  0.985 0.986
244 1 1  0.907 0.911
245 1 1  0.975 0.908
246 1 1  0.909 0.958
247 1 1  0.98 0.915
248 1 1  0.968 0.961
249 1 1  0.95 0.992
250 1 1  0.958 0.925
251 1 1  0.918 0.93
252 1 1  0.926 0.954
253 1 1  0.946 0.923
254 1 1  0.973 0.946
255 1 1  0.939 0.932
256 1 1  0.93 0.967
257 1 1  0.97 0.912
258 1 1  0.903 0.998
259 1 1  0.993 0.931
260 1 1  0.925 0.951
261 1 1  0.923 0.994
262 1 1  0.965 0.981
263 1 1  0.903 0.979
264 1 1  0.949 0.906
265 1 1  0.975 0.999
266 1 1  0.991 0.976
267 1 1  0.923 1
268 1 1  0.906 0.911
269 1 1  0.987 0.952
270 1 1  0.947 0.948
271 1 1  0.989 0.947
272 1 1  0.923 0.918
273 1 1  0.94 0.92
274 1 1  0.972 0.977
275 1 1  0.999 0.958
276 1 1  0.929 0.993
277 1 1  0.935 0.982
278 1 1  0.996 0.998
279 1 1  0.979 0.9
280 1 1  0.995 0.967
281 1 1  0.973 0.976
282 1 1  0.932 1
283 1 1  0.924 0.932
284 1 1  0.919 0.934
285 1 1  0.907 0.961
286 1 1  0.956 0.903
287 1 1  0.914 0.907
288 1 1  0.969 0.917
289 1 1  0.954 0.985
290 1 1  0.906 0.926
291 1 1  0.953 0.915
292 0 0 0.0 0.0
293 0 0 0.0 0.0
294 0 0 0.0 0.0
295 0 0 0.0 0.0
296 0 0 0.0 0.0
297 0 0 0.0 0.0
298 0 0 0.0 0.0
299 0 0 0.0 0.0
300 1 1  0.984 0.971
301 1 1  0.903 0.96
302 1 1  0.988 0.903
303 1 1  0.972 0.922
304 1 1  0.92 0.905
305 1 1  0.934 0.986
306 1 1  0.95 0.908
307 1 1  0.996 0.956
308 1 1  0.989 0.943
309 1 1  0.963 0.951
310 1 1  0.964 0.915
311 1 1  0.979 0.963
312 1 1  0.917 0.95
313 1 1  0.966 0.935
314 1 1  0.939 0.98
315 1 1  0.932 0.912
316 1 1  0.932 1
317 1 1  0.938 0.969
318 1 1  0.946 0.939
319 1 1  0.918 0.934
320 1 1  0.942 0.953
321 1 1  0.91 0.932
322 1 1  0.927 0.949
323 1 1  0.988 0.926
324 1 1  0.982 0.982
325 1 1  0.911 0.994
326 1 1  0.921 0.919
327 1 1  0.966 0.945
328 1 1  0.931 0.943
329 1 1  0.961 0.932
330 1 1  0.931 0.913
331 1 1  0.929 0.98
332 1 1  0.919 0.911
333 1 1  0.921 0.982
334 1 1  0.917 0.909
335 1 1  0.919 0.98
336 1 1  1 0.902
337 1 1  0.951 0.992
338 1 1  0.979 0.96
339 1 1  0.906 0.965
340 1 1  0.929 0.95
341 1 1  0.934 0.908
342 1 1  0.973 0.985
343 1 1  0.959 0.959
344 1 1  1 0.939
345 1 1  0.979 0.996
346 1 1  0.977 0.986
347 1 1  0.924 0.92
348 1 1  0.907 0.973
349 1 1  0.913 0.972
350 1 1  0.993 0.966
351 1 1  0.902 0.947
352 1 1  0.954 0.954
353 1 1  0.912 0.922
354 1 1  0.95 0.901
355 1 1  0.966 0.9
356 1 1  0.916 0.904
357 1 1  0.944 0.906
358 1 1  0.953 0.987
359 1 1  0.987 0.96
360 1 1  0.925 0.937
361 1 1  0.914 0.989
362 1 1  0.991 0.959
363 1 1  0.93 0.91
364 1 1  0.948 0.973
365 1 1  0.949 0.948
366 1 1  0.99 0.97
367 1 1  0.955 0.919
368 1 1  0.962 0.961
369 1 1  0.944 0.937
370 1 1  0.987 0.959
371 1 1  0.932 0.961
372 0 0 0.0 0.0
373 0 0 0.0 0.0
374 0 0 0.0 0.0
375 0 0 0.0 0.0
376 0 0 0.0 0.0
377 0 0 0.0 0.0
378 0 0 0.0 0.0
379 0 0 0.0 0.0
380 0 0 0.0 0.0
381 0 0 0.0 0.0
382 0 0 0.0 0.0
383 0 0 0.0 0.0
384 0 0 0.0 0.0
385 0 0 0.0 0.0
386 0 0 0.0 0.0
387 0 0 0.0 0.0
388 0 0 0.0 0.0
389 0 0 0.0 0.0
390 0 0 0.0 0.0
391 0 0 0.0 0.0
392 0 0 0.0 0.0
393 0 0 0.0 0.0
394 0 0 0.0 0.0
395 0 0 0.0 0.0
396 0 0 0.0 0.0
397 0 0 0.0 0.0
398 0 0 0.0 0.0
399 0 0 0.0 0.0
400 0 0 0.0 0.0
401 0 0 0.0 0.0
402 0 0 0.0 0.0
403 0 0 0.0 0.0
404 0 0 0.0 0.0
405 0 0 0.0 0.0
406 0 0 0.0 0.0
407 1 1  0.95 0.932
408 1 1  0.964 0.92
409 1 1  0.947 0.954
410 1 1  0.955 0.997
411 1 1  0.981 0.915
412 1 1  0.985 0.993
413 1 1  0.961 0.987
414 1 1  0.913 0.901
415 1 1  0.943 0.988
416 1 1  0.903 0.966
417 1 1  0.999 0.923
418 1 1  0.949 0.916
419 1 1  0.926 0.927
420 1 1  0.946 0.969
421 1 1  0.982 0.924
422 1 1  0.919 0.962
423 1 1  0.908 0.904
424 1 1  0.981 0.903
425 1 1  0.932 0.992
426 1 1  0.942 0.937
427 1 1  0.956 0.925
428 1 1  0.985 0.949
429 1 1  0.989 0.986
430 1 1  0.983 0.982
431 1 1  0.97 0.915
432 1 1  0.931 0.92
433 1 1  0.911 0.985
434 1 1  0.915 1
435 1 1  0.92 0.994
436 1 1  0.908 0.999
437 1 1  0.995 0.945
438 1 1  0.975 0.95
439 1 1  0.947 0.902
440 1 1  0.973 0.902
441 1 1  0.991 0.982
442 1 1  0.977 0.958
443 1 1  0.957 0.964
444 1 1  0.999 0.976
445 1 1  0.994 0.973
446 1 1  0.964 0.918
447 1 1  0.992 0.994
448 1 1  0.984 0.999
449 1 1  0.923 0.954
450 1 1  0.917 0.96
451 1 1  0.982 0.999
452 1 1  0.915 0.958
453 1 1  0.949 0.964
454 1 1  0.939 0.937
455 1 1  0.905 0.92
456 1 1  0.913 0.911
457 1 1  0.904 0.957
458 1 1  0.99 0.927
459 1 1  0.9 0.917
460 1 1  0.909 0.965
461 1 1  0.995 0.986
462 1 1  0.943 0.967
463 1 1  0.936 0.992
464 1 1  0.903 0.93
465 1 1  0.915 0.93
466 1 1  0.984 0.975
467 1 1  0.998 0.906
468 1 1  0.935 0.913
469 1 1  0.904 0.913
470 1 1  0.972 0.902
471 1 1  0.961 0.938
472 1 1  0.953 0.991
473 1 1  0.911 0.944
474 1 1  0.937 0.939
475 1 1  0.974 0.979
476 1 1  0.961 0.95
477 1 1  0.976 0.975
478 1 1  0.983 0.972
479 0 0 0.0 0.0
480 0 0 0.0 0.0
481 0 0 0.0 0.0
482 0 0 0.0 0.0
483 0 0 0.0 0.0
484 0 0 0.0 0.0
485 0 0 0.0 0.0
486 0 0 0.0 0.0
487 1 1  0.948 0.966
488 1 1  0.986 0.986
489 1 1  0.999 0.951
490 1 1  0.925 0.941
491 1 1  0.942 0.915
492 1 1  0.978 0.924
493 1 1  0.996 0.999
494 1 1  0.966 0.966
495 1 1  0.986 0.978
496 1 1  0.968 0.976
497 1 1  0.955 0.992
498 1 1  0.903 0.947
499 1 1  0.972 0.95
500 1 1  0.914 0.946
501 1 1  0.911 0.968
502 1 1  0.924 0.924
503 1 1  0.922 0.908
504 1 1  0.922 0.976
505 1 1  0.948 0.901
506 1 1  0.919 0.986
507 1 1  0.905 0.944
508 1 1  0.934 0.97
509 1 1  0.968 0.959
510 1 1  0.923 0.95
511 1 1  0.952 0.925
512 1 1  0.995 0.94
513 1 1  0.991 0.969
514 1 1  0.975 0.95
515 1 1  0.907 0.904
516 1 1  0.963 0.973
517 1 1  0.98 0.914
518 1 1  0.946 0.903
519 1 1  0.911 0.95
520 1 1  0.918 0.907
521 1 1  0.999 0.901
522 1 1  0.973 0.952
523 1 1  0.994 0.985
524 1 1  0.978 0.959
525 1 1  0.957 0.984
526 1 1  0.914 0.9
527 1 1  0.932 0.935
528 1 1  0.929 0.955
529 1 1  0.982 0.937
530 1 1  0.994 0.973
531 1 1  0.998 0.936
532 1 1  0.935 0.949
533 1 1  0.948 0.901
534 1 1  0.918 0.997
535 1 1  0.9 0.961
536 1 1  0.981 0.92
537 1 1  0.932 0.965
538 1 1  0.968 0.958
539 1 1  0.904 0.94
540 1 1  0.959 0.908
541 1 1  0.968 0.93
542 1 1  0.91 0.989
543 1 1  0.967 0.904
544 1 1  0.908 0.912
545 1 1  0.959 0.996
546 1 1  0.98 0.909
547 1 1  0.929 0.982
548 1 1  0.966 0.955
549 1 1  0.925 0.947
550 1 1  0.914 0.986
551 1 1  0.968 0.908
552 1 1  0.989 0.904
553 1 1  0.915 0.936
554 1 1  0.964 0.926
555 1 1  0.97 0.926
556 1 1  0.958 0.901
557 1 1  0.925 0.995
558 1 1  0.99 0.999
559 0 0 0.0 0.0
560 0 0 0.0 0.0
561 0 0 0.0 0.0
562 0 0 0.0 0.0
563 0 0 0.0 0.0
564 0 0 0.0 0.0
565 0 0 0.0 0.0
566 0 0 0.0 0.0
567 1 1  0.902 0.928
568 1 1  0.961 0.92
569 1 1  0.964 0.912
570 1 1  0.933 0.941
571 1 1  0.99 0.913
572 1 1  0.942 0.982
573 1 1  0.997 0.967
574 1 1  0.913 0.913
575 1 1  0.911 0.991
576 1 1  0.932 0.984
577 1 1  0.941 0.902
578 1 1  0.995 0.999
579 1 1  0.987 0.962
580 1 1  0.924 0.916
581 1 1  0.982 0.972
582 1 1  0.921 0.969
583 1 1  0.915 0.92
584 1 1  0.943 0.982
585 1 1  0.962 0.914
586 1 1  0.909 0.94
587 1 1  0.984 0.905
588 1 1  0.926 0.949
589 1 1  0.94 0.916
590 1 1  0.962 0.923
591 1 1  0.956 0.966
592 1 1  0.928 0.98
593 1 1  0.922 0.975
594 1 1  0.927 0.921
595 1 1  0.913 0.918
596 1 1  0.983 0.935
597 1 1  0.929 0.98
598 1 1  0.917 0.927
599 1 1  1 0.919
600 1 1  0.931 0.947
601 1 1  0.935 0.964
602 1 1  0.972 0.939
603 1 1  0.916 0.985
604 1 1  0.957 0.997
605 1 1  0.999 0.905
606 1 1  0.924 0.979
607 1 1  0.935 0.925
608 1 1  0.912 0.948
609 1 1  0.972 0.956
610 1 1  0.901 0.997
611 1 1  0.941 0.958
612 1 1  0.928 0.924
613 1 1  0.956 0.97
614 1 1  0.97 0.993
615 1 1  0.939 0.965
616 1 1  0.911 0.932
617 1 1  0.94 0.912
618 1 1  0.914 0.973
619 1 1  0.956 0.954
620 1 1  0.916 0.955
621 1 1  0.946 0.992
622 1 1  0.995 0.949
623 1 1  0.942 0.963
624 1 1  0.907 0.991
625 1 1  0.955 0.972
626 1 1  0.94 0.927
627 1 1  0.951 0.942
628 1 1  0.969 0.989
629 1 1  0.902 0.902
630 1 1  0.957 0.953
631 1 1  0.947 0.946
632 1 1  0.927 0.921
633 1 1  0.956 0.911
634 1 1  0.965 0.909
635 1 1  0.971 0.975
636 1 1  0.98 0.988
637 1 1  0.917 0.954
638 1 1  0.904 0.976
639 0 0 0.0 0.0
640 0 0 0.0 0.0
641 0 0 0.0 0.0
642 0 0 0.0 0.0
643 0 0 0.0 0.0
644 0 0 0.0 0.0
645 0 0 0.0 0.0
646 0 0 0.0 0.0
647 1 1  0.964 0.922
648 1 1  0.96 0.945
649 1 1  0.916 0.983
650 1 1  0.944 0.915
651 1 1  0.929 0.907
652 1 1  0.978 0.906
653 1 1  0.977 0.903
654 1 1  0.92 0.915
655 1 1  0.986 0.93
656 1 1  0.911 0.944
657 1 1  0.994 0.925
658 1 1  0.959 0.936
659 1 1  0.943 0.952
660 1 1  0.942 0.911
661 1 1  0.919 0.923
662 1 1  0.974 0.918
663 1 1  0.987 0.996
664 1 1  0.963 0.946
665 1 1  0.98 0.968
666 1 1  0.949 0.955
667 1 1  0.97 0.931
668 1 1  0.993 0.93
669 1 1  0.955 0.991
670 1 1  0.929 0.94
671 1 1  0.959 0.963
672 1 1  0.986 0.925
673 1 1  0.987 0.992
674 1 1  0.992 0.94
675 1 1  0.951 0.967
676 1 1  0.909 0.988
677 1 1  0.913 0.907
678 1 1  0.973 0.961
679 1 1  0.974 0.927
680 1 1  0.942 0.961
681 1 1  0.93 0.99
682 1 1  0.965 0.988
683 1 1  0.952 0.96
684 1 1  0.909 0.973
685 1 1  0.947 0.985
686 1 1  0.905 0.938
687 1 1  0.98 0.948
688 1 1  0.945 0.904
689 1 1  0.957 0.982
690 1 1  0.943 0.953
691 1 1  0.932 0.908
692 1 1  0.973 0.995
693 1 1  0.97 0.98
694 1 1  0.933 0.911
695 1 1  0.923 0.966
696 1 1  0.921 0.905
697 1 1  0.963 0.929
698 1 1  0.991 0.938
699 1 1  0.984 0.918
700 1 1  0.928 0.963
701 1 1  0.946 0.983
702 1 1  0.936 0.951
703 1 1  0.913 0.993
704 1 1  0.908 0.943
705 1 1  0.956 0.912
706 1 1  0.979 0.968
707 1 1  0.922 0.956
708 1 1  0.961 0.966
709 1 1  0.91 0.953
710 1 1  0.939 0.96
711 1 1  0.996 0.912
712 1 1  0.97 0.927
713 1 1  0.911 0.993
714 1 1  0.903 0.921
715 1 1  0.93 0.99
716 1 1  0.906 0.972
717 1 1  0.95 0.916
718 1 1  0.951 0.906
719 0 0 0.0 0.0
720 0 0 0.0 0.0
721 0 0 0.0 0.0
722 0 0 0.0 0.0
723 0 0 0.0 0.0
724 0 0 0.0 0.0
725 0 0 0.0 0.0
726 0 0 0.0 0.0
727 0 0 0.0 0.0
728 0 0 0.0 0.0
729 0 0 0.0 0.0
730 0 0 0.0 0.0
731 0 0 0.0 0.0
732 0 0 0.0 0.0
733 0 0 0.0 0.0
734 0 0 0.0 0.0
735 0 0 0.0 0.0
736 0 0 0.0 0.0
737 0 0 0.0 0.0
738 0 0 0.0 0.0
739 0 0 0.0 0.0
740 0 0 0.0 0.0
741 0 0 0.0 0.0
742 0 0 0.0 0.0
743 0 0 0.0 0.0
744 0 0 0.0 0.0
745 0 0 0.0 0.0
746 0 0 0.0 0.0
747 0 0 0.0 0.0
748 0 0 0.0 0.0
749 0 0 0.0 0.0
750 0 0 0.0 0.0
751 0 0 0.0 0.0
752 0 0 0.0 0.0
753 0 0 0.0 0.0
754 0 0 0.0 0.0
755 0 0 0.0 0.0
756 0 0 0.0 0.0
757 0 0 0.0 0.0
758 0 0 0.0 0.0
759 0 0 0.0 0.0
760 0 0 0.0 0.0
761 0 0 0.0 0.0
762 0 0 0.0 0.0
763 0 0 0.0 0.0
764 0 0 0.0 0.0
765 0 0 0.0 0.0
766 0 0 0.0 0.0
767 1 1  0.993 0.942
768 1 1  0.946 0.993
769 1 1  0.973 0.95
770 1 1  0.926 0.944
771 1 1  0.963 0.964
772 1 1  0.957 0.916
773 1 1  0.908 0.908
774 1 1  0.907 0.924
775 1 1  0.925 0.926
776 1 1  0.913 0.972
777 1 1  0.947 0.902
778 1 1  0.917 0.928
779 1 1  0.909 0.979
780 1 1  0.954 0.925
781 1 1  0.955 0.977
782 1 1  0.983 0.94
783 1 1  0.918 0.973
784 1 1  0.987 0.953
785 1 1  0.935 0.988
786 1 1  0.922 0.97
787 1 1  0.994 0.995
788 1 1  0.997 0.925
789 1 1  0.976 0.925
790 1 1  0.919 0.964
791 1 1  0.991 0.922
792 1 1  0.927 0.92
793 1 1  0.964 0.954
794 1 1  0.926 0.986
795 1 1  0.967 0.94
796 1 1  0.928 0.979
797 1 1  0.928 0.926
798 1 1  0.998 0.906
799 1 1  0.918 0.974
800 1 1  0.994 0.987
801 1 1  0.961 0.986
802 1 1  0.944 0.918
803 1 1  0.908 0.945
804 1 1  0.945 0.916
805 1 1  0.921 0.967
806 1 1  0.949 0.969
807 1 1  0.981 0.929
808 1 1  0.903 0.997
809 1 1  0.921 0.955
810 1 1  0.913 0.991
811 1 1  0.93 0.984
812 1 1  0.986 0.983
813 1 1  0.954 0.971
814 1 1  0.902 0.951
815 1 1  0.994 0.998
816 1 1  0.923 0.928
817 1 1  0.91 0.9
818 1 1  0.906 0.961
819 1 1  0.994 0.939
820 1 1  0.939 0.994
821 1 1  0.984 0.949
822 1 1  0.958 0.929
823 1 1  0.917 0.928
824 1 1  0.988 0.961
825 1 1  0.976 0.933
826 1 1  0.943 0.918
827 1 1  0.924 0.967
828 1 1  0.927 0.903
829 1 1  0.953 0.922
830 1 1  0.923 0.964
831 1 1  0.94 0.987
832 1 1  0.944 0.952
833 1 1  0.991 0.978
834 1 1  0.937 0.972
835 1 1  0.941 0.9
836 1 1  0.914 0.965
837 1 1  0.941 0.982
838 1 1  0.956 0.97
839 0 0 0.0 0.0
840 0 0 0.0 0.0
841 0 0 0.0 0.0
842 0 0 0.0 0.0
843 0 0 0.0 0.0
844 0 0 0.0 0.0
845 0 0 0.0 0.0
846 0 0 0.0 0.0
847 1 1  0.962 0.971
848 1 1  0.905 0.968
849 1 1  0.988 0.926
850 1 1  0.922 0.904
851 1 1  0.979 0.942
852 1 1  0.994 0.933
853 1 1  0.98 0.919
854 1 1  0.97 0.913
855 1 1  0.935 0.973
856 1 1  0.953 0.928
857 1 1  0.953 0.934
858 1 1  0.929 0.995
859 1 1  0.934 0.995
860 1 1  0.997 0.932
861 1 1  0.992 0.987
862 1 1  0.956 0.973
863 1 1  0.903 0.966
864 1 1  0.941 0.906
865 1 1  0.991 0.936
866 1 1  0.936 0.911
867 1 1  0.997 0.993
868 1 1  0.97 0.975
869 1 1  0.994 0.938
870 1 1  0.961 0.938
871 1 1  0.909 0.956
872 1 1  0.944 0.942
873 1 1  0.953 0.996
874 1 1  0.966 0.989
875 1 1  0.908 0.954
876 1 1  0.985 0.959
877 1 1  0.918 0.99
878 1 1  0.986 0.961
879 1 1  1 0.944
880 1 1  0.911 0.911
881 1 1  0.947 0.972
882 1 1  0.966 0.955
883 1 1  0.905 0.945
884 1 1  0.926 0.994
885 1 1  0.905 0.97
886 1 1  0.935 0.939
887 1 1  0.988 0.956
888 1 1  0.967 0.999
889 1 1  0.992 0.93
890 1 1  0.923 0.955
891 1 1  0.988 0.968
892 1 1  0.987 0.919
893 1 1  0.913 0.987
894 1 1  0.987 0.969
895 1 1  0.923 0.992
896 1 1  0.907 0.949
897 1 1  0.975 0.957
898 1 1  0.973 0.919
899 1 1  0.979 0.946
900 1 1  0.964 0.95
901 1 1  0.994 0.977
902 1 1  0.927 0.92
903 1 1  0.911 0.935
904 1 1  0.956 0.996
905 1 1  0.934 0.937
906 1 1  0.94 0.93
907 1 1  1 0.953
908 1 1  0.951 0.912
909 1 1  0.994 0.987
910 1 1  0.983 0.981
911 1 1  0.953 0.976
912 1 1  0.907 0.984
913 1 1  0.953 0.914
914 1 1  0.966 0.936
915 1 1  0.942 0.922
916 1 1  0.926 0.905
917 1 1  0.911 0.92
918 1 1  0.934 0.924
919 0 0 0.0 0.0
920 0 0 0.0 0.0
921 0 0 0.0 0.0
922 0 0 0.0 0.0
923 0 0 0.0 0.0
924 0 0 0.0 0.0
925 0 0 0.0 0.0
926 0 0 0.0 0.0
927 0 0 0.0 0.0
928 0 0 0.0 0.0
929 0 0 0.0 0.0
930 0 0 0.0 0.0
931 0 0 0.0 0.0
932 0 0 0.0 0.0
933 0 0 0.0 0.0
934 0 0 0.0 0.0
935 0 0 0.0 0.0
936 0 0 0.0 0.0
937 0 0 0.0 0.0
938 0 0 0.0 0.0
939 0 0 0.0 0.0
940 0 0 0.0 0.0
941 0 0 0.0 0.0
942 0 0 0.0 0.0
943 0 0 0.0 0.0
944 0 0 0.0 0.0
945 0 0 0.0 0.0
946 0 0 0.0 0.0
947 0 0 0.0 0.0
948 0 0 0.0 0.0
949 0 0 0.0 0.0
950 0 0 0.0 0.0
951 0 0 0.0 0.0
952 0 0 0.0 0.0
953 0 0 0.0 0.0
954 1 1  0.922 0.906
955 1 1  0.931 0.972
956 1 1  0.988 0.928
957 1 1  0.977 0.958
958 1 1  0.958 0.905
959 1 1  0.956 0.956
960 1 1  0.984 0.928
961 1 1  0.922 0.946
962 1 1  0.964 0.922
963 1 1  0.969 0.913
964 1 1  0.993 0.929
965 1 1  0.935 0.948
966 1 1  0.939 0.913
967 1 1  0.975 0.903
968 1 1  0.942 0.963
969 1 1  0.937 0.93
970 1 1  0.94 0.902
971 1 1  0.981 0.934
972 1 1  0.983 0.971
973 1 1  0.933 0.938
974 1 1  0.925 0.91
975 1 1  0.991 0.96
976 1 1  0.972 0.972
977 1 1  1 0.972
978 1 1  0.98 0.985
979 1 1  0.997 0.979
980 1 1  0.997 0.984
981 1 1  0.968 0.941
982 1 1  0.987 0.979
983 1 1  0.961 0.925
984 1 1  0.959 0.956
985 1 1  0.918 0.937
986 1 1  0.999 0.931
987 1 1  0.911 0.957
988 1 1  0.901 0.916
989 1 1  0.956 0.945
990 1 1  0.951 0.947
991 1 1  0.999 0.962
992 1 1  0.942 0.968
993 1 1  0.95 0.984
994 1 1  0.903 0.983
995 1 1  0.983 0.955
996 1 1  0.981 0.97
997 1 1  0.937 0.954
998 1 1  0.995 0.983
999 1 1  0.951 0.923
1000 1 1  0.939 0.984
1001 1 1  0.932 0.912
1002 1 1  0.968 0.904
1003 1 1  0.979 0.955
1004 1 1  0.991 0.992
1005 1 1  0.909 0.927
1006 1 1  0.981 0.953
1007 1 1  1 0.953
1008 1 1  0.989 0.998
1009 1 1  0.916 0.975
1010 1 1  0.916 0.918
1011 1 1  0.924 0.912
1012 1 1  0.978 0.971
1013 1 1  0.961 0.963
1014 1 1  0.967 0.949
1015 1 1  0.942 0.926
1016 1 1  0.962 0.902
1017 1 1  0.972 0.922
1018 1 1  0.945 0.933
1019 1 1  0.993 0.939
1020 1 1  0.964 0.98
1021 1 1  0.928 0.98
1022 1 1  0.947 0.972
1023 1 1  0.988 0.968
1024 1 1  0.994 0.991
1025 1 1  0.998 0.911
1026 0 0 0.0 0.0
1027 0 0 0.0 0.0
1028 0 0 0.0 0.0
1029 0 0 0.0 0.0
1030 0 0 0.0 0.0
1031 0 0 0.0 0.0
1032 0 0 0.0 0.0
1033 0 0 0.0 0.0
1034 1 1  0.971 0.959
1035 1 1  0.911 0.954
1036 1 1  0.915 0.927
1037 1 1  0.947 0.942
1038 1 1  0.977 0.995
1039 1 1  0.943 0.916
1040 1 1  0.978 0.939
1041 1 1  0.997 0.935
1042 1 1  0.922 0.909
1043 1 1  0.993 0.933
1044 1 1  0.954 0.961
1045 1 1  0.942 0.987
1046 1 1  0.925 0.973
1047 1 1  0.905 0.954
1048 1 1  0.988 0.917
1049 1 1  0.965 0.929
1050 1 1  0.938 0.906
1051 1 1  0.996 0.927
1052 1 1  0.967 0.969
1053 1 1  1 0.993
1054 1 1  0.913 0.939
1055 1 1  0.941 0.991
1056 1 1  0.957 0.973
1057 1 1  0.939 0.995
1058 1 1  0.928 0.955
1059 1 1  0.905 0.98
1060 1 1  0.957 0.942
1061 1 1  0.98 0.948
1062 1 1  0.975 0.944
1063 1 1  0.988 0.917
1064 1 1  0.986 0.952
1065 1 1  0.958 0.999
1066 1 1  0.935 0.935
1067 1 1  0.935 0.913
1068 1 1  0.984 0.929
1069 1 1  0.913 0.961
1070 1 1  0.908 0.984
1071 1 1  0.929 0.994
1072 1 1  0.909 0.989
1073 1 1  0.986 0.984
1074 1 1  0.95 0.95
1075 1 1  0.968 0.913
1076 1 1  0.951 0.953
1077 1 1  0.939 0.973
1078 1 1  0.949 0.967
1079 1 1  0.99 0.935
1080 1 1  0.99 0.925
1081 1 1  0.951 0.965
1082 1 1  0.939 0.904
1083 1 1  0.901 0.986
1084 1 1  0.989 0.926
1085 1 1  0.929 0.914
1086 1 1  0.933 0.975
1087 1 1  0.92 0.915
1088 1 1  0.978 0.91
1089 1 1  0.939 0.939
1090 1 1  0.923 0.931
1091 1 1  0.939 0.909
1092 1 1  0.978 0.917
1093 1 1  0.943 0.953
1094 1 1  0.981 0.958
1095 1 1  0.981 0.959
1096 1 1  0.98 0.928
1097 1 1  0.904 0.962
1098 1 1  0.961 0.949
1099 1 1  0.981 0.955
1100 1 1  0.962 0.927
1101 1 1  0.981 0.902
1102 1 1  0.974 0.93
1103 1 1  0.931 0.978
1104 1 1  0.914 0.999
1105 1 1  0.942 0.962
1106 0 0 0.0 0.0
1107 0 0 0.0 0.0
1108 0 0 0.0 0.0
1109 0 0 0.0 0.0
1110 0 0 0.0 0.0
1111 0 0 0.0 0.0
1112 0 0 0.0 0.0
1113 0 0 0.0 0.0
1114 1 1  0.997 0.971
1115 1 1  0.972 0.911
1116 1 1  0.915 0.905
1117 1 1  0.962 0.909
1118 1 1  0.947 0.99
1119 1 1  0.917 0.974
1120 1 1  0.966 0.914
1121 1 1  0.974 0.906
1122 1 1  0.903 0.942
1123 1 1  0.936 0.971
1124 1 1  0.987 0.984
1125 1 1  0.902 0.997
1126 1 1  0.98 0.95
1127 1 1  0.946 0.993
1128 1 1  0.923 0.939
1129 1 1  0.992 0.999
1130 1 1  0.985 0.929
1131 1 1  0.973 0.926
1132 1 1  0.911 0.954
1133 1 1  0.916 0.911
1134 1 1  0.902 0.988
1135 1 1  0.988 0.949
1136 1 1  0.925 0.96
1137 1 1  0.917 0.955
1138 1 1  0.99 0.935
1139 1 1  0.945 0.92
1140 1 1  0.982 0.945
1141 1 1  0.918 0.995
1142 1 1  0.99 0.902
1143 1 1  0.945 0.992
1144 1 1  0.98 0.988
1145 1 1  0.919 0.986
1146 1 1  0.975 0.975
1147 1 1  0.924 0.907
1148 1 1  0.902 0.965
1149 1 1  0.95 0.979
1150 1 1  0.991 0.999
1151 1 1  0.945 0.952
1152 1 1  0.907 0.912
1153 1 1  0.951 0.959
1154 1 1  0.973 0.97
1155 1 1  0.923 0.979
1156 1 1  0.999 0.936
1157 1 1  0.905 0.904
1158 1 1  0.928 0.974
1159 1 1  0.919 0.927
1160 1 1  0.933 0.909
1161 1 1  0.942 0.985
1162 1 1  0.926 0.998
1163 1 1  0.993 0.993
1164 1 1  0.902 0.982
1165 1 1  0.983 0.949
1166 1 1  0.936 0.935
1167 1 1  0.991 0.944
1168 1 1  0.923 0.901
1169 1 1  0.904 0.967
1170 1 1  0.911 0.971
1171 1 1  0.908 0.961
1172 1 1  0.904 0.926
1173 1 1  0.933 0.903
1174 1 1  0.98 0.909
1175 1 1  0.953 0.961
1176 1 1  0.968 0.974
1177 1 1  0.903 0.98
1178 1 1  0.934 0.972
1179 1 1  0.908 0.945
1180 1 1  0.967 0.933
1181 1 1  0.938 0.927
1182 1 1  1 0.998
1183 1 1  0.958 0.95
1184 1 1  0.998 0.935
1185 1 1  0.935 0.919
1186 0 0 0.0 0.0
1187 0 0 0.0 0.0
1188 0 0 0.0 0.0
1189 0 0 0.0 0.0
1190 0 0 0.0 0.0
1191 0 0 0.0 0.0
1192 0 0 0.0 0.0
1193 0 0 0.0 0.0
1194 1 1  0.924 0.906
1195 1 1  0.934 0.919
1196 1 1  0.926 0.962
1197 1 1  0.977 0.976
1198 1 1  0.942 0.915
1199 1 1  0.989 0.916
1200 1 1  0.959 0.943
1201 1 1  0.974 0.963
1202 1 1  0.979 0.919
1203 1 1  0.915 0.934
1204 1 1  0.933 0.961
1205 1 1  0.937 0.904
1206 1 1  0.918 0.97
1207 1 1  0.954 0.999
1208 1 1  0.909 0.967
1209 1 1  0.924 0.917
1210 1 1  0.928 0.927
1211 1 1  0.963 0.941
1212 1 1  0.989 0.979
1213 1 1  0.903 0.922
1214 1 1  0.944 0.942
1215 1 1  0.955 0.908
1216 1 1  0.987 0.921
1217 1 1  0.937 0.977
1218 1 1  0.938 0.924
1219 1 1  0.902 0.927
1220 1 1  0.932 0.915
1221 1 1  0.983 0.955
1222 1 1  0.914 0.988
1223 1 1  0.983 0.945
1224 1 1  0.991 0.934
1225 1 1  0.944 0.959
1226 1 1  0.935 0.984
1227 1 1  0.911 0.908
1228 1 1  0.908 0.985
1229 1 1  0.933 0.938
1230 1 1  0.95 0.948
1231 1 1  0.981 0.954
1232 1 1  0.935 0.985
1233 1 1  0.943 0.955
1234 1 1  0.979 0.946
1235 1 1  0.907 0.93
1236 1 1  0.985 0.928
1237 1 1  0.904 0.915
1238 1 1  0.986 0.986
1239 1 1  0.945 0.962
1240 1 1  0.919 0.978
1241 1 1  0.905 0.958
1242 1 1  0.938 0.911
1243 1 1  0.934 0.932
1244 1 1  0.971 0.925
1245 1 1  0.986 0.979
1246 1 1  0.931 0.924
1247 1 1  0.982 0.949
1248 1 1  0.964 0.988
1249 1 1  0.94 0.913
1250 1 1  0.931 0.991
1251 1 1  0.995 0.915
1252 1 1  0.961 0.964
1253 1 1  0.985 0.917
1254 1 1  0.965 0.915
1255 1 1  0.909 0.908
1256 1 1  0.971 0.937
1257 1 1  0.974 0.931
1258 1 1  0.962 0.995
1259 1 1  0.993 0.97
1260 1 1  0.99 0.913
1261 1 1  0.987 0.991
1262 1 1  0.914 0.906
1263 1 1  0.917 0.929
1264 1 1  0.951 0.944
1265 1 1  0.988 0.935
1266 0 0 0.0 0.0
1267 0 0 0.0 0.0
1268 0 0 0.0 0.0
1269 0 0 0.0 0.0
1270 0 0 0.0 0.0
1271 0 0 0.0 0.0
1272 0 0 0.0 0.0
1273 0 0 0.0 0.0
1274 0 0 0.0 0.0
1275 0 0 0.0 0.0
1276 0 0 0.0 0.0
1277 0 0 0.0 0.0
1278 0 0 0.0 0.0
1279 0 0 0.0 0.0
1280 0 0 0.0 0.0
1281 0 0 0.0 0.0
1282 0 0 0.0 0.0
1283 0 0 0.0 0.0
1284 0 0 0.0 0.0
1285 0 0 0.0 0.0
1286 0 0 0.0 0.0
1287 0 0 0.0 0.0
1288 0 0 0.0 0.0
1289 0 0 0.0 0.0
1290 0 0 0.0 0.0
1291 0 0 0.0 0.0
1292 0 0 0.0 0.0
1293 0 0 0.0 0.0
1294 0 0 0.0 0.0
1295 0 0 0.0 0.0
1296 0 0 0.0 0.0
1297 0 0 0.0 0.0
1298 0 0 0.0 0.0
1299 0 0 0.0 0.0
1300 0 0 0.0 0.0
1301 1 1  0.925 0.96
1302 1 1  0.91 0.918
1303 1 1  0.921 0.941
1304 1 1  0.962 0.923
1305 1 1  0.957 0.941
1306 1 1  0.959 0.975
1307 1 1  0.96 0.91
1308 1 1  0.969 0.966
1309 1 1  0.999 0.912
1310 1 1  0.999 0.908
1311 1 1  0.929 0.946
1312 1 1  0.955 0.923
1313 1 1  0.91 0.956
1314 1 1  0.924 0.993
1315 1 1  0.918 0.974
1316 1 1  0.93 0.923
1317 1 1  0.913 0.982
1318 1 1  0.909 0.92
1319 1 1  0.93 0.931
1320 1 1  0.905 0.916
1321 1 1  0.949 0.913
1322 1 1  0.917 0.902
1323 1 1  0.937 0.901
1324 1 1  0.928 0.961
1325 1 1  0.908 0.942
1326 1 1  0.928 0.93
1327 1 1  0.902 0.987
1328 1 1  0.969 0.91
1329 1 1  0.905 0.921
1330 1 1  0.933 0.919
1331 1 1  0.922 0.944
1332 1 1  0.959 0.925
1333 1 1  0.959 0.909
1334 1 1  0.961 0.987
1335 1 1  0.949 0.929
1336 1 1  0.964 0.97
1337 1 1  0.998 0.907
1338 1 1  0.94 0.97
1339 1 1  0.984 0.937
1340 1 1  0.954 0.941
1341 1 1  0.901 0.956
1342 1 1  0.913 0.946
1343 1 1  0.957 0.928
1344 1 1  0.907 0.93
1345 1 1  0.944 0.965
1346 1 1  0.948 0.936
1347 1 1  0.93 0.964
1348 1 1  0.944 0.941
1349 1 1  0.911 0.998
1350 1 1  0.926 0.906
1351 1 1  0.998 0.907
1352 1 1  0.994 0.902
1353 1 1  0.996 0.951
1354 1 1  0.993 0.974
1355 1 1  0.965 0.958
1356 1 1  0.934 0.948
1357 1 1  0.995 0.983
1358 1 1  0.907 0.913
1359 1 1  0.922 0.926
1360 1 1  0.955 0.941
1361 1 1  0.971 0.974
1362 1 1  0.907 0.987
1363 1 1  0.964 0.971
1364 1 1  0.939 0.995
1365 1 1  0.937 0.958
1366 1 1  0.912 0.974
1367 1 1  0.998 0.935
1368 1 1  0.959 0.991
1369 1 1  0.999 0.916
1370 1 1  0.999 0.963
1371 1 1  0.963 0.983
1372 1 1  0.934 0.904
1373 0 0 0.0 0.0
1374 0 0 0.0 0.0
1375 0 0 0.0 0.0
1376 0 0 0.0 0.0
1377 0 0 0.0 0.0
1378 0 0 0.0 0.0
1379 0 0 0.0 0.0
1380 0 0 0.0 0.0
1381 1 1  0.943 0.944
1382 1 1  0.928 0.919
1383 1 1  0.939 0.913
1384 1 1  0.997 0.991
1385 1 1  0.96 0.946
1386 1 1  0.922 0.958
1387 1 1  0.918 0.979
1388 1 1  0.964 0.994
1389 1 1  0.951 0.98
1390 1 1  0.903 0.983
1391 1 1  0.982 0.977
1392 1 1  0.906 0.972
1393 1 1  0.946 0.985
1394 1 1  0.957 0.959
1395 1 1  0.986 0.958
1396 1 1  0.968 0.957
1397 1 1  0.939 0.975
1398 1 1  0.975 0.942
1399 1 1  0.956 0.979
1400 1 1  0.98 0.999
1401 1 1  0.91 0.942
1402 1 1  0.98 0.982
1403 1 1  0.962 0.916
1404 1 1  0.963 0.954
1405 1 1  0.998 0.936
1406 1 1  0.958 0.961
1407 1 1  0.99 0.968
1408 1 1  0.915 0.913
1409 1 1  0.941 0.905
1410 1 1  0.943 0.953
1411 1 1  0.953 0.965
1412 1 1  0.942 0.99
1413 1 1  0.999 0.904
1414 1 1  0.916 0.995
1415 1 1  0.917 0.94
1416 1 1  0.949 0.917
1417 1 1  0.922 0.919
1418 1 1  0.937 0.924
1419 1 1  0.905 0.92
1420 1 1  0.934 0.902
1421 1 1  0.928 0.956
1422 1 1  0.997 0.905
1423 1 1  0.927 0.96
1424 1 1  0.928 0.96
1425 1 1  0.917 0.999
1426 1 1  0.98 0.971
1427 1 1  0.953 0.92
1428 1 1  0.975 0.919
1429 1 1  0.917 0.925
1430 1 1  0.96 0.931
1431 1 1  0.904 0.966
1432 1 1  0.966 0.964
1433 1 1  0.945 0.942
1434 1 1  0.973 0.932
1435 1 1  0.945 0.926
1436 1 1  0.94 0.954
1437 1 1  0.937 0.982
1438 1 1  0.952 0.974
1439 1 1  0.911 0.946
1440 1 1  0.943 0.955
1441 1 1  0.972 0.968
1442 1 1  0.989 0.919
1443 1 1  0.975 0.94
1444 1 1  0.992 0.952
1445 1 1  0.993 0.934
1446 1 1  0.991 0.936
1447 1 1  0.968 0.998
1448 1 1  0.988 0.932
1449 1 1  0.902 0.964
1450 1 1  0.928 0.974
1451 1 1  0.991 0.915
1452 1 1  0.986 0.97
1453 0 0 0.0 0.0
1454 0 0 0.0 0.0
1455 0 0 0.0 0.0
1456 0 0 0.0 0.0
1457 0 0 0.0 0.0
1458 0 0 0.0 0.0
1459 0 0 0.0 0.0
1460 0 0 0.0 0.0
1461 1 1  0.982 0.99
1462 1 1  0.991 0.969
1463 1 1  0.978 0.959
1464 1 1  0.997 0.938
1465 1 1  0.98 0.956
1466 1 1  0.908 0.901
1467 1 1  0.919 0.98
1468 1 1  0.993 0.93
1469 1 1  0.942 0.938
1470 1 1  0.991 0.986
1471 1 1  0.934 0.929
1472 1 1  0.941 0.976
1473 1 1  0.99 0.982
1474 1 1  0.914 0.94
1475 1 1  0.956 0.948
1476 1 1  0.979 0.981
1477 1 1  0.978 0.994
1478 1 1  0.93 0.978
1479 1 1  0.981 0.945
1480 1 1  0.912 0.918
1481 1 1  0.977 0.998
1482 1 1  0.991 0.915
1483 1 1  0.98 0.955
1484 1 1  1 0.948
1485 1 1  0.971 0.953
1486 1 1  0.928 0.989
1487 1 1  0.971 0.968
1488 1 1  0.952 0.968
1489 1 1  0.952 0.975
1490 1 1  0.997 0.926
1491 1 1  0.929 0.968
1492 1 1  0.959 0.991
1493 1 1  0.964 0.923
1494 1 1  0.907 0.906
1495 1 1  0.95 0.91
1496 1 1  0.924 0.915
1497 1 1  0.926 0.941
1498 1 1  0.983 0.918
1499 1 1  0.903 0.931
1500 1 1  0.973 0.941
1501 1 1  0.936 0.959
1502 1 1  0.922 0.997
1503 1 1  0.953 0.976
1504 1 1  0.964 0.935
1505 1 1  0.928 0.906
1506 1 1  0.958 0.987
1507 1 1  0.923 0.98
1508 1 1  0.906 0.956
1509 1 1  0.945 0.972
1510 1 1  0.935 0.972
1511 1 1  0.932 0.946
1512 1 1  0.979 0.988
1513 1 1  0.95 0.936
1514 1 1  0.963 0.971
1515 1 1  0.922 0.991
1516 1 1  0.908 0.95
1517 1 1  0.971 0.946
1518 1 1  0.989 0.99
1519 1 1  0.98 0.973
1520 1 1  0.923 0.966
1521 1 1  0.977 0.908
1522 1 1  0.931 0.971
1523 1 1  0.994 0.905
1524 1 1  0.922 0.938
1525 1 1  0.913 0.927
1526 1 1  0.935 0.984
1527 1 1  0.905 0.925
1528 1 1  0.915 0.928
1529 1 1  0.945 0.911
1530 1 1  0.968 0.959
1531 1 1  0.965 0.978
1532 1 1  0.902 0.962
1533 0 0 0.0 0.0
1534 0 0 0.0 0.0
1535 0 0 0.0 0.0
1536 0 0 0.0 0.0
1537 0 0 0.0 0.0
1538 0 0 0.0 0.0
1539 0 0 0.0 0.0
1540 0 0 0.0 0.0
1541 1 1  0.997 0.923
1542 1 1  0.954 0.941
1543 1 1  0.983 0.929
1544 1 1  0.942 0.996
1545 1 1  0.979 0.939
1546 1 1  0.908 0.923
1547 1 1  0.935 0.912
1548 1 1  0.989 0.929
1549 1 1  0.936 0.969
1550 1 1  0.935 0.99
1551 1 1  0.97 0.977
1552 1 1  0.905 0.932
1553 1 1  0.966 0.917
1554 1 1  0.993 0.984
1555 1 1  0.935 0.912
1556 1 1  0.903 0.928
1557 1 1  0.997 0.91
1558 1 1  0.945 0.954
1559 1 1  0.999 0.922
1560 1 1  0.941 0.97
1561 1 1  0.906 0.921
1562 1 1  0.929 0.967
1563 1 1  0.952 0.92
1564 1 1  0.998 0.961
1565 1 1  0.927 0.947
1566 1 1  0.953 0.903
1567 1 1  0.917 0.938
1568 1 1  0.992 0.945
1569 1 1  0.991 0.943
1570 1 1  0.963 0.933
1571 1 1  0.976 0.98
1572 1 1  0.924 0.952
1573 1 1  0.977 0.9
1574 1 1  0.955 0.974
1575 1 1  0.926 0.974
1576 1 1  0.957 0.968
1577 1 1  0.973 0.938
1578 1 1  0.939 0.964
1579 1 1  0.908 0.978
1580 1 1  0.958 0.977
1581 1 1  0.989 0.934
1582 1 1  0.947 0.997
1583 1 1  0.958 0.968
1584 1 1  0.98 0.99
1585 1 1  0.954 0.917
1586 1 1  0.976 0.921
1587 1 1  0.998 0.908
1588 1 1  0.941 0.958
1589 1 1  0.99 0.901
1590 1 1  0.991 0.977
1591 1 1  0.949 0.961
1592 1 1  0.932 0.925
1593 1 1  0.962 0.928
1594 1 1  0.922 0.94
1595 1 1  0.94 0.921
1596 1 1  0.979 0.988
1597 1 1  0.931 0.95
1598 1 1  0.947 0.989
1599 1 1  0.95 0.957
1600 1 1  0.918 0.958
1601 1 1  0.854 0.913
1602 1 1  0.762 0.692
1603 1 1  0.972 0.99
1604 1 1  0.863 0.738
1605 1 1  0.818 0.813
1606 1 1  0.942 0.757
1607 1 1  0.793 0.654
1608 1 1  0.936 0.674
1609 1 1  0.724 0.77
1610 1 1  0.71 0.981
1611 1 1  0.865 0.994
1612 1 1  0.748 0.654
1613 0 0 0.0 0.0
1614 0 0 0.0 0.0
1615 0 0 0.0 0.0
1616 0 0 0.0 0.0
1617 0 0 0.0 0.0
1618 0 0 0.0 0.0
1619 0 0 0.0 0.0
1620 0 0 0.0 0.0
1621 0 0 0.0 0.0
1622 0 0 0.0 0.0
1623 0 0 0.0 0.0
1624 0 0 0.0 0.0
1625 0 0 0.0 0.0
1626 0 0 0.0 0.0
1627 0 0 0.0 0.0
1628 0 0 0.0 0.0
1629 0 0 0.0 0.0
1630 0 0 0.0 0.0
1631 0 0 0.0 0.0
1632 0 0 0.0 0.0
1633 0 0 0.0 0.0
1634 0 0 0.0 0.0
1635 0 0 0.0 0.0
1636 0 0 0.0 0.0
1637 0 0 0.0 0.0
1638 0 0 0.0 0.0
1639 0 0 0.0 0.0
1640 0 0 0.0 0.0
1641 0 0 0.0 0.0
1642 0 0 0.0 0.0
1643 0 0 0.0 0.0
1644 0 0 0.0 0.0
1645 0 0 0.0 0.0
1646 0 0 0.0 0.0
1647 0 0 0.0 0.0
1648 0 0 0.0 0.0
1649 0 0 0.0 0.0
1650 0 0 0.0 0.0
1651 0 0 0.0 0.0
1652 0 0 0.0 0.0
1653 0 0 0.0 0.0
1654 0 0 0.0 0.0
1655 0 0 0.0 0.0
1656 0 0 0.0 0.0
1657 0 0 0.0 0.0
1658 0 0 0.0 0.0
1659 0 0 0.0 0.0
1660 0 0 0.0 0.0
1661 1 1  0.866 0.874
1662 1 1  0.85 0.939
1663 1 1  0.926 0.974
1664 1 1  0.804 0.929
1665 1 1  0.878 0.659
1666 1 1  0.742 0.687
1667 1 1  0.686 0.812
1668 1 1  0.885 0.689
1669 1 1  0.993 0.947
1670 1 1  0.926 0.759
1671 1 1  0.802 0.701
1672 1 1  0.743 0.911
1673 1 1  0.784 0.796
1674 1 1  0.983 0.928
1675 1 1  0.75 0.929
1676 1 1  0.854 0.717
1677 1 1  0.842 0.899
1678 1 1  0.774 0.986
1679 1 1  0.744 0.682
1680 1 1  0.704 0.925
1681 1 1  0.831 0.859
1682 1 1  0.732 0.761
1683 1 1  0.739 0.789
1684 1 1  0.782 0.78
1685 1 1  0.927 0.81
1686 1 1  0.68 0.715
1687 1 1  0.701 0.853
1688 1 1  0.683 0.705
1689 1 1  0.965 0.942
1690 1 1  0.738 0.853
1691 1 1  0.961 0.762
1692 1 1  0.722 0.731
1693 1 1  0.988 0.805
1694 1 1  0.811 0.863
1695 1 1  0.691 0.699
1696 1 1  0.677 0.951
1697 1 1  0.827 0.905
1698 1 1  0.666 0.801
1699 1 1  0.874 0.709
1700 1 1  0.79 0.844
1701 1 1  0.832 0.92
1702 1 1  0.749 0.862
1703 1 1  0.86 0.781
1704 1 1  0.938 0.845
1705 1 1  0.882 0.729
1706 1 1  0.673 0.767
1707 1 1  0.651 0.92
1708 1 1  0.799 0.728
1709 1 1  0.999 0.861
1710 1 1  0.964 0.992
1711 1 1  0.654 0.942
1712 1 1  0.965 0.794
1713 1 1  0.856 0.674
1714 1 1  0.967 0.952
1715 1 1  0.703 0.697
1716 1 1  0.654 0.963
1717 1 1  0.667 0.859
1718 1 1  0.771 0.713
1719 1 1  0.763 0.975
1720 1 1  0.893 0.793
1721 1 1  0.895 0.69
1722 1 1  0.932 0.849
1723 1 1  0.751 0.716
1724 1 1  0.951 0.941
1725 1 1  0.992 0.653
1726 1 1  0.674 0.881
1727 1 1  0.662 0.776
1728 1 1  0.917 0.868
1729 1 1  0.747 0.683
1730 1 1  0.785 0.884
1731 1 1  0.7 0.925
1732 1 1  0.828 0.823
1733 0 0 0.0 0.0
1734 0 0 0.0 0.0
1735 0 0 0.0 0.0
1736 0 0 0.0 0.0
1737 0 0 0.0 0.0
1738 0 0 0.0 0.0
1739 0 0 0.0 0.0
1740 0 0 0.0 0.0
1741 1 1  0.769 0.984
1742 1 1  0.847 0.929
1743 1 1  0.686 0.857
1744 1 1  0.671 0.992
1745 1 1  0.964 0.733
1746 1 1  0.698 0.676
1747 1 1  0.715 0.824
1748 1 1  0.928 0.763
1749 1 1  0.695 0.755
1750 1 1  0.847 0.96
1751 1 1  0.757 0.938
1752 1 1  0.83 0.976
1753 1 1  0.724 0.762
1754 1 1  0.703 0.742
1755 1 1  0.652 0.885
1756 1 1  0.801 0.731
1757 1 1  0.995 0.905
1758 1 1  0.723 0.918
1759 1 1  0.827 0.658
1760 1 1  0.828 0.888
1761 1 1  0.825 0.866
1762 1 1  0.859 0.821
1763 1 1  0.783 0.75
1764 1 1  0.734 0.771
1765 1 1  0.997 0.806
1766 1 1  0.893 0.828
1767 1 1  0.788 0.814
1768 1 1  0.897 0.74
1769 1 1  0.843 0.733
1770 1 1  0.804 0.943
1771 1 1  0.832 0.672
1772 1 1  0.817 0.794
1773 1 1  0.829 0.666
1774 1 1  0.984 0.892
1775 1 1  0.698 0.757
1776 1 1  0.913 0.71
1777 1 1  0.772 0.788
1778 1 1  0.975 0.863
1779 1 1  0.653 0.778
1780 1 1  0.92 0.812
1781 1 1  0.859 0.656
1782 1 1  0.926 0.922
1783 1 1  0.812 0.885
1784 1 1  0.777 0.985
1785 1 1  0.674 0.661
1786 1 1  0.75 0.844
1787 1 1  0.973 0.784
1788 1 1  0.728 0.71
1789 1 1  0.803 0.796
1790 1 1  0.662 0.678
1791 1 1  0.89 0.928
1792 1 1  0.739 0.719
1793 1 1  0.957 0.792
1794 1 1  0.717 0.806
1795 1 1  0.868 0.674
1796 1 1  0.676 0.801
1797 1 1  0.788 0.716
1798 1 1  0.725 0.935
1799 1 1  0.707 0.884
1800 1 1  0.819 0.842
1801 1 1  0.663 0.658
1802 1 1  0.819 0.818
1803 1 1  0.913 0.782
1804 1 1  0.843 0.874
1805 1 1  0.674 0.871
1806 1 1  0.708 0.907
1807 1 1  0.887 0.904
1808 1 1  0.864 0.71
1809 1 1  0.944 0.828
1810 1 1  0.864 0.664
1811 1 1  0.963 0.746
1812 1 1  0.747 0.728
1813 0 0 0.0 0.0
1814 0 0 0.0 0.0
1815 0 0 0.0 0.0
1816 0 0 0.0 0.0
1817 0 0 0.0 0.0
1818 0 0 0.0 0.0
1819 0 0 0.0 0.0
1820 0 0 0.0 0.0
1821 0 0 0.0 0.0
1822 0 0 0.0 0.0
1823 0 0 0.0 0.0
1824 0 0 0.0 0.0
1825 0 0 0.0 0.0
1826 0 0 0.0 0.0
1827 0 0 0.0 0.0
1828 0 0 0.0 0.0
1829 0 0 0.0 0.0
1830 0 0 0.0 0.0
1831 0 0 0.0 0.0
1832 0 0 0.0 0.0
1833 0 0 0.0 0.0
1834 0 0 0.0 0.0
1835 0 0 0.0 0.0
1836 0 0 0.0 0.0
1837 0 0 0.0 0.0
1838 0 0 0.0 0.0
1839 0 0 0.0 0.0
1840 0 0 0.0 0.0
1841 0 0 0.0 0.0
1842 0 0 0.0 0.0
1843 0 0 0.0 0.0
1844 0 0 0.0 0.0
1845 0 0 0.0 0.0
1846 0 0 0.0 0.0
1847 0 0 0.0 0.0
1848 1 1  0.979 0.832
1849 1 1  0.717 0.957
1850 1 1  0.747 0.665
1851 1 1  0.753 0.714
1852 1 1  0.94 0.956
1853 1 1  0.767 0.746
1854 1 1  0.802 0.658
1855 1 1  0.949 0.943
1856 1 1  0.671 0.787
1857 1 1  0.717 0.954
1858 1 1  0.654 0.854
1859 1 1  0.891 0.835
1860 1 1  0.938 0.882
1861 1 1  0.711 0.66
1862 1 1  0.68 0.731
1863 1 1  0.658 0.937
1864 1 1  0.76 0.811
1865 1 1  0.756 0.773
1866 1 1  0.696 0.985
1867 1 1  0.744 0.949
1868 1 1  0.75 0.839
1869 1 1  0.686 0.867
1870 1 1  0.865 0.723
1871 1 1  0.992 0.768
1872 1 1  0.902 0.897
1873 1 1  0.83 0.992
1874 1 1  0.725 0.722
1875 1 1  0.823 0.937
1876 1 1  0.812 0.911
1877 1 1  0.995 0.98
1878 1 1  0.735 0.678
1879 1 1  0.748 0.909
1880 1 1  0.759 0.864
1881 1 1  0.931 0.827
1882 1 1  0.903 0.696
1883 1 1  0.952 0.782
1884 1 1  0.947 0.991
1885 1 1  0.741 0.797
1886 1 1  0.734 0.707
1887 1 1  0.967 0.882
1888 1 1  0.67 0.661
1889 1 1  0.736 0.815
1890 1 1  0.821 0.872
1891 1 1  0.936 0.839
1892 1 1  0.811 0.7
1893 1 1  0.779 0.75
1894 1 1  0.711 0.707
1895 1 1  0.97 0.757
1896 1 1  0.775 0.911
1897 1 1  0.876 0.993
1898 1 1  0.874 0.856
1899 1 1  0.665 0.681
1900 1 1  0.793 0.852
1901 1 1  0.805 0.904
1902 1 1  0.788 0.862
1903 1 1  0.727 0.808
1904 1 1  0.855 0.702
1905 1 1  0.697 0.664
1906 1 1  0.811 0.907
1907 1 1  0.865 0.911
1908 1 1  0.754 0.675
1909 1 1  0.899 0.767
1910 1 1  0.701 0.675
1911 1 1  0.654 0.892
1912 1 1  0.718 0.852
1913 1 1  0.748 0.666
1914 1 1  0.89 0.692
1915 1 1  0.837 0.767
1916 1 1  0.973 0.788
1917 1 1  0.714 0.8
1918 1 1  0.963 0.891
1919 1 1  0.746 0.775
1920 0 0 0.0 0.0
1921 0 0 0.0 0.0
1922 0 0 0.0 0.0
1923 0 0 0.0 0.0
1924 0 0 0.0 0.0
1925 0 0 0.0 0.0
1926 0 0 0.0 0.0
1927 0 0 0.0 0.0
1928 1 1  0.959 0.938
1929 1 1  0.722 0.925
1930 1 1  0.901 0.841
1931 1 1  0.695 0.782
1932 1 1  0.915 0.878
1933 1 1  0.672 0.895
1934 1 1  0.77 0.8
1935 1 1  0.981 0.892
1936 1 1  0.759 0.743
1937 1 1  0.711 0.86
1938 1 1  0.753 0.84
1939 1 1  0.939 0.886
1940 1 1  0.927 0.679
1941 1 1  0.789 0.893
1942 1 1  0.863 0.878
1943 1 1  0.708 0.896
1944 1 1  0.963 0.713
1945 1 1  0.719 0.68
1946 1 1  0.676 0.788
1947 1 1  0.924 0.773
1948 1 1  0.698 0.909
1949 1 1  0.824 0.876
1950 1 1  0.683 0.806
1951 1 1  0.718 0.74
1952 1 1  0.692 0.889
1953 1 1  0.692 0.97
1954 1 1  0.884 0.881
1955 1 1  0.973 0.948
1956 1 1  0.989 0.857
1957 1 1  0.856 0.7
1958 1 1  0.844 0.738
1959 1 1  0.791 0.959
1960 1 1  0.992 0.945
1961 1 1  0.9 0.731
1962 1 1  0.859 0.912
1963 1 1  0.931 0.796
1964 1 1  0.74 0.826
1965 1 1  0.723 0.7
1966 1 1  0.936 0.728
1967 1 1  0.97 0.921
1968 1 1  0.959 0.801
1969 1 1  0.743 0.698
1970 1 1  0.889 0.652
1971 1 1  0.956 0.831
1972 1 1  0.938 0.873
1973 1 1  0.947 0.932
1974 1 1  0.903 0.976
1975 1 1  0.777 0.835
1976 1 1  0.901 0.942
1977 1 1  0.7 0.925
1978 1 1  0.782 0.941
1979 1 1  0.863 0.912
1980 1 1  0.719 0.913
1981 1 1  0.774 0.891
1982 1 1  0.904 0.922
1983 1 1  0.74 0.682
1984 1 1  0.786 0.864
1985 1 1  0.962 0.838
1986 1 1  0.833 0.764
1987 1 1  1 0.893
1988 1 1  0.919 0.962
1989 1 1  0.846 0.923
1990 1 1  0.887 0.909
1991 1 1  0.821 0.793
1992 1 1  0.815 0.723
1993 1 1  0.755 0.903
1994 1 1  0.668 0.99
1995 1 1  0.977 0.743
1996 1 1  0.925 0.651
1997 1 1  0.883 0.951
1998 1 1  0.757 0.95
1999 1 1  0.803 0.757
2000 0 0 0.0 0.0
2001 0 0 0.0 0.0
2002 0 0 0.0 0.0
2003 0 0 0.0 0.0
2004 0 0 0.0 0.0
2005 0 0 0.0 0.0
2006 0 0 0.0 0.0
2007 0 0 0.0 0.0
2008 1 1  0.787 0.765
2009 1 1  0.989 0.826
2010 1 1  0.684 0.936
2011 1 1  0.973 0.995
2012 1 1  0.864 0.976
2013 1 1  0.958 0.895
2014 1 1  0.955 0.653
2015 1 1  0.728 0.677
2016 1 1  0.888 0.804
2017 1 1  0.956 0.752
2018 1 1  0.677 0.902
2019 1 1  0.902 0.914
2020 1 1  0.945 0.763
2021 1 1  0.927 0.87
2022 1 1  0.828 0.816
2023 1 1  0.844 0.751
2024 1 1  0.924 0.986
2025 1 1  0.803 0.755
2026 1 1  0.709 0.684
2027 1 1  0.758 0.847
2028 1 1  0.889 0.983
2029 1 1  0.993 0.964
2030 1 1  0.913 0.916
2031 1 1  0.9 0.753
2032 1 1  0.971 0.847
2033 1 1  0.848 0.875
2034 1 1  0.912 0.898
2035 1 1  0.91 0.893
2036 1 1  0.71 0.965
2037 1 1  0.79 0.799
2038 1 1  0.905 0.724
2039 1 1  0.706 0.989
2040 1 1  0.83 0.71
2041 1 1  0.732 0.846
2042 1 1  0.739 0.985
2043 1 1  0.785 0.952
2044 1 1  0.893 0.723
2045 1 1  0.998 0.772
2046 1 1  0.851 0.962
2047 1 1  0.737 0.707
2048 1 1  0.892 0.674
2049 1 1  0.652 0.722
2050 1 1  0.993 0.736
2051 1 1  0.998 0.948
2052 1 1  0.756 0.778
2053 1 1  0.663 0.981
2054 1 1  0.822 0.74
2055 1 1  0.853 0.775
2056 1 1  0.752 0.89
2057 1 1  0.686 0.838
2058 1 1  0.752 0.938
2059 1 1  0.717 0.675
2060 1 1  0.776 0.732
2061 1 1  0.919 0.777
2062 1 1  0.654 0.68
2063 1 1  0.811 0.667
2064 1 1  0.65 0.837
2065 1 1  0.799 0.931
2066 1 1  0.935 0.891
2067 1 1  0.933 0.87
2068 1 1  0.992 0.956
2069 1 1  0.901 0.901
2070 1 1  0.976 0.723
2071 1 1  0.994 0.768
2072 1 1  0.996 0.926
2073 1 1  0.689 0.685
2074 1 1  0.653 0.653
2075 1 1  0.855 0.764
2076 1 1  0.918 0.919
2077 1 1  0.763 0.654
2078 1 1  0.811 0.823
2079 1 1  0.739 0.731
2080 0 0 0.0 0.0
2081 0 0 0.0 0.0
2082 0 0 0.0 0.0
2083 0 0 0.0 0.0
2084 0 0 0.0 0.0
2085 0 0 0.0 0.0
2086 0 0 0.0 0.0
2087 0 0 0.0 0.0
2088 1 1  0.875 0.658
2089 1 1  0.67 0.839
2090 1 1  0.899 0.843
2091 1 1  0.916 0.702
2092 1 1  0.788 0.978
2093 1 1  0.746 0.792
2094 1 1  0.999 0.868
2095 1 1  0.719 0.714
2096 1 1  0.942 0.859
2097 1 1  0.984 0.821
2098 1 1  0.683 0.889
2099 1 1  0.653 0.895
2100 1 1  0.815 0.817
2101 1 1  0.681 0.763
2102 1 1  0.704 0.7
2103 1 1  0.832 0.757
2104 1 1  0.741 0.723
2105 1 1  0.76 0.795
2106 1 1  0.845 0.773
2107 1 1  0.747 0.689
2108 1 1  0.721 0.996
2109 1 1  0.814 0.96
2110 1 1  0.792 0.753
2111 1 1  0.748 0.946
2112 1 1  0.767 0.676
2113 1 1  0.995 0.932
2114 1 1  0.676 0.868
2115 1 1  0.991 0.969
2116 1 1  0.787 0.791
2117 1 1  0.954 0.725
2118 1 1  0.992 0.69
2119 1 1  0.849 0.769
2120 1 1  0.701 0.75
2121 1 1  0.89 0.894
2122 1 1  0.805 0.731
2123 1 1  0.661 0.778
2124 1 1  0.732 0.904
2125 1 1  0.941 0.664
2126 1 1  0.776 0.762
2127 1 1  0.944 0.998
2128 1 1  0.987 0.929
2129 1 1  0.65 0.745
2130 1 1  0.994 0.886
2131 1 1  0.771 0.925
2132 1 1  0.793 0.707
2133 1 1  0.85 0.712
2134 1 1  0.671 0.813
2135 1 1  0.764 0.925
2136 1 1  0.931 0.857
2137 1 1  0.794 0.67
2138 1 1  0.714 0.757
2139 1 1  0.677 0.746
2140 1 1  0.652 0.709
2141 1 1  0.747 0.764
2142 1 1  0.651 0.96
2143 1 1  0.688 0.92
2144 1 1  0.851 0.814
2145 1 1  0.925 0.727
2146 1 1  0.91 0.999
2147 1 1  0.766 0.819
2148 1 1  0.907 0.963
2149 1 1  0.893 0.901
2150 1 1  0.691 0.965
2151 1 1  0.748 0.692
2152 1 1  0.735 0.653
2153 1 1  0.963 0.802
2154 1 1  0.858 0.923
2155 1 1  0.901 0.926
2156 1 1  0.984 0.828
2157 1 1  0.801 0.683
2158 1 1  0.871 0.934
2159 1 1  0.913 0.771
2160 0 0 0.0 0.0
2161 0 0 0.0 0.0
2162 0 0 0.0 0.0
2163 0 0 0.0 0.0
2164 0 0 0.0 0.0
2165 0 0 0.0 0.0
2166 0 0 0.0 0.0
2167 0 0 0.0 0.0
2168 0 0 0.0 0.0
2169 0 0 0.0 0.0
2170 0 0 0.0 0.0
2171 0 0 0.0 0.0
2172 0 0 0.0 0.0
2173 0 0 0.0 0.0
2174 0 0 0.0 0.0
2175 0 0 0.0 0.0
2176 0 0 0.0 0.0
2177 0 0 0.0 0.0
2178 0 0 0.0 0.0
2179 0 0 0.0 0.0
2180 0 0 0.0 0.0
2181 0 0 0.0 0.0
2182 0 0 0.0 0.0
2183 0 0 0.0 0.0
2184 0 0 0.0 0.0
2185 0 0 0.0 0.0
2186 0 0 0.0 0.0
2187 0 0 0.0 0.0
2188 0 0 0.0 0.0
2189 0 0 0.0 0.0
2190 0 0 0.0 0.0
2191 0 0 0.0 0.0
2192 0 0 0.0 0.0
2193 0 0 0.0 0.0
2194 0 0 0.0 0.0
2195 1 1  0.858 0.713
2196 1 1  0.79 0.948
2197 1 1  0.76 0.669
2198 1 1  0.737 0.812
2199 1 1  0.659 0.99
2200 1 1  0.953 0.954
2201 1 1  0.952 0.918
2202 1 1  0.917 0.927
2203 1 1  0.904 0.909
2204 1 1  0.986 0.966
2205 1 1  0.951 0.98
2206 1 1  0.915 0.93
2207 1 1  0.943 0.967
2208 1 1  0.976 0.964
2209 1 1  0.966 0.986
2210 1 1  0.944 0.918
2211 1 1  0.995 0.942
2212 1 1  0.921 0.972
2213 1 1  0.96 0.933
2214 1 1  0.902 0.92
2215 1 1  0.926 0.945
2216 1 1  0.916 0.948
2217 1 1  0.914 0.931
2218 1 1  0.943 0.974
2219 1 1  0.912 0.997
2220 1 1  0.927 0.983
2221 1 1  0.957 0.907
2222 1 1  0.984 0.924
2223 1 1  0.944 0.963
2224 1 1  0.939 0.901
2225 1 1  0.931 0.975
2226 1 1  0.919 0.907
2227 1 1  0.973 0.987
2228 1 1  0.969 0.9
2229 1 1  0.909 0.984
2230 1 1  0.943 0.966
2231 1 1  0.934 0.928
2232 1 1  0.918 0.921
2233 1 1  0.993 0.946
2234 1 1  0.94 0.956
2235 1 1  0.937 0.997
2236 1 1  0.998 0.944
2237 1 1  0.97 0.92
2238 1 1  0.966 0.94
2239 1 1  0.913 0.953
2240 1 1  0.973 0.96
2241 1 1  0.91 1
2242 1 1  0.939 0.992
2243 1 1  0.964 0.987
2244 1 1  0.995 0.948
2245 1 1  0.926 0.931
2246 1 1  0.915 0.95
2247 1 1  0.947 0.922
2248 1 1  0.916 0.964
2249 1 1  0.927 0.96
2250 1 1  0.925 0.99
2251 1 1  0.985 0.904
2252 1 1  0.918 0.924
2253 1 1  0.946 0.982
2254 1 1  0.976 0.905
2255 1 1  0.902 0.946
2256 1 1  0.983 0.94
2257 1 1  0.904 0.943
2258 1 1  0.965 0.927
2259 1 1  0.917 0.972
2260 1 1  0.901 0.929
2261 1 1  0.97 0.924
2262 1 1  0.949 0.905
2263 1 1  0.926 0.96
2264 1 1  0.987 0.914
2265 1 1  0.904 0.999
2266 1 1  0.968 0.948
2267 0 0 0.0 0.0
2268 0 0 0.0 0.0
2269 0 0 0.0 0.0
2270 0 0 0.0 0.0
2271 0 0 0.0 0.0
2272 0 0 0.0 0.0
2273 0 0 0.0 0.0
2274 0 0 0.0 0.0
2275 1 1  0.993 0.984
2276 1 1  0.95 0.99
2277 1 1  0.997 0.944
2278 1 1  0.922 0.977
2279 1 1  0.905 0.907
2280 1 1  0.945 0.913
2281 1 1  0.959 0.949
2282 1 1  0.938 0.957
2283 1 1  0.949 0.968
2284 1 1  0.988 0.944
2285 1 1  0.905 0.956
2286 1 1  0.988 0.904
2287 1 1  0.96 0.971
2288 1 1  0.928 0.946
2289 1 1  0.946 0.928
2290 1 1  0.936 0.975
2291 1 1  0.907 0.966
2292 1 1  1 0.932
2293 1 1  0.977 0.906
2294 1 1  0.94 0.904
2295 1 1  0.922 0.988
2296 1 1  0.993 0.9
2297 1 1  0.937 0.928
2298 1 1  0.908 0.924
2299 1 1  0.921 0.975
2300 1 1  0.93 0.903
2301 1 1  0.962 0.917
2302 1 1  0.914 0.903
2303 1 1  0.93 0.906
2304 1 1  0.927 0.941
2305 1 1  0.966 0.947
2306 1 1  0.916 0.978
2307 1 1  0.933 0.908
2308 1 1  0.976 0.979
2309 1 1  0.93 0.951
2310 1 1  0.91 0.958
2311 1 1  0.919 0.934
2312 1 1  0.979 0.929
2313 1 1  0.962 0.936
2314 1 1  0.943 0.941
2315 1 1  0.972 0.916
2316 1 1  0.931 0.928
2317 1 1  0.977 0.913
2318 1 1  0.953 0.968
2319 1 1  0.938 0.928
2320 1 1  0.909 0.932
2321 1 1  0.905 0.957
2322 1 1  0.903 0.991
2323 1 1  0.973 0.931
2324 1 1  0.933 0.99
2325 1 1  0.916 0.96
2326 1 1  0.943 0.945
2327 1 1  0.944 0.971
2328 1 1  0.91 0.965
2329 1 1  0.942 0.931
2330 1 1  0.911 0.949
2331 1 1  0.942 0.966
2332 1 1  0.954 0.925
2333 1 1  0.912 0.968
2334 1 1  0.943 0.968
2335 1 1  0.93 0.988
2336 1 1  0.962 0.919
2337 1 1  0.936 0.903
2338 1 1  0.974 0.918
2339 1 1  0.93 0.937
2340 1 1  0.992 0.908
2341 1 1  0.917 0.993
2342 1 1  0.945 0.991
2343 1 1  0.932 0.958
2344 1 1  0.953 0.919
2345 1 1  0.964 0.998
2346 1 1  0.934 0.942
2347 0 0 0.0 0.0
2348 0 0 0.0 0.0
2349 0 0 0.0 0.0
2350 0 0 0.0 0.0
2351 0 0 0.0 0.0
2352 0 0 0.0 0.0
2353 0 0 0.0 0.0
2354 0 0 0.0 0.0
2355 1 1  0.964 0.95
2356 1 1  0.92 0.938
2357 1 1  0.939 0.994
2358 1 1  0.99 0.947
2359 1 1  0.971 0.963
2360 1 1  0.931 0.967
2361 1 1  0.952 0.99
2362 1 1  0.932 0.943
2363 1 1  0.983 0.996
2364 1 1  0.924 0.905
2365 1 1  0.911 0.952
2366 1 1  0.954 0.997
2367 1 1  0.972 0.924
2368 1 1  0.925 0.925
2369 1 1  0.965 0.96
2370 1 1  0.926 0.97
2371 1 1  0.93 0.923
2372 1 1  0.995 0.969
2373 1 1  0.904 0.943
2374 1 1  0.992 0.974
2375 1 1  0.915 0.983
2376 1 1  0.994 0.972
2377 1 1  0.922 0.975
2378 1 1  0.925 0.927
2379 1 1  0.949 0.911
2380 1 1  0.923 0.991
2381 1 1  0.927 0.918
2382 1 1  0.954 0.976
2383 1 1  0.965 0.972
2384 1 1  0.951 0.901
2385 1 1  0.978 0.951
2386 1 1  0.991 0.92
2387 1 1  0.937 0.921
2388 1 1  0.936 0.981
2389 1 1  0.975 0.927
2390 1 1  0.942 0.959
2391 1 1  0.937 0.923
2392 1 1  0.907 0.903
2393 1 1  0.924 0.935
2394 1 1  0.94 0.971
2395 1 1  0.908 0.956
2396 1 1  0.944 1
2397 1 1  0.969 0.959
2398 1 1  0.961 0.964
2399 1 1  0.941 0.965
2400 1 1  0.997 0.975
2401 1 1  0.953 0.976
2402 1 1  0.915 0.965
2403 1 1  0.903 0.986
2404 1 1  0.924 0.972
2405 1 1  0.945 0.919
2406 1 1  0.998 0.956
2407 1 1  0.949 0.971
2408 1 1  0.925 0.924
2409 1 1  0.953 0.909
2410 1 1  0.971 0.955
2411 1 1  0.913 0.992
2412 1 1  0.919 0.956
2413 1 1  0.922 0.92
2414 1 1  0.992 1
2415 1 1  0.961 0.982
2416 1 1  0.985 0.996
2417 1 1  0.955 0.936
2418 1 1  0.916 0.997
2419 1 1  0.958 0.968
2420 1 1  0.968 0.926
2421 1 1  0.931 0.923
2422 1 1  0.941 0.932
2423 1 1  0.981 0.98
2424 1 1  0.907 0.989
2425 1 1  0.91 0.914
2426 1 1  0.968 0.954
2427 0 0 0.0 0.0
2428 0 0 0.0 0.0
2429 0 0 0.0 0.0
2430 0 0 0.0 0.0
2431 0 0 0.0 0.0
2432 0 0 0.0 0.0
2433 0 0 0.0 0.0
2434 0 0 0.0 0.0
2435 1 1  0.967 0.951
2436 1 1  0.952 0.909
2437 1 1  0.925 0.98
2438 1 1  0.996 0.987
2439 1 1  0.992 0.95
2440 1 1  0.975 0.91
2441 1 1  0.931 0.938
2442 1 1  0.976 0.924
2443 1 1  0.917 0.901
2444 1 1  0.98 0.936
2445 1 1  0.937 0.927
2446 1 1  0.994 0.912
2447 1 1  0.947 0.981
2448 1 1  0.978 0.903
2449 1 1  0.953 0.939
2450 1 1  0.951 0.932
2451 1 1  0.98 0.907
2452 1 1  0.98 0.946
2453 1 1  0.929 0.988
2454 1 1  0.972 0.93
2455 1 1  0.953 0.955
2456 1 1  0.924 0.922
2457 1 1  0.959 0.969
2458 1 1  0.954 0.953
2459 1 1  0.918 0.955
2460 1 1  0.934 0.905
2461 1 1  0.988 0.921
2462 1 1  0.927 0.903
2463 1 1  0.979 0.982
2464 1 1  0.986 0.976
2465 1 1  0.933 0.908
2466 1 1  0.908 0.902
2467 1 1  0.997 0.91
2468 1 1  0.919 0.98
2469 1 1  0.916 0.977
2470 1 1  0.955 0.939
2471 1 1  0.944 0.919
2472 1 1  0.923 0.922
2473 1 1  0.969 0.953
2474 1 1  0.96 0.942
2475 1 1  0.942 0.964
2476 1 1  0.991 0.921
2477 1 1  0.954 0.901
2478 1 1  0.932 0.993
2479 1 1  0.941 0.936
2480 1 1  0.919 0.932
2481 1 1  0.907 0.929
2482 1 1  0.963 0.972
2483 1 1  0.908 0.901
2484 1 1  0.977 0.911
2485 1 1  0.91 0.946
2486 1 1  0.98 0.918
2487 1 1  0.938 0.965
2488 1 1  0.906 0.995
2489 1 1  0.937 0.984
2490 1 1  0.917 0.926
2491 1 1  0.905 0.924
2492 1 1  0.906 0.908
2493 1 1  0.929 0.936
2494 1 1  0.972 0.915
2495 1 1  0.913 0.992
2496 1 1  0.904 0.909
2497 1 1  0.915 0.905
2498 1 1  0.922 0.955
2499 1 1  0.925 0.901
2500 1 1  0.948 0.965
2501 1 1  0.949 0.926
2502 1 1  0.921 0.921
2503 1 1  0.964 0.943
2504 1 1  0.937 0.999
2505 1 1  0.957 0.923
2506 1 1  0.994 0.92
2507 0 0 0.0 0.0
2508 0 0 0.0 0.0
2509 0 0 0.0 0.0
2510 0 0 0.0 0.0
2511 0 0 0.0 0.0
2512 0 0 0.0 0.0
2513 0 0 0.0 0.0
2514 0 0 0.0 0.0
2515 0 0 0.0 0.0
2516 0 0 0.0 0.0
2517 0 0 0.0 0.0
2518 0 0 0.0 0.0
2519 0 0 0.0 0.0
2520 0 0 0.0 0.0
2521 0 0 0.0 0.0
2522 0 0 0.0 0.0
2523 0 0 0.0 0.0
2524 0 0 0.0 0.0
2525 0 0 0.0 0.0
2526 0 0 0.0 0.0
2527 0 0 0.0 0.0
2528 0 0 0.0 0.0
2529 0 0 0.0 0.0
2530 0 0 0.0 0.0
2531 0 0 0.0 0.0
2532 0 0 0.0 0.0
2533 0 0 0.0 0.0
2534 0 0 0.0 0.0
2535 0 0 0.0 0.0
2536 0 0 0.0 0.0
2537 0 0 0.0 0.0
2538 0 0 0.0 0.0
2539 0 0 0.0 0.0
2540 0 0 0.0 0.0
2541 0 0 0.0 0.0
2542 0 0 0.0 0.0
2543 1 1  0.928 0.973
2544 1 1  0.901 0.946
2545 1 1  0.908 0.923
2546 1 1  0.909 0.903
2547 1 1  0.956 0.906
2548 1 1  0.98 0.925
2549 1 1  0.942 0.928
2550 1 1  0.991 0.965
2551 1 1  0.936 0.977
2552 1 1  0.975 0.905
2553 1 1  0.939 0.908
2554 1 1  0.902 0.991
2555 1 1  0.947 0.942
2556 1 1  0.968 0.922
2557 1 1  0.989 0.984
2558 1 1  0.906 0.902
2559 1 1  0.977 0.939
2560 1 1  0.926 0.978
2561 1 1  0.915 0.906
2562 1 1  0.901 0.909
2563 1 1  0.945 0.943
2564 1 1  0.945 0.924
2565 1 1  0.951 0.947
2566 1 1  0.968 0.978
2567 1 1  0.939 0.977
2568 1 1  0.994 0.922
2569 1 1  0.979 0.963
2570 1 1  0.985 0.962
2571 1 1  0.941 0.971
2572 1 1  0.974 0.918
2573 1 1  0.977 0.986
2574 1 1  0.905 0.958
2575 1 1  0.982 0.971
2576 1 1  0.984 0.979
2577 1 1  0.926 0.975
2578 1 1  0.983 1
2579 1 1  0.982 0.946
2580 1 1  0.98 0.99
2581 1 1  0.991 0.909
2582 1 1  0.92 0.976
2583 1 1  0.947 0.949
2584 1 1  0.952 0.989
2585 1 1  0.968 0.919
2586 1 1  0.939 0.95
2587 1 1  0.919 0.917
2588 1 1  0.964 0.903
2589 1 1  0.945 0.984
2590 1 1  0.93 0.917
2591 1 1  0.931 0.935
2592 1 1  0.935 0.911
2593 1 1  0.954 0.939
2594 1 1  0.914 0.929
2595 1 1  0.984 0.979
2596 1 1  0.943 0.947
2597 1 1  0.982 0.977
2598 1 1  0.917 0.961
2599 1 1  0.963 0.923
2600 1 1  0.991 0.909
2601 1 1  0.975 0.93
2602 1 1  0.97 0.91
2603 1 1  0.955 0.977
2604 1 1  0.966 0.945
2605 1 1  0.972 0.972
2606 1 1  0.941 0.952
2607 1 1  0.936 0.996
2608 1 1  0.975 0.943
2609 1 1  0.917 0.977
2610 1 1  0.901 0.984
2611 1 1  0.944 0.951
2612 1 1  0.947 0.922
2613 1 1  0.97 0.92
2614 1 1  0.962 0.943
2615 0 0 0.0 0.0
2616 0 0 0.0 0.0
2617 0 0 0.0 0.0
2618 0 0 0.0 0.0
2619 0 0 0.0 0.0
2620 0 0 0.0 0.0
2621 0 0 0.0 0.0
2622 0 0 0.0 0.0
2623 1 1  0.944 0.982
2624 1 1  0.924 0.92
2625 1 1  0.901 0.904
2626 1 1  0.939 0.968
2627 1 1  0.97 0.969
2628 1 1  0.986 0.919
2629 1 1  0.932 0.962
2630 1 1  0.929 0.955
2631 1 1  0.978 0.963
2632 1 1  0.99 0.953
2633 1 1  0.975 0.959
2634 1 1  0.906 0.91
2635 1 1  0.964 0.906
2636 1 1  0.902 0.991
2637 1 1  0.964 0.984
2638 1 1  0.977 0.911
2639 1 1  0.925 0.999
2640 1 1  0.969 0.984
2641 1 1  0.995 0.921
2642 1 1  0.949 0.936
2643 1 1  0.954 0.908
2644 1 1  0.946 0.933
2645 1 1  0.921 0.942
2646 1 1  0.992 0.994
2647 1 1  0.923 0.924
2648 1 1  0.984 0.905
2649 1 1  0.947 0.944
2650 1 1  0.915 0.902
2651 1 1  0.974 0.999
2652 1 1  0.941 0.998
2653 1 1  0.944 0.929
2654 1 1  0.978 0.97
2655 1 1  0.925 0.948
2656 1 1  0.967 0.951
2657 1 1  0.967 0.914
2658 1 1  0.909 0.987
2659 1 1  0.968 0.972
2660 1 1  0.99 0.94
2661 1 1  0.949 0.902
2662 1 1  0.998 0.939
2663 1 1  0.914 0.938
2664 1 1  0.986 0.994
2665 1 1  0.9 0.954
2666 1 1  0.993 0.982
2667 1 1  0.91 0.935
2668 1 1  0.916 0.949
2669 1 1  0.943 0.951
2670 1 1  0.916 0.956
2671 1 1  0.93 0.996
2672 1 1  0.976 0.997
2673 1 1  0.957 0.932
2674 1 1  0.97 0.925
2675 1 1  0.918 0.929
2676 1 1  0.971 0.915
2677 1 1  0.91 0.94
2678 1 1  0.912 0.967
2679 1 1  0.943 0.919
2680 1 1  0.923 0.977
2681 1 1  0.912 0.923
2682 1 1  0.907 0.94
2683 1 1  0.984 0.997
2684 1 1  0.973 0.978
2685 1 1  0.907 0.972
2686 1 1  0.998 0.928
2687 1 1  0.946 0.965
2688 1 1  0.935 0.932
2689 1 1  0.992 0.975
2690 1 1  0.942 0.912
2691 1 1  0.902 0.944
2692 1 1  0.913 0.913
2693 1 1  0.934 0.942
2694 1 1  0.907 0.935
2695 0 0 0.0 0.0
2696 0 0 0.0 0.0
2697 0 0 0.0 0.0
2698 0 0 0.0 0.0
2699 0 0 0.0 0.0
2700 0 0 0.0 0.0
2701 0 0 0.0 0.0
2702 0 0 0.0 0.0
2703 0 0 0.0 0.0
2704 0 0 0.0 0.0
2705 0 0 0.0 0.0
2706 0 0 0.0 0.0
2707 0 0 0.0 0.0
2708 0 0 0.0 0.0
2709 0 0 0.0 0.0
2710 0 0 0.0 0.0
2711 0 0 0.0 0.0
2712 0 0 0.0 0.0
2713 0 0 0.0 0.0
2714 0 0 0.0 0.0
2715 0 0 0.0 0.0
2716 0 0 0.0 0.0
2717 0 0 0.0 0.0
2718 0 0 0.0 0.0
2719 0 0 0.0 0.0
2720 0 0 0.0 0.0
2721 0 0 0.0 0.0
2722 0 0 0.0 0.0
2723 0 0 0.0 0.0
2724 0 0 0.0 0.0
2725 0 0 0.0 0.0
2726 0 0 0.0 0.0
2727 0 0 0.0 0.0
2728 0 0 0.0 0.0
2729 0 0 0.0 0.0
2730 1 1  0.99 0.984
2731 1 1  0.979 0.967
2732 1 1  0.914 0.921
2733 1 1  0.93 0.963
2734 1 1  0.913 0.933
2735 1 1  0.995 0.995
2736 1 1  0.926 0.905
2737 1 1  0.982 0.934
2738 1 1  0.933 0.972
2739 1 1  0.905 0.991
2740 1 1  0.911 0.905
2741 1 1  0.977 0.978
2742 1 1  0.938 0.968
2743 1 1  0.942 0.901
2744 1 1  0.902 0.936
2745 1 1  0.941 0.941
2746 1 1  0.942 0.98
2747 1 1  0.924 0.912
2748 1 1  0.905 0.949
2749 1 1  0.912 0.923
2750 1 1  0.938 0.931
2751 1 1  0.929 0.999
2752 1 1  0.946 0.901
2753 1 1  0.944 0.949
2754 1 1  0.904 0.945
2755 1 1  0.986 0.998
2756 1 1  0.969 0.932
2757 1 1  0.939 0.91
2758 1 1  0.958 0.99
2759 1 1  0.998 0.963
2760 1 1  0.945 0.922
2761 1 1  0.921 0.944
2762 1 1  0.987 0.985
2763 1 1  0.911 0.944
2764 1 1  0.939 0.916
2765 1 1  0.935 0.958
2766 1 1  0.902 0.965
2767 1 1  0.983 0.979
2768 1 1  0.951 0.959
2769 1 1  0.925 0.995
2770 1 1  0.911 0.907
2771 1 1  0.91 0.998
2772 1 1  0.912 0.976
2773 1 1  0.933 0.905
2774 1 1  0.986 0.971
2775 1 1  0.923 0.981
2776 1 1  0.912 0.976
2777 1 1  0.929 0.971
2778 1 1  0.979 0.985
2779 1 1  0.964 0.901
2780 1 1  0.993 0.985
2781 1 1  0.937 0.91
2782 1 1  0.921 0.91
2783 1 1  0.994 0.974
2784 1 1  0.919 0.927
2785 1 1  0.95 0.925
2786 1 1  0.999 0.946
2787 1 1  0.902 0.975
2788 1 1  0.931 1
2789 1 1  0.929 0.908
2790 1 1  0.985 0.951
2791 1 1  0.916 0.99
2792 1 1  0.921 0.93
2793 1 1  0.928 0.998
2794 1 1  0.984 0.927
2795 1 1  0.925 0.932
2796 1 1  0.903 0.998
2797 1 1  0.912 0.954
2798 1 1  0.914 0.945
2799 1 1  0.982 0.925
2800 1 1  0.961 0.96
2801 1 1  0.921 0.997
2802 0 0 0.0 0.0
2803 0 0 0.0 0.0
2804 0 0 0.0 0.0
2805 0 0 0.0 0.0
2806 0 0 0.0 0.0
2807 0 0 0.0 0.0
2808 0 0 0.0 0.0
2809 0 0 0.0 0.0
2810 1 1  0.935 0.947
2811 1 1  0.93 0.935
2812 1 1  0.989 0.922
2813 1 1  0.94 0.921
2814 1 1  0.984 0.937
2815 1 1  0.97 0.913
2816 1 1  0.976 0.927
2817 1 1  0.952 0.995
2818 1 1  0.997 0.941
2819 1 1  0.986 0.968
2820 1 1  0.985 0.973
2821 1 1  0.985 0.989
2822 1 1  0.917 0.916
2823 1 1  0.969 0.987
2824 1 1  0.923 0.971
2825 1 1  0.987 0.904
2826 1 1  0.913 0.913
2827 1 1  0.911 0.971
2828 1 1  0.922 0.904
2829 1 1  0.991 0.986
2830 1 1  0.973 0.953
2831 1 1  0.985 0.964
2832 1 1  0.964 0.949
2833 1 1  0.954 0.963
2834 1 1  0.934 0.948
2835 1 1  0.993 0.974
2836 1 1  0.916 0.977
2837 1 1  0.967 0.917
2838 1 1  0.969 0.983
2839 1 1  0.975 0.926
2840 1 1  0.975 0.939
2841 1 1  0.991 0.901
2842 1 1  0.937 0.949
2843 1 1  0.912 0.9
2844 1 1  0.919 0.908
2845 1 1  0.959 0.947
2846 1 1  0.98 0.976
2847 1 1  0.948 0.928
2848 1 1  0.925 0.925
2849 1 1  0.943 0.928
2850 1 1  1 0.929
2851 1 1  0.921 0.971
2852 1 1  0.907 0.977
2853 1 1  0.975 0.98
2854 1 1  0.973 0.945
2855 1 1  0.995 0.989
2856 1 1  0.967 0.909
2857 1 1  0.984 0.986
2858 1 1  0.976 0.928
2859 1 1  0.91 0.975
2860 1 1  0.97 0.935
2861 1 1  0.979 0.98
2862 1 1  0.919 0.948
2863 1 1  0.995 0.922
2864 1 1  0.902 0.906
2865 1 1  0.989 0.929
2866 1 1  0.933 0.984
2867 1 1  0.934 0.94
2868 1 1  0.938 0.961
2869 1 1  0.937 0.992
2870 1 1  0.937 0.928
2871 1 1  0.943 0.944
2872 1 1  0.961 0.954
2873 1 1  0.925 0.971
2874 1 1  0.991 0.93
2875 1 1  0.934 0.972
2876 1 1  0.999 0.933
2877 1 1  0.939 0.906
2878 1 1  0.916 0.95
2879 1 1  0.951 0.921
2880 1 1  0.956 0.922
2881 1 1  0.905 0.961
2882 0 0 0.0 0.0
2883 0 0 0.0 0.0
2884 0 0 0.0 0.0
2885 0 0 0.0 0.0
2886 0 0 0.0 0.0
2887 0 0 0.0 0.0
2888 0 0 0.0 0.0
2889 0 0 0.0 0.0
2890 1 1  0.921 0.952
2891 1 1  0.908 0.995
2892 1 1  0.973 0.936
2893 1 1  0.966 0.926
2894 1 1  0.977 0.962
2895 1 1  0.977 1
2896 1 1  0.944 0.92
2897 1 1  0.947 0.921
2898 1 1  0.944 0.957
2899 1 1  0.984 0.954
2900 1 1  0.96 0.987
2901 1 1  0.939 0.973
2902 1 1  0.905 0.967
2903 1 1  0.93 0.967
2904 1 1  0.967 0.912
2905 1 1  0.906 0.911
2906 1 1  0.993 0.916
2907 1 1  0.938 0.929
2908 1 1  0.952 0.903
2909 1 1  0.909 0.994
2910 1 1  0.915 0.919
2911 1 1  0.993 0.902
2912 1 1  0.906 0.94
2913 1 1  0.904 0.968
2914 1 1  0.976 0.917
2915 1 1  0.92 0.905
2916 1 1  0.919 0.976
2917 1 1  0.932 0.916
2918 1 1  0.904 0.918
2919 1 1  0.929 0.951
2920 1 1  0.902 0.93
2921 1 1  0.937 0.957
2922 1 1  0.993 0.98
2923 1 1  0.918 0.948
2924 1 1  0.954 0.903
2925 1 1  0.977 0.991
2926 1 1  0.928 0.941
2927 1 1  0.903 0.999
2928 1 1  0.902 0.929
2929 1 1  0.986 0.904
2930 1 1  0.965 0.994
2931 1 1  0.931 0.948
2932 1 1  0.903 0.912
2933 1 1  0.934 0.993
2934 1 1  0.964 0.964
2935 1 1  0.985 0.964
2936 1 1  0.964 0.919
2937 1 1  0.986 0.946
2938 1 1  0.915 0.917
2939 1 1  0.989 0.963
2940 1 1  0.938 0.945
2941 1 1  0.941 0.913
2942 1 1  0.996 0.928
2943 1 1  0.976 0.986
2944 1 1  0.987 0.952
2945 1 1  0.919 0.947
2946 1 1  0.954 0.985
2947 1 1  0.971 0.926
2948 1 1  0.929 0.947
2949 1 1  0.916 0.991
2950 1 1  0.993 0.99
2951 1 1  0.908 0.936
2952 1 1  0.909 0.972
2953 1 1  0.958 0.948
2954 1 1  0.925 0.999
2955 1 1  0.975 0.965
2956 1 1  0.955 1
2957 1 1  0.911 0.959
2958 1 1  0.906 0.915
2959 1 1  0.967 0.926
2960 1 1  0.92 0.961
2961 1 1  0.93 0.977
2962 0 0 0.0 0.0
2963 0 0 0.0 0.0
2964 0 0 0.0 0.0
2965 0 0 0.0 0.0
2966 0 0 0.0 0.0
2967 0 0 0.0 0.0
2968 0 0 0.0 0.0
2969 0 0 0.0 0.0
2970 1 1  0.956 0.913
2971 1 1  0.983 0.97
2972 1 1  0.908 0.963
2973 1 1  0.965 0.914
2974 1 1  0.955 0.963
2975 1 1  0.994 0.936
2976 1 1  0.945 0.958
2977 1 1  0.938 0.986
2978 1 1  0.956 0.997
2979 1 1  0.982 0.982
2980 1 1  0.942 0.973
2981 1 1  0.985 0.901
2982 1 1  0.942 0.911
2983 1 1  0.91 0.939
2984 1 1  0.949 0.916
2985 1 1  0.996 0.957
2986 1 1  0.937 0.914
2987 1 1  0.982 0.933
2988 1 1  0.917 0.93
2989 1 1  0.921 0.937
2990 1 1  0.945 0.967
2991 1 1  0.91 0.954
2992 1 1  0.903 0.927
2993 1 1  0.923 0.934
2994 1 1  0.971 0.958
2995 1 1  0.979 0.997
2996 1 1  0.982 0.956
2997 1 1  0.974 0.93
2998 1 1  0.947 0.924
2999 1 1  0.991 0.977
3000 1 1  0.973 0.979
3001 1 1  0.957 0.92
3002 1 1  0.97 0.908
3003 1 1  0.927 0.902
3004 1 1  0.957 0.942
3005 1 1  0.993 0.947
3006 1 1  0.937 0.906
3007 1 1  0.95 0.959
3008 1 1  0.979 0.991
3009 1 1  0.923 1
3010 1 1  0.909 0.954
3011 1 1  0.95 0.948
3012 1 1  0.949 0.951
3013 1 1  0.907 0.978
3014 1 1  0.955 0.952
3015 1 1  0.9 0.959
3016 1 1  0.969 0.975
3017 1 1  0.916 0.935
3018 1 1  0.964 0.929
3019 1 1  0.962 0.988
3020 1 1  0.976 0.93
3021 1 1  0.946 0.947
3022 1 1  0.907 0.992
3023 1 1  0.976 0.932
3024 1 1  0.962 0.977
3025 1 1  0.95 0.975
3026 1 1  0.902 0.913
3027 1 1  0.926 0.91
3028 1 1  0.918 0.965
3029 1 1  1 0.916
3030 1 1  0.912 0.958
3031 1 1  0.948 0.9
3032 1 1  0.908 0.94
3033 1 1  0.908 0.949
3034 1 1  0.973 0.946
3035 1 1  0.928 0.987
3036 1 1  0.974 0.945
3037 1 1  0.962 0.942
3038 1 1  0.935 0.997
3039 1 1  0.923 0.965
3040 1 1  0.923 0.956
3041 1 1  0.971 0.966
3042 0 0 0.0 0.0
3043 0 0 0.0 0.0
3044 0 0 0.0 0.0
3045 0 0 0.0 0.0
3046 0 0 0.0 0.0
3047 0 0 0.0 0.0
3048 0 0 0.0 0.0
3049 0 0 0.0 0.0
3050 0 0 0.0 0.0
3051 0 0 0.0 0.0
3052 0 0 0.0 0.0
3053 0 0 0.0 0.0
3054 0 0 0.0 0.0
3055 0 0 0.0 0.0
3056 0 0 0.0 0.0
3057 0 0 0.0 0.0
3058 0 0 0.0 0.0
3059 0 0 0.0 0.0
3060 0 0 0.0 0.0
3061 0 0 0.0 0.0
3062 0 0 0.0 0.0
3063 0 0 0.0 0.0
3064 0 0 0.0 0.0
3065 0 0 0.0 0.0
3066 0 0 0.0 0.0
3067 0 0 0.0 0.0
3068 0 0 0.0 0.0
3069 0 0 0.0 0.0
3070 0 0 0.0 0.0
3071 0 0 0.0 0.0
3072 0 0 0.0 0.0
3073 0 0 0.0 0.0
3074 0 0 0.0 0.0
3075 0 0 0.0 0.0
3076 0 0 0.0 0.0
3077 1 1  0.967 0.916
3078 1 1  0.985 0.934
3079 1 1  0.956 0.982
3080 1 1  0.912 0.924
3081 1 1  0.95 0.911
3082 1 1  0.966 0.995
3083 1 1  0.933 0.934
3084 1 1  0.94 0.902
3085 1 1  0.97 0.949
3086 1 1  0.96 0.919
3087 1 1  0.979 0.922
3088 1 1  0.983 1
3089 1 1  0.978 0.994
3090 1 1  0.989 0.951
3091 1 1  0.992 0.951
3092 1 1  0.94 0.993
3093 1 1  0.977 0.977
3094 1 1  0.932 0.984
3095 1 1  0.99 0.92
3096 1 1  0.969 0.939
3097 1 1  0.961 0.908
3098 1 1  0.979 0.995
3099 1 1  0.918 0.935
3100 1 1  0.916 0.916
3101 1 1  0.911 0.912
3102 1 1  0.95 0.935
3103 1 1  0.998 0.912
3104 1 1  0.919 0.982
3105 1 1  0.917 0.954
3106 1 1  0.989 0.933
3107 1 1  0.997 0.914
3108 1 1  0.907 0.973
3109 1 1  0.999 0.992
3110 1 1  0.955 0.926
3111 1 1  0.942 0.944
3112 1 1  0.965 0.976
3113 1 1  0.925 0.97
3114 1 1  0.955 0.944
3115 1 1  0.905 0.907
3116 1 1  0.926 0.963
3117 1 1  0.956 0.935
3118 1 1  0.987 0.913
3119 1 1  0.949 0.997
3120 1 1  0.94 0.956
3121 1 1  0.986 0.937
3122 1 1  0.995 0.939
3123 1 1  0.994 0.979
3124 1 1  0.999 0.966
3125 1 1  0.918 0.966
3126 1 1  0.951 0.91
3127 1 1  0.946 0.971
3128 1 1  0.935 0.925
3129 1 1  0.925 0.91
3130 1 1  0.923 0.905
3131 1 1  0.908 0.939
3132 1 1  0.922 0.903
3133 1 1  0.984 0.954
3134 1 1  0.977 0.911
3135 1 1  0.956 0.972
3136 1 1  0.937 0.979
3137 1 1  0.965 0.948
3138 1 1  0.944 0.987
3139 1 1  0.954 0.996
3140 1 1  0.975 0.912
3141 1 1  0.922 0.915
3142 1 1  0.933 0.916
3143 1 1  0.94 0.942
3144 1 1  0.91 0.925
3145 1 1  0.934 0.981
3146 1 1  0.973 0.948
3147 1 1  0.901 0.965
3148 1 1  0.954 0.902
3149 0 0 0.0 0.0
3150 0 0 0.0 0.0
3151 0 0 0.0 0.0
3152 0 0 0.0 0.0
3153 0 0 0.0 0.0
3154 0 0 0.0 0.0
3155 0 0 0.0 0.0
3156 0 0 0.0 0.0
3157 1 1  0.966 0.934
3158 1 1  0.933 0.914
3159 1 1  0.933 0.907
3160 1 1  0.96 0.956
3161 1 1  0.958 0.968
3162 1 1  0.925 0.968
3163 1 1  0.941 0.932
3164 1 1  0.96 0.925
3165 1 1  0.979 0.944
3166 1 1  0.904 0.983
3167 1 1  0.925 0.967
3168 1 1  0.94 0.907
3169 1 1  0.976 0.994
3170 1 1  0.931 0.921
3171 1 1  0.972 0.956
3172 1 1  0.999 0.92
3173 1 1  0.921 0.931
3174 1 1  0.939 0.939
3175 1 1  0.932 0.987
3176 1 1  0.935 0.974
3177 1 1  0.942 0.96
3178 1 1  0.934 0.997
3179 1 1  0.952 0.951
3180 1 1  0.952 0.978
3181 1 1  0.971 0.995
3182 1 1  0.914 0.903
3183 1 1  0.911 0.953
3184 1 1  0.995 0.917
3185 1 1  0.96 0.912
3186 1 1  0.9 0.992
3187 1 1  0.961 0.985
3188 1 1  0.948 0.98
3189 1 1  0.953 0.93
3190 1 1  0.994 0.923
3191 1 1  0.972 0.916
3192 1 1  0.946 0.915
3193 1 1  0.991 0.958
3194 1 1  0.915 0.95
3195 1 1  0.944 0.97
3196 1 1  0.904 0.953
3197 1 1  0.919 0.974
3198 1 1  0.992 0.902
3199 1 1  0.927 0.901
3200 1 1  0.942 0.915
3201 1 1  0.999 0.927
3202 1 1  0.992 0.971
3203 1 1  0.963 0.97
3204 1 1  0.977 0.903
3205 1 1  0.946 0.962
3206 1 1  0.928 0.991
3207 1 1  0.94 0.907
3208 1 1  0.904 0.933
3209 1 1  0.973 0.919
3210 1 1  0.968 0.968
3211 1 1  0.925 0.989
3212 1 1  0.978 0.966
3213 1 1  0.972 0.956
3214 1 1  0.94 0.987
3215 1 1  0.913 0.976
3216 1 1  0.994 0.944
3217 1 1  0.986 0.996
3218 1 1  0.915 1
3219 1 1  0.918 0.992
3220 1 1  0.995 0.929
3221 1 1  0.955 0.988
3222 1 1  0.991 0.989
3223 1 1  0.971 0.943
3224 1 1  0.98 0.921
3225 1 1  0.926 0.957
3226 1 1  0.932 0.938
3227 1 1  0.928 0.994
3228 1 1  0.983 0.977
3229 0 0 0.0 0.0
3230 0 0 0.0 0.0
3231 0 0 0.0 0.0
3232 0 0 0.0 0.0
3233 0 0 0.0 0.0
3234 0 0 0.0 0.0
3235 0 0 0.0 0.0
3236 0 0 0.0 0.0
3237 1 1  0.975 0.959
3238 1 1  0.925 0.968
3239 1 1  0.986 0.96
3240 1 1  0.935 0.977
3241 1 1  0.966 0.966
3242 1 1  0.954 0.923
3243 1 1  0.964 0.986
3244 1 1  0.96 0.906
3245 1 1  0.953 0.969
3246 1 1  0.924 0.994
3247 1 1  0.998 0.909
3248 1 1  0.924 0.941
3249 1 1  0.908 0.954
3250 1 1  0.948 0.947
3251 1 1  0.956 0.935
3252 1 1  0.974 0.963
3253 1 1  0.914 0.995
3254 1 1  0.919 0.965
3255 1 1  0.977 0.973
3256 1 1  0.925 0.942
3257 1 1  0.965 0.972
3258 1 1  0.916 0.93
3259 1 1  0.973 0.909
3260 1 1  0.972 0.954
3261 1 1  0.967 1
3262 1 1  0.994 0.908
3263 1 1  0.978 0.909
3264 1 1  0.947 0.933
3265 1 1  0.918 0.935
3266 1 1  0.991 0.918
3267 1 1  0.903 0.986
3268 1 1  0.941 0.973
3269 1 1  0.931 0.996
3270 1 1  0.94 0.977
3271 1 1  0.945 0.972
3272 1 1  0.971 0.914
3273 1 1  0.907 0.901
3274 1 1  0.948 0.976
3275 1 1  0.96 0.982
3276 1 1  0.949 0.906
3277 1 1  0.978 0.927
3278 1 1  0.915 0.917
3279 1 1  0.997 0.946
3280 1 1  0.99 0.902
3281 1 1  0.999 0.937
3282 1 1  0.986 0.91
3283 1 1  0.95 0.968
3284 1 1  0.962 0.953
3285 1 1  0.92 0.918
3286 1 1  0.947 0.934
3287 1 1  0.971 0.923
3288 1 1  0.979 0.992
3289 1 1  0.995 0.94
3290 1 1  0.943 0.974
3291 1 1  0.965 0.905
3292 1 1  0.964 0.924
3293 1 1  0.909 0.934
3294 1 1  0.94 0.925
3295 1 1  0.947 0.987
3296 1 1  0.956 0.975
3297 1 1  0.909 0.931
3298 1 1  0.983 0.907
3299 1 1  0.936 0.959
3300 1 1  0.938 0.954
3301 1 1  0.992 0.915
3302 1 1  0.925 0.92
3303 1 1  0.921 0.951
3304 1 1  0.98 0.94
3305 1 1  0.98 1
3306 1 1  0.905 0.963
3307 1 1  0.913 0.951
3308 1 1  0.968 0.991
3309 0 0 0.0 0.0
3310 0 0 0.0 0.0
3311 0 0 0.0 0.0
3312 0 0 0.0 0.0
3313 0 0 0.0 0.0
3314 0 0 0.0 0.0
3315 0 0 0.0 0.0
3316 0 0 0.0 0.0
3317 1 1  0.972 0.91
3318 1 1  0.922 0.974
3319 1 1  0.976 0.996
3320 1 1  0.93 0.935
3321 1 1  0.971 0.936
3322 1 1  0.928 0.966
3323 1 1  0.904 0.972
3324 1 1  0.994 0.906
3325 1 1  0.92 0.993
3326 1 1  0.934 0.978
3327 1 1  0.984 0.963
3328 1 1  0.932 0.913
3329 1 1  0.989 0.903
3330 1 1  0.901 0.953
3331 1 1  0.945 0.936
3332 1 1  0.984 0.973
3333 1 1  0.903 0.982
3334 1 1  0.96 0.924
3335 1 1  0.916 0.947
3336 1 1  0.962 0.934
3337 1 1  0.998 0.999
3338 1 1  0.989 0.953
3339 1 1  0.922 0.907
3340 1 1  0.968 0.972
3341 1 1  0.956 0.933
3342 1 1  0.94 0.979
3343 1 1  0.986 0.945
3344 1 1  0.994 0.954
3345 1 1  0.945 0.96
3346 1 1  0.982 0.944
3347 1 1  0.929 0.955
3348 1 1  0.979 0.963
3349 1 1  0.968 0.937
3350 1 1  0.914 0.919
3351 1 1  0.988 0.908
3352 1 1  0.932 0.971
3353 1 1  0.991 0.954
3354 1 1  0.974 0.949
3355 1 1  0.98 0.984
3356 1 1  0.964 0.979
3357 1 1  0.922 0.996
3358 1 1  0.92 0.974
3359 1 1  0.984 0.938
3360 1 1  0.977 0.961
3361 1 1  0.948 0.913
3362 1 1  0.98 0.917
3363 1 1  0.944 0.901
3364 1 1  0.902 0.995
3365 1 1  0.94 0.903
3366 1 1  0.997 0.926
3367 1 1  0.976 0.902
3368 1 1  0.988 0.958
3369 1 1  0.915 0.955
3370 1 1  0.909 0.929
3371 1 1  0.957 0.946
3372 1 1  0.984 0.916
3373 1 1  0.983 0.996
3374 1 1  0.938 0.922
3375 1 1  0.929 0.983
3376 1 1  0.97 0.94
3377 1 1  0.937 0.953
3378 1 1  0.982 0.904
3379 1 1  0.935 0.962
3380 1 1  0.91 0.934
3381 1 1  0.959 0.92
3382 1 1  0.939 0.943
3383 1 1  0.98 0.946
3384 1 1  0.96 0.949
3385 1 1  0.945 0.983
3386 1 1  0.903 0.92
3387 1 1  0.973 0.938
3388 1 1  0.938 0.914
3389 0 0 0.0 0.0
3390 0 0 0.0 0.0
3391 0 0 0.0 0.0
3392 0 0 0.0 0.0
3393 0 0 0.0 0.0
3394 0 0 0.0 0.0
3395 0 0 0.0 0.0
3396 0 0 0.0 0.0
3397 0 0 0.0 0.0
3398 0 0 0.0 0.0
3399 0 0 0.0 0.0
3400 0 0 0.0 0.0
3401 0 0 0.0 0.0
3402 0 0 0.0 0.0
3403 0 0 0.0 0.0
3404 0 0 0.0 0.0
3405 0 0 0.0 0.0
3406 0 0 0.0 0.0
3407 0 0 0.0 0.0
3408 0 0 0.0 0.0
3409 0 0 0.0 0.0
3410 0 0 0.0 0.0
3411 0 0 0.0 0.0
3412 0 0 0.0 0.0
3413 0 0 0.0 0.0
3414 0 0 0.0 0.0
3415 0 0 0.0 0.0
3416 0 0 0.0 0.0
3417 0 0 0.0 0.0
3418 0 0 0.0 0.0
3419 0 0 0.0 0.0
3420 0 0 0.0 0.0
3421 0 0 0.0 0.0
3422 0 0 0.0 0.0
3423 0 0 0.0 0.0
3424 0 0 0.0 0.0
3425 0 0 0.0 0.0
3426 0 0 0.0 0.0
3427 0 0 0.0 0.0
3428 0 0 0.0 0.0
3429 0 0 0.0 0.0
3430 0 0 0.0 0.0
3431 0 0 0.0 0.0
3432 0 0 0.0 0.0
3433 0 0 0.0 0.0
3434 0 0 0.0 0.0
3435 0 0 0.0 0.0
3436 0 0 0.0 0.0
3437 0 0 0.0 0.0
3438 0 0 0.0 0.0
3439 0 0 0.0 0.0
3440 0 0 0.0 0.0
3441 0 0 0.0 0.0
3442 0 0 0.0 0.0
3443 0 0 0.0 0.0
3444 0 0 0.0 0.0
3445 0 0 0.0 0.0
3446 0 0 0.0 0.0
3447 0 0 0.0 0.0
3448 0 0 0.0 0.0
3449 0 0 0.0 0.0
3450 0 0 0.0 0.0
3451 0 0 0.0 0.0
3452 0 0 0.0 0.0
3453 0 0 0.0 0.0
3454 0 0 0.0 0.0
3455 0 0 0.0 0.0
3456 0 0 0.0 0.0
3457 0 0 0.0 0.0
3458 0 0 0.0 0.0
3459 0 0 0.0 0.0
3460 0 0 0.0 0.0
3461 0 0 0.0 0.0
3462 0 0 0.0 0.0
3463 0 0 0.0 0.0
3464 0 0 0.0 0.0
3465 0 0 0.0 0.0
3466 0 0 0.0 0.0
3467 0 0 0.0 0.0
3468 0 0 0.0 0.0
3469 0 0 0.0 0.0
3470 0 0 0.0 0.0
3471 0 0 0.0 0.0
3472 0 0 0.0 0.0
3473 0 0 0.0 0.0
3474 0 0 0.0 0.0
3475 0 0 0.0 0.0
3476 0 0 0.0 0.0
3477 0 0 0.0 0.0
3478 0 0 0.0 0.0
3479 0 0 0.0 0.0
3480 0 0 0.0 0.0
3481 0 0 0.0 0.0
3482 0 0 0.0 0.0
3483 0 0 0.0 0.0
3484 0 0 0.0 0.0
3485 0 0 0.0 0.0
3486 0 0 0.0 0.0
3487 0 0 0.0 0.0
3488 0 0 0.0 0.0
3489 0 0 0.0 0.0
3490 0 0 0.0 0.0
3491 0 0 0.0 0.0
3492 0 0 0.0 0.0
3493 0 0 0.0 0.0
3494 0 0 0.0 0.0
3495 0 0 0.0 0.0
3496 0 0 0.0 0.0
3497 0 0 0.0 0.0
3498 0 0 0.0 0.0
3499 0 0 0.0 0.0
3500 0 0 0.0 0.0
3501 0 0 0.0 0.0
3502 0 0 0.0 0.0
3503 0 0 0.0 0.0
3504 0 0 0.0 0.0
3505 0 0 0.0 0.0
3506 0 0 0.0 0.0
3507 0 0 0.0 0.0
3508 0 0 0.0 0.0
3509 0 0 0.0 0.0
3510 0 0 0.0 0.0
3511 0 0 0.0 0.0
3512 0 0 0.0 0.0
3513 0 0 0.0 0.0
3514 0 0 0.0 0.0
3515 0 0 0.0 0.0
3516 0 0 0.0 0.0
3517 0 0 0.0 0.0
3518 0 0 0.0 0.0
3519 0 0 0.0 0.0
3520 0 0 0.0 0.0
3521 0 0 0.0 0.0
3522 0 0 0.0 0.0
3523 0 0 0.0 0.0
3524 0 0 0.0 0.0
3525 0 0 0.0 0.0
3526 0 0 0.0 0.0
3527 0 0 0.0 0.0
3528 0 0 0.0 0.0
3529 0 0 0.0 0.0
3530 0 0 0.0 0.0
3531 0 0 0.0 0.0
3532 0 0 0.0 0.0
3533 0 0 0.0 0.0
3534 0 0 0.0 0.0
3535 0 0 0.0 0.0
3536 0 0 0.0 0.0
3537 0 0 0.0 0.0
3538 0 0 0.0 0.0
3539 0 0 0.0 0.0
3540 0 0 0.0 0.0
3541 0 0 0.0 0.0
3542 0 0 0.0 0.0
3543 0 0 0.0 0.0
3544 0 0 0.0 0.0
3545 0 0 0.0 0.0
3546 0 0 0.0 0.0
3547 0 0 0.0 0.0
3548 0 0 0.0 0.0
3549 0 0 0.0 0.0
3550 0 0 0.0 0.0
3551 0 0 0.0 0.0
3552 0 0 0.0 0.0
3553 0 0 0.0 0.0
3554 0 0 0.0 0.0
3555 0 0 0.0 0.0
3556 0 0 0.0 0.0
3557 0 0 0.0 0.0
3558 0 0 0.0 0.0
3559 0 0 0.0 0.0
3560 0 0 0.0 0.0
3561 0 0 0.0 0.0
3562 0 0 0.0 0.0
3563 0 0 0.0 0.0
3564 0 0 0.0 0.0
