1 1 1  0.999 0.918
2 1 1  0.93 0.948
3 1 1  0.976 0.904
4 1 1  0.969 0.94
5 1 1  0.92 0.921
6 1 1  0.92 0.933
7 1 1  0.936 0.946
8 1 1  0.975 0.955
9 1 1  0.928 0.98
10 1 1  0.991 0.954
11 1 1  0.942 0.984
12 1 1  0.947 0.909
13 0 0 0.0 0.0
14 0 0 0.0 0.0
15 0 0 0.0 0.0
16 0 0 0.0 0.0
17 0 0 0.0 0.0
18 0 0 0.0 0.0
19 0 0 0.0 0.0
20 0 0 0.0 0.0
21 0 0 0.0 0.0
22 0 0 0.0 0.0
23 0 0 0.0 0.0
24 0 0 0.0 0.0
25 0 0 0.0 0.0
26 0 0 0.0 0.0
27 0 0 0.0 0.0
28 0 0 0.0 0.0
29 0 0 0.0 0.0
30 0 0 0.0 0.0
31 0 0 0.0 0.0
32 0 0 0.0 0.0
33 0 0 0.0 0.0
34 0 0 0.0 0.0
35 0 0 0.0 0.0
36 0 0 0.0 0.0
37 0 0 0.0 0.0
38 0 0 0.0 0.0
39 0 0 0.0 0.0
40 0 0 0.0 0.0
41 0 0 0.0 0.0
42 0 0 0.0 0.0
43 0 0 0.0 0.0
44 0 0 0.0 0.0
45 0 0 0.0 0.0
46 0 0 0.0 0.0
47 0 0 0.0 0.0
48 0 0 0.0 0.0
49 0 0 0.0 0.0
50 0 0 0.0 0.0
51 0 0 0.0 0.0
52 0 0 0.0 0.0
53 0 0 0.0 0.0
54 0 0 0.0 0.0
55 0 0 0.0 0.0
56 0 0 0.0 0.0
57 0 0 0.0 0.0
58 0 0 0.0 0.0
59 0 0 0.0 0.0
60 1 1  0.925 0.952
61 1 1  0.996 0.962
62 1 1  0.938 0.949
63 1 1  0.901 0.954
64 1 1  0.932 0.984
65 1 1  0.95 0.977
66 1 1  0.918 0.972
67 1 1  0.979 0.975
68 1 1  0.978 0.974
69 1 1  0.939 0.967
70 1 1  0.982 0.985
71 1 1  0.935 0.905
72 1 1  0.916 0.998
73 1 1  0.96 0.911
74 1 1  0.982 0.951
75 1 1  0.962 0.948
76 1 1  0.952 0.974
77 1 1  0.904 0.979
78 1 1  0.975 0.927
79 1 1  0.915 0.94
80 1 1  0.942 0.967
81 1 1  0.946 0.923
82 1 1  0.97 0.932
83 1 1  0.937 0.912
84 1 1  0.984 0.972
85 1 1  0.902 0.952
86 1 1  0.947 0.945
87 1 1  0.976 0.942
88 1 1  0.928 0.917
89 1 1  0.975 0.944
90 1 1  0.993 0.966
91 1 1  0.964 0.902
92 1 1  0.964 0.973
93 1 1  0.994 0.909
94 1 1  0.972 0.923
95 1 1  0.98 0.942
96 1 1  0.97 0.979
97 1 1  0.916 0.907
98 1 1  0.919 0.999
99 1 1  0.933 0.961
100 1 1  0.93 1
101 1 1  0.955 0.999
102 1 1  0.939 0.909
103 1 1  0.938 0.969
104 1 1  0.943 0.983
105 1 1  0.945 0.965
106 1 1  0.952 0.955
107 1 1  0.949 0.92
108 1 1  0.904 0.983
109 1 1  0.958 0.925
110 1 1  0.994 0.947
111 1 1  1 0.996
112 1 1  0.91 0.972
113 1 1  0.938 0.955
114 1 1  0.987 0.956
115 1 1  0.949 0.951
116 1 1  0.929 0.941
117 1 1  0.916 0.975
118 1 1  0.929 0.941
119 1 1  0.935 0.946
120 1 1  0.926 0.985
121 1 1  0.911 0.947
122 1 1  0.965 0.966
123 1 1  0.994 0.954
124 1 1  0.955 0.901
125 1 1  0.949 0.924
126 1 1  0.95 0.903
127 1 1  0.98 0.991
128 1 1  0.942 0.96
129 1 1  0.943 0.931
130 1 1  0.995 0.981
131 1 1  0.902 0.916
132 0 0 0.0 0.0
133 0 0 0.0 0.0
134 0 0 0.0 0.0
135 0 0 0.0 0.0
136 0 0 0.0 0.0
137 0 0 0.0 0.0
138 0 0 0.0 0.0
139 0 0 0.0 0.0
140 1 1  0.921 0.922
141 1 1  0.913 0.953
142 1 1  0.985 0.932
143 1 1  0.978 0.907
144 1 1  0.902 0.909
145 1 1  0.951 0.996
146 1 1  0.982 0.935
147 1 1  0.944 0.994
148 1 1  0.986 0.958
149 1 1  0.948 0.918
150 1 1  0.973 0.974
151 1 1  0.984 0.925
152 1 1  0.948 0.91
153 1 1  0.95 0.946
154 1 1  0.918 0.953
155 1 1  0.98 0.977
156 1 1  0.957 0.918
157 1 1  0.994 0.948
158 1 1  0.995 0.921
159 1 1  0.968 0.944
160 1 1  0.907 0.97
161 1 1  0.958 0.903
162 1 1  0.98 0.925
163 1 1  0.976 0.974
164 1 1  0.968 0.97
165 1 1  0.918 0.998
166 1 1  0.978 0.981
167 1 1  0.971 0.928
168 1 1  0.998 0.91
169 1 1  0.991 0.949
170 1 1  0.998 0.925
171 1 1  0.938 0.977
172 1 1  0.954 0.942
173 1 1  0.916 0.917
174 1 1  0.954 0.993
175 1 1  0.97 0.973
176 1 1  0.912 0.917
177 1 1  0.999 0.963
178 1 1  0.921 0.943
179 1 1  0.94 0.953
180 1 1  0.972 0.963
181 1 1  0.923 0.98
182 1 1  0.984 0.914
183 1 1  0.995 0.961
184 1 1  0.914 0.915
185 1 1  0.998 0.984
186 1 1  0.952 0.979
187 1 1  0.974 0.906
188 1 1  0.926 0.908
189 1 1  0.901 0.938
190 1 1  0.932 0.948
191 1 1  0.954 0.973
192 1 1  0.923 0.913
193 1 1  0.939 0.975
194 1 1  0.989 0.93
195 1 1  0.976 0.974
196 1 1  0.933 0.974
197 1 1  0.93 0.921
198 1 1  0.92 0.945
199 1 1  1 0.998
200 1 1  0.907 0.962
201 1 1  0.973 0.922
202 1 1  0.934 0.954
203 1 1  0.988 0.993
204 1 1  0.991 0.966
205 1 1  0.978 0.966
206 1 1  0.914 0.949
207 1 1  0.92 0.998
208 1 1  0.959 0.992
209 1 1  0.953 0.916
210 1 1  0.999 0.923
211 1 1  0.996 0.996
212 0 0 0.0 0.0
213 0 0 0.0 0.0
214 0 0 0.0 0.0
215 0 0 0.0 0.0
216 0 0 0.0 0.0
217 0 0 0.0 0.0
218 0 0 0.0 0.0
219 0 0 0.0 0.0
220 1 1  0.996 0.92
221 1 1  0.98 0.905
222 1 1  0.904 0.909
223 1 1  0.966 0.971
224 1 1  0.99 0.963
225 1 1  0.931 0.98
226 1 1  0.988 0.948
227 1 1  0.999 0.979
228 1 1  0.953 0.917
229 1 1  0.99 0.962
230 1 1  0.914 0.943
231 1 1  0.992 0.966
232 1 1  0.999 0.988
233 1 1  0.999 0.985
234 1 1  0.978 0.9
235 1 1  0.955 0.902
236 1 1  0.939 0.953
237 1 1  0.941 0.919
238 1 1  0.997 0.964
239 1 1  0.95 0.9
240 1 1  0.966 0.977
241 1 1  0.915 0.998
242 1 1  0.969 0.997
243 1 1  0.957 0.959
244 1 1  0.959 0.996
245 1 1  0.982 0.996
246 1 1  0.97 0.958
247 1 1  0.987 0.925
248 1 1  0.911 0.945
249 1 1  0.979 0.929
250 1 1  0.934 0.992
251 1 1  0.989 0.979
252 1 1  0.96 0.985
253 1 1  0.926 0.988
254 1 1  0.929 0.925
255 1 1  0.994 0.994
256 1 1  0.99 0.951
257 1 1  0.991 0.904
258 1 1  0.941 0.924
259 1 1  0.911 0.902
260 1 1  0.929 0.937
261 1 1  0.963 0.925
262 1 1  0.906 0.972
263 1 1  0.964 0.986
264 1 1  0.949 0.993
265 1 1  0.964 0.941
266 1 1  0.978 0.972
267 1 1  0.925 0.978
268 1 1  0.952 0.982
269 1 1  0.997 0.991
270 1 1  0.905 0.971
271 1 1  0.902 0.923
272 1 1  0.909 0.936
273 1 1  0.914 0.95
274 1 1  0.945 0.969
275 1 1  0.967 0.948
276 1 1  0.964 0.908
277 1 1  0.941 0.953
278 1 1  0.977 0.962
279 1 1  0.94 0.943
280 1 1  0.928 0.903
281 1 1  0.903 0.932
282 1 1  0.946 0.924
283 1 1  0.978 0.945
284 1 1  0.945 0.942
285 1 1  0.936 0.96
286 1 1  0.981 0.932
287 1 1  0.905 0.975
288 1 1  0.972 0.986
289 1 1  0.97 0.917
290 1 1  0.954 0.995
291 1 1  0.91 0.976
292 0 0 0.0 0.0
293 0 0 0.0 0.0
294 0 0 0.0 0.0
295 0 0 0.0 0.0
296 0 0 0.0 0.0
297 0 0 0.0 0.0
298 0 0 0.0 0.0
299 0 0 0.0 0.0
300 1 1  0.925 0.927
301 1 1  0.933 0.953
302 1 1  0.979 0.926
303 1 1  0.991 0.958
304 1 1  0.978 0.926
305 1 1  0.9 0.98
306 1 1  0.975 0.98
307 1 1  0.907 0.928
308 1 1  0.922 0.946
309 1 1  0.993 0.938
310 1 1  0.919 0.945
311 1 1  0.989 0.976
312 1 1  0.92 0.92
313 1 1  0.995 0.909
314 1 1  0.985 0.957
315 1 1  0.912 0.95
316 1 1  0.993 0.943
317 1 1  0.954 0.975
318 1 1  0.947 0.975
319 1 1  0.918 0.925
320 1 1  0.966 0.988
321 1 1  0.973 0.951
322 1 1  0.966 0.937
323 1 1  0.962 0.96
324 1 1  0.92 0.98
325 1 1  0.913 0.927
326 1 1  0.915 0.992
327 1 1  0.908 0.997
328 1 1  0.945 0.969
329 1 1  0.969 0.906
330 1 1  0.907 0.966
331 1 1  0.903 0.935
332 1 1  0.901 0.902
333 1 1  0.977 0.925
334 1 1  0.915 0.909
335 1 1  0.995 0.907
336 1 1  0.997 0.978
337 1 1  0.977 0.999
338 1 1  0.918 0.945
339 1 1  0.992 0.917
340 1 1  0.99 0.934
341 1 1  0.931 0.9
342 1 1  0.903 0.902
343 1 1  0.962 0.925
344 1 1  0.935 0.993
345 1 1  0.978 0.902
346 1 1  0.903 0.904
347 1 1  0.924 0.9
348 1 1  0.934 0.983
349 1 1  0.969 0.92
350 1 1  0.96 0.963
351 1 1  0.99 0.955
352 1 1  0.991 0.902
353 1 1  0.916 0.936
354 1 1  0.94 0.976
355 1 1  0.939 0.948
356 1 1  0.951 0.979
357 1 1  0.949 0.998
358 1 1  0.933 0.942
359 1 1  0.958 0.918
360 1 1  0.978 0.976
361 1 1  0.962 0.917
362 1 1  0.926 0.939
363 1 1  0.958 0.979
364 1 1  0.918 0.912
365 1 1  0.903 0.914
366 1 1  0.918 0.923
367 1 1  0.957 0.989
368 1 1  0.93 0.912
369 1 1  0.92 0.985
370 1 1  0.931 0.959
371 1 1  1 0.984
372 0 0 0.0 0.0
373 0 0 0.0 0.0
374 0 0 0.0 0.0
375 0 0 0.0 0.0
376 0 0 0.0 0.0
377 0 0 0.0 0.0
378 0 0 0.0 0.0
379 0 0 0.0 0.0
380 0 0 0.0 0.0
381 0 0 0.0 0.0
382 0 0 0.0 0.0
383 0 0 0.0 0.0
384 0 0 0.0 0.0
385 0 0 0.0 0.0
386 0 0 0.0 0.0
387 0 0 0.0 0.0
388 0 0 0.0 0.0
389 0 0 0.0 0.0
390 0 0 0.0 0.0
391 0 0 0.0 0.0
392 0 0 0.0 0.0
393 0 0 0.0 0.0
394 0 0 0.0 0.0
395 0 0 0.0 0.0
396 0 0 0.0 0.0
397 0 0 0.0 0.0
398 0 0 0.0 0.0
399 0 0 0.0 0.0
400 0 0 0.0 0.0
401 0 0 0.0 0.0
402 0 0 0.0 0.0
403 0 0 0.0 0.0
404 0 0 0.0 0.0
405 0 0 0.0 0.0
406 0 0 0.0 0.0
407 1 1  0.999 0.916
408 1 1  0.981 0.992
409 1 1  0.923 0.973
410 1 1  0.943 0.928
411 1 1  0.958 0.992
412 1 1  0.929 0.98
413 1 1  0.913 0.994
414 1 1  0.926 0.92
415 1 1  0.974 0.945
416 1 1  0.943 0.904
417 1 1  0.973 0.931
418 1 1  0.912 0.969
419 1 1  0.988 0.914
420 1 1  0.9 0.999
421 1 1  0.944 0.999
422 1 1  0.966 0.923
423 1 1  0.911 0.998
424 1 1  0.981 0.926
425 1 1  0.991 0.981
426 1 1  0.912 0.905
427 1 1  0.912 0.947
428 1 1  0.951 0.993
429 1 1  0.991 0.901
430 1 1  0.969 0.906
431 1 1  0.947 0.932
432 1 1  0.904 0.912
433 1 1  0.925 0.949
434 1 1  0.974 0.928
435 1 1  0.925 0.948
436 1 1  0.978 0.958
437 1 1  0.918 0.965
438 1 1  0.939 0.979
439 1 1  0.904 0.932
440 1 1  0.938 0.935
441 1 1  0.953 0.991
442 1 1  0.989 0.969
443 1 1  0.969 0.904
444 1 1  0.925 0.96
445 1 1  0.94 0.933
446 1 1  0.996 0.946
447 1 1  0.916 0.957
448 1 1  0.994 0.935
449 1 1  0.929 0.908
450 1 1  0.99 0.988
451 1 1  0.968 0.944
452 1 1  0.991 0.947
453 1 1  0.991 0.958
454 1 1  0.919 0.925
455 1 1  0.989 0.953
456 1 1  0.953 0.936
457 1 1  0.907 0.947
458 1 1  0.99 0.966
459 1 1  0.966 0.968
460 1 1  0.925 0.906
461 1 1  0.948 0.903
462 1 1  0.914 0.95
463 1 1  0.975 0.943
464 1 1  0.919 0.975
465 1 1  0.912 0.932
466 1 1  0.925 0.948
467 1 1  0.958 0.951
468 1 1  0.974 0.999
469 1 1  0.978 0.946
470 1 1  0.967 0.992
471 1 1  0.981 0.973
472 1 1  0.985 0.994
473 1 1  0.984 0.975
474 1 1  0.95 0.99
475 1 1  0.931 0.959
476 1 1  0.91 0.953
477 1 1  0.928 0.941
478 1 1  0.925 0.967
479 0 0 0.0 0.0
480 0 0 0.0 0.0
481 0 0 0.0 0.0
482 0 0 0.0 0.0
483 0 0 0.0 0.0
484 0 0 0.0 0.0
485 0 0 0.0 0.0
486 0 0 0.0 0.0
487 1 1  0.987 0.947
488 1 1  0.972 0.945
489 1 1  0.966 0.929
490 1 1  0.938 0.949
491 1 1  0.979 0.944
492 1 1  0.911 0.92
493 1 1  0.94 0.985
494 1 1  0.949 0.956
495 1 1  0.9 0.907
496 1 1  0.976 0.963
497 1 1  0.975 0.911
498 1 1  0.936 0.987
499 1 1  0.949 0.954
500 1 1  0.923 0.99
501 1 1  0.918 0.948
502 1 1  0.909 0.913
503 1 1  0.919 0.916
504 1 1  0.993 0.947
505 1 1  0.908 0.968
506 1 1  0.924 0.911
507 1 1  0.952 0.908
508 1 1  0.971 0.986
509 1 1  0.91 0.905
510 1 1  0.947 0.993
511 1 1  0.936 0.97
512 1 1  0.949 0.907
513 1 1  0.936 0.916
514 1 1  0.927 0.928
515 1 1  1 0.905
516 1 1  0.956 0.9
517 1 1  0.95 0.927
518 1 1  0.974 0.959
519 1 1  0.945 0.926
520 1 1  0.907 0.927
521 1 1  0.928 0.921
522 1 1  0.936 0.945
523 1 1  0.916 0.988
524 1 1  0.904 0.918
525 1 1  0.908 0.978
526 1 1  0.947 0.912
527 1 1  0.994 0.954
528 1 1  0.984 0.987
529 1 1  0.967 0.955
530 1 1  0.974 0.965
531 1 1  0.969 0.935
532 1 1  0.992 0.978
533 1 1  0.902 0.977
534 1 1  0.977 0.903
535 1 1  0.932 0.997
536 1 1  0.935 0.903
537 1 1  0.999 0.987
538 1 1  0.98 0.946
539 1 1  0.977 0.922
540 1 1  0.93 0.928
541 1 1  0.924 0.956
542 1 1  0.909 0.962
543 1 1  0.913 0.974
544 1 1  0.962 0.928
545 1 1  0.965 0.959
546 1 1  0.933 0.95
547 1 1  0.937 0.901
548 1 1  0.923 0.91
549 1 1  0.917 0.981
550 1 1  0.936 0.916
551 1 1  0.991 0.974
552 1 1  0.977 0.969
553 1 1  0.973 0.987
554 1 1  0.989 0.953
555 1 1  0.93 0.949
556 1 1  0.987 0.942
557 1 1  0.976 0.985
558 1 1  0.999 0.916
559 0 0 0.0 0.0
560 0 0 0.0 0.0
561 0 0 0.0 0.0
562 0 0 0.0 0.0
563 0 0 0.0 0.0
564 0 0 0.0 0.0
565 0 0 0.0 0.0
566 0 0 0.0 0.0
567 1 1  0.963 0.997
568 1 1  0.995 0.964
569 1 1  0.951 0.957
570 1 1  0.971 0.944
571 1 1  0.941 0.941
572 1 1  0.943 0.936
573 1 1  0.998 0.949
574 1 1  0.999 0.961
575 1 1  0.914 0.994
576 1 1  0.979 0.977
577 1 1  0.941 0.937
578 1 1  0.962 0.988
579 1 1  0.964 0.987
580 1 1  0.967 0.901
581 1 1  0.949 0.999
582 1 1  0.909 0.927
583 1 1  0.908 0.94
584 1 1  0.919 0.952
585 1 1  0.974 0.987
586 1 1  0.952 0.985
587 1 1  0.915 0.993
588 1 1  0.916 0.988
589 1 1  0.987 0.954
590 1 1  0.998 0.988
591 1 1  0.976 0.92
592 1 1  0.963 0.987
593 1 1  0.981 0.991
594 1 1  0.991 0.973
595 1 1  0.934 0.991
596 1 1  0.915 0.928
597 1 1  0.9 0.984
598 1 1  0.945 0.958
599 1 1  0.955 0.942
600 1 1  0.972 0.965
601 1 1  0.992 0.977
602 1 1  0.993 0.946
603 1 1  0.998 0.986
604 1 1  0.916 0.996
605 1 1  0.904 0.927
606 1 1  0.977 0.904
607 1 1  0.92 0.957
608 1 1  0.942 0.901
609 1 1  0.969 0.967
610 1 1  0.951 0.913
611 1 1  0.914 0.98
612 1 1  0.914 0.981
613 1 1  0.946 0.914
614 1 1  0.989 0.994
615 1 1  0.972 0.917
616 1 1  0.94 0.956
617 1 1  0.922 0.908
618 1 1  0.998 0.958
619 1 1  0.928 0.908
620 1 1  0.947 0.977
621 1 1  0.975 0.943
622 1 1  0.992 0.916
623 1 1  0.912 0.933
624 1 1  0.907 0.961
625 1 1  0.969 0.94
626 1 1  0.978 0.962
627 1 1  0.918 0.948
628 1 1  0.938 0.975
629 1 1  0.921 0.973
630 1 1  0.942 0.922
631 1 1  0.98 0.975
632 1 1  0.982 0.904
633 1 1  0.97 0.943
634 1 1  0.967 0.911
635 1 1  0.999 0.952
636 1 1  0.934 0.991
637 1 1  0.929 0.966
638 1 1  0.992 0.953
639 0 0 0.0 0.0
640 0 0 0.0 0.0
641 0 0 0.0 0.0
642 0 0 0.0 0.0
643 0 0 0.0 0.0
644 0 0 0.0 0.0
645 0 0 0.0 0.0
646 0 0 0.0 0.0
647 1 1  0.972 0.966
648 1 1  0.985 0.935
649 1 1  0.904 0.915
650 1 1  0.905 0.965
651 1 1  0.907 0.941
652 1 1  0.981 0.979
653 1 1  0.913 0.939
654 1 1  0.935 0.987
655 1 1  0.925 0.925
656 1 1  0.927 0.929
657 1 1  0.933 0.939
658 1 1  0.976 0.929
659 1 1  0.903 0.93
660 1 1  0.993 0.984
661 1 1  0.965 0.979
662 1 1  0.964 0.962
663 1 1  0.982 1
664 1 1  0.977 0.967
665 1 1  0.992 0.972
666 1 1  0.992 0.966
667 1 1  0.956 0.912
668 1 1  0.963 0.988
669 1 1  0.972 0.953
670 1 1  0.921 0.927
671 1 1  0.92 0.948
672 1 1  0.952 0.98
673 1 1  0.98 0.93
674 1 1  0.938 0.924
675 1 1  0.94 0.971
676 1 1  0.967 0.99
677 1 1  0.904 0.99
678 1 1  0.966 0.972
679 1 1  0.966 0.914
680 1 1  0.97 0.907
681 1 1  0.966 0.99
682 1 1  0.914 0.901
683 1 1  0.911 0.957
684 1 1  0.909 0.974
685 1 1  0.997 0.957
686 1 1  0.937 0.977
687 1 1  0.965 0.946
688 1 1  0.924 0.909
689 1 1  0.903 0.987
690 1 1  0.937 0.921
691 1 1  0.907 0.987
692 1 1  0.954 0.922
693 1 1  0.911 0.905
694 1 1  0.926 0.946
695 1 1  0.948 0.913
696 1 1  0.921 0.914
697 1 1  0.961 0.938
698 1 1  0.938 0.957
699 1 1  0.913 0.914
700 1 1  0.908 0.906
701 1 1  0.992 0.91
702 1 1  0.946 0.957
703 1 1  0.94 0.966
704 1 1  0.932 0.906
705 1 1  0.949 0.95
706 1 1  0.931 0.956
707 1 1  0.96 0.915
708 1 1  0.989 0.93
709 1 1  0.991 0.984
710 1 1  0.919 0.997
711 1 1  0.981 0.989
712 1 1  0.921 0.941
713 1 1  0.981 0.955
714 1 1  0.964 0.915
715 1 1  0.993 0.949
716 1 1  0.936 0.95
717 1 1  0.903 0.979
718 1 1  0.949 0.921
719 0 0 0.0 0.0
720 0 0 0.0 0.0
721 0 0 0.0 0.0
722 0 0 0.0 0.0
723 0 0 0.0 0.0
724 0 0 0.0 0.0
725 0 0 0.0 0.0
726 0 0 0.0 0.0
727 0 0 0.0 0.0
728 0 0 0.0 0.0
729 0 0 0.0 0.0
730 0 0 0.0 0.0
731 0 0 0.0 0.0
732 0 0 0.0 0.0
733 0 0 0.0 0.0
734 0 0 0.0 0.0
735 0 0 0.0 0.0
736 0 0 0.0 0.0
737 0 0 0.0 0.0
738 0 0 0.0 0.0
739 0 0 0.0 0.0
740 0 0 0.0 0.0
741 0 0 0.0 0.0
742 0 0 0.0 0.0
743 0 0 0.0 0.0
744 0 0 0.0 0.0
745 0 0 0.0 0.0
746 0 0 0.0 0.0
747 0 0 0.0 0.0
748 0 0 0.0 0.0
749 0 0 0.0 0.0
750 0 0 0.0 0.0
751 0 0 0.0 0.0
752 0 0 0.0 0.0
753 0 0 0.0 0.0
754 0 0 0.0 0.0
755 0 0 0.0 0.0
756 0 0 0.0 0.0
757 0 0 0.0 0.0
758 0 0 0.0 0.0
759 0 0 0.0 0.0
760 0 0 0.0 0.0
761 0 0 0.0 0.0
762 0 0 0.0 0.0
763 0 0 0.0 0.0
764 0 0 0.0 0.0
765 0 0 0.0 0.0
766 0 0 0.0 0.0
767 1 1  0.976 0.903
768 1 1  0.978 0.919
769 1 1  0.917 0.937
770 1 1  0.942 0.958
771 1 1  0.956 0.937
772 1 1  0.917 0.939
773 1 1  0.958 0.965
774 1 1  0.92 0.982
775 1 1  0.958 0.956
776 1 1  0.928 0.979
777 1 1  0.943 0.987
778 1 1  0.946 0.963
779 1 1  0.957 0.91
780 1 1  0.968 0.94
781 1 1  0.928 0.902
782 1 1  0.976 0.997
783 1 1  0.995 0.969
784 1 1  0.954 0.945
785 1 1  0.942 0.932
786 1 1  0.909 0.995
787 1 1  0.956 0.975
788 1 1  0.935 0.955
789 1 1  0.99 0.973
790 1 1  0.929 0.976
791 1 1  0.99 0.964
792 1 1  0.983 0.996
793 1 1  0.99 0.914
794 1 1  0.992 0.982
795 1 1  0.925 0.956
796 1 1  0.952 0.927
797 1 1  0.902 0.93
798 1 1  0.948 0.991
799 1 1  0.936 0.948
800 1 1  0.994 0.996
801 1 1  0.948 0.937
802 1 1  0.922 0.901
803 1 1  0.926 0.953
804 1 1  0.909 0.956
805 1 1  0.942 0.989
806 1 1  0.974 0.911
807 1 1  0.963 0.985
808 1 1  0.99 0.936
809 1 1  0.982 0.948
810 1 1  0.927 0.91
811 1 1  0.968 0.966
812 1 1  0.969 0.904
813 1 1  0.953 0.941
814 1 1  0.919 0.968
815 1 1  0.941 0.917
816 1 1  0.99 0.943
817 1 1  0.973 0.91
818 1 1  0.931 0.98
819 1 1  0.987 0.948
820 1 1  0.967 0.946
821 1 1  0.951 0.91
822 1 1  0.99 1
823 1 1  0.97 0.976
824 1 1  0.982 1
825 1 1  0.961 0.997
826 1 1  0.947 0.983
827 1 1  0.998 0.918
828 1 1  0.96 0.999
829 1 1  0.943 0.931
830 1 1  0.991 0.913
831 1 1  0.93 0.945
832 1 1  0.999 0.93
833 1 1  0.975 0.976
834 1 1  0.931 0.978
835 1 1  0.963 0.903
836 1 1  0.963 0.998
837 1 1  0.904 0.973
838 1 1  0.965 0.932
839 0 0 0.0 0.0
840 0 0 0.0 0.0
841 0 0 0.0 0.0
842 0 0 0.0 0.0
843 0 0 0.0 0.0
844 0 0 0.0 0.0
845 0 0 0.0 0.0
846 0 0 0.0 0.0
847 1 1  0.918 0.914
848 1 1  0.957 0.997
849 1 1  0.996 0.92
850 1 1  0.934 0.948
851 1 1  0.948 0.943
852 1 1  0.931 0.954
853 1 1  0.969 0.979
854 1 1  1 0.961
855 1 1  0.943 0.973
856 1 1  0.912 0.967
857 1 1  0.91 0.906
858 1 1  0.915 0.938
859 1 1  0.986 0.922
860 1 1  0.926 0.957
861 1 1  0.984 0.958
862 1 1  0.974 0.938
863 1 1  0.909 0.911
864 1 1  0.984 0.98
865 1 1  0.995 0.941
866 1 1  0.952 0.948
867 1 1  0.925 0.96
868 1 1  0.935 0.966
869 1 1  0.958 0.987
870 1 1  0.981 0.902
871 1 1  0.957 0.955
872 1 1  0.901 0.996
873 1 1  0.987 0.977
874 1 1  0.912 0.923
875 1 1  0.99 0.938
876 1 1  0.972 0.932
877 1 1  0.996 0.967
878 1 1  0.976 0.941
879 1 1  0.996 1
880 1 1  0.999 0.943
881 1 1  0.996 0.951
882 1 1  0.921 0.992
883 1 1  0.929 0.978
884 1 1  0.925 0.917
885 1 1  0.919 0.994
886 1 1  0.91 0.969
887 1 1  0.985 0.99
888 1 1  0.95 0.935
889 1 1  0.992 0.911
890 1 1  0.993 0.917
891 1 1  0.969 0.957
892 1 1  0.997 0.95
893 1 1  0.963 0.975
894 1 1  0.99 0.972
895 1 1  0.916 0.994
896 1 1  0.954 0.904
897 1 1  0.937 0.976
898 1 1  0.959 0.985
899 1 1  0.958 0.978
900 1 1  0.985 0.967
901 1 1  0.979 0.967
902 1 1  0.917 0.99
903 1 1  0.94 0.919
904 1 1  0.945 0.991
905 1 1  0.996 0.976
906 1 1  0.954 0.904
907 1 1  0.918 0.975
908 1 1  0.95 0.997
909 1 1  0.996 0.959
910 1 1  0.953 0.966
911 1 1  0.995 0.927
912 1 1  0.965 0.958
913 1 1  0.991 0.925
914 1 1  0.904 0.951
915 1 1  0.982 0.971
916 1 1  0.934 0.93
917 1 1  0.995 0.969
918 1 1  0.974 0.925
919 0 0 0.0 0.0
920 0 0 0.0 0.0
921 0 0 0.0 0.0
922 0 0 0.0 0.0
923 0 0 0.0 0.0
924 0 0 0.0 0.0
925 0 0 0.0 0.0
926 0 0 0.0 0.0
927 0 0 0.0 0.0
928 0 0 0.0 0.0
929 0 0 0.0 0.0
930 0 0 0.0 0.0
931 0 0 0.0 0.0
932 0 0 0.0 0.0
933 0 0 0.0 0.0
934 0 0 0.0 0.0
935 0 0 0.0 0.0
936 0 0 0.0 0.0
937 0 0 0.0 0.0
938 0 0 0.0 0.0
939 0 0 0.0 0.0
940 0 0 0.0 0.0
941 0 0 0.0 0.0
942 0 0 0.0 0.0
943 0 0 0.0 0.0
944 0 0 0.0 0.0
945 0 0 0.0 0.0
946 0 0 0.0 0.0
947 0 0 0.0 0.0
948 0 0 0.0 0.0
949 0 0 0.0 0.0
950 0 0 0.0 0.0
951 0 0 0.0 0.0
952 0 0 0.0 0.0
953 0 0 0.0 0.0
954 1 1  0.982 0.995
955 1 1  0.955 0.955
956 1 1  0.931 0.977
957 1 1  0.974 0.918
958 1 1  0.944 0.973
959 1 1  0.966 0.927
960 1 1  0.943 0.999
961 1 1  0.941 0.932
962 1 1  0.932 0.965
963 1 1  0.914 0.907
964 1 1  0.986 0.911
965 1 1  0.911 0.914
966 1 1  0.992 0.924
967 1 1  0.907 0.92
968 1 1  0.937 0.993
969 1 1  0.961 0.969
970 1 1  0.935 0.942
971 1 1  0.975 0.965
972 1 1  0.944 0.908
973 1 1  0.95 0.966
974 1 1  0.955 0.983
975 1 1  0.993 0.945
976 1 1  0.911 0.957
977 1 1  0.972 0.996
978 1 1  0.951 0.991
979 1 1  0.942 0.964
980 1 1  0.997 0.946
981 1 1  0.919 0.967
982 1 1  0.929 0.97
983 1 1  0.911 0.973
984 1 1  0.949 0.983
985 1 1  0.905 0.935
986 1 1  0.984 0.971
987 1 1  0.954 0.953
988 1 1  0.925 0.993
989 1 1  0.901 0.933
990 1 1  0.922 0.933
991 1 1  0.978 0.969
992 1 1  0.964 0.93
993 1 1  0.985 0.926
994 1 1  0.938 0.97
995 1 1  0.906 0.932
996 1 1  0.905 0.916
997 1 1  0.9 0.906
998 1 1  0.977 0.987
999 1 1  0.951 0.948
1000 1 1  0.982 0.92
1001 1 1  0.995 0.916
1002 1 1  0.94 0.983
1003 1 1  0.992 0.957
1004 1 1  0.912 0.989
1005 1 1  0.958 0.958
1006 1 1  0.915 0.965
1007 1 1  0.937 0.967
1008 1 1  0.992 0.977
1009 1 1  0.989 0.921
1010 1 1  0.944 0.983
1011 1 1  0.916 0.957
1012 1 1  0.948 0.922
1013 1 1  0.98 0.947
1014 1 1  0.948 0.953
1015 1 1  0.939 0.9
1016 1 1  0.902 0.99
1017 1 1  0.968 0.912
1018 1 1  0.99 0.942
1019 1 1  0.914 0.915
1020 1 1  0.967 0.974
1021 1 1  0.913 0.98
1022 1 1  0.921 0.928
1023 1 1  0.998 0.965
1024 1 1  0.961 0.92
1025 1 1  0.994 0.982
1026 0 0 0.0 0.0
1027 0 0 0.0 0.0
1028 0 0 0.0 0.0
1029 0 0 0.0 0.0
1030 0 0 0.0 0.0
1031 0 0 0.0 0.0
1032 0 0 0.0 0.0
1033 0 0 0.0 0.0
1034 1 1  0.965 0.942
1035 1 1  0.948 0.96
1036 1 1  0.927 0.906
1037 1 1  0.929 0.913
1038 1 1  0.925 0.98
1039 1 1  0.974 0.924
1040 1 1  0.982 0.922
1041 1 1  0.979 0.937
1042 1 1  0.907 0.929
1043 1 1  0.917 0.93
1044 1 1  0.932 0.905
1045 1 1  0.961 0.97
1046 1 1  0.928 0.945
1047 1 1  0.918 0.934
1048 1 1  0.937 0.924
1049 1 1  0.907 0.961
1050 1 1  0.906 0.974
1051 1 1  0.929 0.939
1052 1 1  0.905 0.947
1053 1 1  0.941 0.998
1054 1 1  0.988 0.915
1055 1 1  0.992 0.98
1056 1 1  0.953 0.906
1057 1 1  0.934 0.908
1058 1 1  0.955 0.961
1059 1 1  0.996 0.915
1060 1 1  0.955 0.948
1061 1 1  0.9 0.93
1062 1 1  0.985 0.959
1063 1 1  0.973 0.949
1064 1 1  0.977 0.949
1065 1 1  0.915 0.976
1066 1 1  0.903 0.986
1067 1 1  0.996 0.948
1068 1 1  0.968 0.93
1069 1 1  0.968 0.904
1070 1 1  0.92 0.924
1071 1 1  0.903 0.993
1072 1 1  0.943 0.98
1073 1 1  0.911 0.995
1074 1 1  0.948 0.992
1075 1 1  0.944 0.905
1076 1 1  0.995 0.992
1077 1 1  0.923 0.969
1078 1 1  0.948 0.949
1079 1 1  0.93 0.928
1080 1 1  0.907 0.978
1081 1 1  0.931 0.906
1082 1 1  0.936 1
1083 1 1  0.938 0.953
1084 1 1  0.966 0.993
1085 1 1  0.953 0.959
1086 1 1  0.974 0.949
1087 1 1  0.991 0.924
1088 1 1  0.987 0.995
1089 1 1  0.944 0.956
1090 1 1  0.901 0.988
1091 1 1  0.92 0.953
1092 1 1  0.999 0.931
1093 1 1  0.968 0.953
1094 1 1  0.984 0.924
1095 1 1  0.985 0.937
1096 1 1  0.967 0.918
1097 1 1  0.926 0.967
1098 1 1  0.909 0.964
1099 1 1  0.901 0.96
1100 1 1  0.933 0.949
1101 1 1  0.916 0.999
1102 1 1  0.931 0.934
1103 1 1  0.994 0.918
1104 1 1  0.91 0.958
1105 1 1  0.989 0.944
1106 0 0 0.0 0.0
1107 0 0 0.0 0.0
1108 0 0 0.0 0.0
1109 0 0 0.0 0.0
1110 0 0 0.0 0.0
1111 0 0 0.0 0.0
1112 0 0 0.0 0.0
1113 0 0 0.0 0.0
1114 1 1  0.946 0.98
1115 1 1  0.904 0.994
1116 1 1  0.958 0.923
1117 1 1  0.954 0.932
1118 1 1  0.965 0.992
1119 1 1  0.985 0.979
1120 1 1  0.932 0.98
1121 1 1  0.929 0.947
1122 1 1  0.905 0.945
1123 1 1  0.978 0.918
1124 1 1  0.973 0.985
1125 1 1  0.927 0.939
1126 1 1  0.918 0.935
1127 1 1  0.964 0.927
1128 1 1  0.988 0.948
1129 1 1  0.965 0.993
1130 1 1  0.925 0.982
1131 1 1  0.919 0.988
1132 1 1  0.933 0.923
1133 1 1  0.993 0.941
1134 1 1  0.927 0.902
1135 1 1  0.917 0.954
1136 1 1  0.912 0.928
1137 1 1  0.9 0.936
1138 1 1  0.92 0.98
1139 1 1  0.969 0.903
1140 1 1  0.93 0.926
1141 1 1  0.957 0.906
1142 1 1  0.916 0.998
1143 1 1  0.991 0.907
1144 1 1  0.98 0.998
1145 1 1  0.966 0.969
1146 1 1  0.963 0.993
1147 1 1  0.926 0.936
1148 1 1  0.959 0.993
1149 1 1  0.964 0.978
1150 1 1  0.912 0.963
1151 1 1  0.975 0.995
1152 1 1  0.92 0.912
1153 1 1  0.99 0.911
1154 1 1  0.967 0.927
1155 1 1  0.918 0.964
1156 1 1  0.924 0.99
1157 1 1  0.99 0.952
1158 1 1  0.928 0.919
1159 1 1  0.911 0.993
1160 1 1  0.943 0.972
1161 1 1  0.951 0.907
1162 1 1  0.908 0.977
1163 1 1  0.902 0.972
1164 1 1  0.924 0.984
1165 1 1  0.983 0.95
1166 1 1  0.974 0.937
1167 1 1  0.907 0.977
1168 1 1  0.925 0.965
1169 1 1  0.959 0.915
1170 1 1  0.958 0.963
1171 1 1  0.922 0.962
1172 1 1  0.974 0.905
1173 1 1  0.924 0.948
1174 1 1  0.935 0.969
1175 1 1  0.985 0.948
1176 1 1  0.91 0.995
1177 1 1  0.912 0.915
1178 1 1  0.953 0.902
1179 1 1  0.989 0.931
1180 1 1  0.921 0.998
1181 1 1  0.925 0.906
1182 1 1  0.975 0.906
1183 1 1  0.927 0.903
1184 1 1  0.968 0.985
1185 1 1  0.986 0.995
1186 0 0 0.0 0.0
1187 0 0 0.0 0.0
1188 0 0 0.0 0.0
1189 0 0 0.0 0.0
1190 0 0 0.0 0.0
1191 0 0 0.0 0.0
1192 0 0 0.0 0.0
1193 0 0 0.0 0.0
1194 1 1  0.965 0.981
1195 1 1  0.921 0.965
1196 1 1  0.981 0.903
1197 1 1  0.942 0.945
1198 1 1  0.918 0.903
1199 1 1  0.955 0.981
1200 1 1  0.957 0.974
1201 1 1  0.905 0.96
1202 1 1  0.927 0.973
1203 1 1  0.913 0.988
1204 1 1  0.978 0.92
1205 1 1  0.939 0.932
1206 1 1  0.942 0.92
1207 1 1  0.911 0.963
1208 1 1  0.963 0.985
1209 1 1  0.938 0.925
1210 1 1  0.944 0.949
1211 1 1  0.956 0.933
1212 1 1  0.901 0.999
1213 1 1  0.956 0.909
1214 1 1  0.958 0.941
1215 1 1  0.973 0.949
1216 1 1  0.93 0.987
1217 1 1  0.974 0.923
1218 1 1  0.966 0.93
1219 1 1  0.989 0.975
1220 1 1  0.962 0.927
1221 1 1  0.929 0.929
1222 1 1  0.904 0.908
1223 1 1  0.964 0.975
1224 1 1  0.968 0.923
1225 1 1  0.929 1
1226 1 1  0.948 0.945
1227 1 1  0.906 0.972
1228 1 1  0.98 0.929
1229 1 1  0.925 0.939
1230 1 1  0.915 0.924
1231 1 1  0.906 0.928
1232 1 1  0.96 0.944
1233 1 1  0.932 0.93
1234 1 1  0.96 0.92
1235 1 1  0.989 0.976
1236 1 1  0.955 0.971
1237 1 1  0.912 0.967
1238 1 1  0.912 0.978
1239 1 1  0.962 0.988
1240 1 1  0.934 0.901
1241 1 1  0.941 0.907
1242 1 1  0.903 0.972
1243 1 1  0.9 0.959
1244 1 1  0.974 0.976
1245 1 1  0.955 0.956
1246 1 1  0.974 0.941
1247 1 1  0.918 0.964
1248 1 1  0.946 0.936
1249 1 1  0.933 0.964
1250 1 1  0.964 0.946
1251 1 1  0.996 0.992
1252 1 1  0.909 0.94
1253 1 1  0.95 0.906
1254 1 1  0.92 0.98
1255 1 1  0.967 0.971
1256 1 1  0.923 0.946
1257 1 1  0.931 0.968
1258 1 1  0.971 0.943
1259 1 1  0.903 0.951
1260 1 1  0.939 0.966
1261 1 1  0.97 0.962
1262 1 1  0.973 0.942
1263 1 1  0.921 0.991
1264 1 1  0.915 0.939
1265 1 1  0.904 0.942
1266 0 0 0.0 0.0
1267 0 0 0.0 0.0
1268 0 0 0.0 0.0
1269 0 0 0.0 0.0
1270 0 0 0.0 0.0
1271 0 0 0.0 0.0
1272 0 0 0.0 0.0
1273 0 0 0.0 0.0
1274 0 0 0.0 0.0
1275 0 0 0.0 0.0
1276 0 0 0.0 0.0
1277 0 0 0.0 0.0
1278 0 0 0.0 0.0
1279 0 0 0.0 0.0
1280 0 0 0.0 0.0
1281 0 0 0.0 0.0
1282 0 0 0.0 0.0
1283 0 0 0.0 0.0
1284 0 0 0.0 0.0
1285 0 0 0.0 0.0
1286 0 0 0.0 0.0
1287 0 0 0.0 0.0
1288 0 0 0.0 0.0
1289 0 0 0.0 0.0
1290 0 0 0.0 0.0
1291 0 0 0.0 0.0
1292 0 0 0.0 0.0
1293 0 0 0.0 0.0
1294 0 0 0.0 0.0
1295 0 0 0.0 0.0
1296 0 0 0.0 0.0
1297 0 0 0.0 0.0
1298 0 0 0.0 0.0
1299 0 0 0.0 0.0
1300 0 0 0.0 0.0
1301 1 1  1 0.996
1302 1 1  0.921 0.979
1303 1 1  0.973 0.991
1304 1 1  0.961 0.902
1305 1 1  0.947 0.955
1306 1 1  0.926 0.976
1307 1 1  0.909 0.961
1308 1 1  0.903 0.961
1309 1 1  0.976 0.943
1310 1 1  0.977 0.962
1311 1 1  0.995 0.938
1312 1 1  0.951 0.982
1313 1 1  0.902 0.91
1314 1 1  0.91 0.935
1315 1 1  0.955 0.915
1316 1 1  0.966 0.976
1317 1 1  0.922 0.939
1318 1 1  0.91 0.971
1319 1 1  0.901 0.957
1320 1 1  0.9 0.978
1321 1 1  0.923 0.946
1322 1 1  0.931 0.967
1323 1 1  0.949 0.954
1324 1 1  0.964 0.914
1325 1 1  0.912 0.968
1326 1 1  0.916 0.916
1327 1 1  0.97 0.993
1328 1 1  0.966 0.979
1329 1 1  0.978 0.923
1330 1 1  0.961 0.979
1331 1 1  0.928 0.969
1332 1 1  0.917 0.904
1333 1 1  0.962 0.999
1334 1 1  0.911 0.967
1335 1 1  0.922 0.935
1336 1 1  0.917 0.981
1337 1 1  0.993 0.998
1338 1 1  0.966 0.938
1339 1 1  0.929 0.94
1340 1 1  0.947 0.976
1341 1 1  0.928 0.936
1342 1 1  0.96 0.98
1343 1 1  0.912 0.91
1344 1 1  0.956 0.938
1345 1 1  0.998 0.984
1346 1 1  0.921 0.92
1347 1 1  0.952 0.993
1348 1 1  0.903 0.996
1349 1 1  0.946 0.909
1350 1 1  0.926 0.999
1351 1 1  0.903 0.941
1352 1 1  0.991 0.903
1353 1 1  0.908 0.922
1354 1 1  0.924 0.992
1355 1 1  0.989 0.916
1356 1 1  0.918 0.961
1357 1 1  0.978 0.971
1358 1 1  0.98 0.963
1359 1 1  0.985 0.95
1360 1 1  0.915 0.933
1361 1 1  0.961 0.925
1362 1 1  0.952 0.986
1363 1 1  0.96 0.98
1364 1 1  0.951 0.939
1365 1 1  0.993 0.928
1366 1 1  0.933 0.976
1367 1 1  0.97 0.944
1368 1 1  0.938 0.984
1369 1 1  0.99 0.94
1370 1 1  0.999 0.906
1371 1 1  0.916 0.918
1372 1 1  0.947 0.967
1373 0 0 0.0 0.0
1374 0 0 0.0 0.0
1375 0 0 0.0 0.0
1376 0 0 0.0 0.0
1377 0 0 0.0 0.0
1378 0 0 0.0 0.0
1379 0 0 0.0 0.0
1380 0 0 0.0 0.0
1381 1 1  0.959 0.971
1382 1 1  0.936 0.999
1383 1 1  0.93 0.921
1384 1 1  0.927 0.965
1385 1 1  0.968 0.987
1386 1 1  0.969 0.934
1387 1 1  0.939 0.914
1388 1 1  0.988 0.992
1389 1 1  0.977 0.949
1390 1 1  0.988 0.996
1391 1 1  0.915 0.978
1392 1 1  0.993 0.989
1393 1 1  0.967 0.904
1394 1 1  0.952 0.963
1395 1 1  0.92 0.946
1396 1 1  0.963 0.973
1397 1 1  0.913 0.94
1398 1 1  0.921 0.901
1399 1 1  0.909 0.928
1400 1 1  0.992 0.975
1401 1 1  0.902 0.979
1402 1 1  0.943 0.927
1403 1 1  0.934 0.938
1404 1 1  0.928 0.921
1405 1 1  0.979 0.966
1406 1 1  0.994 0.943
1407 1 1  0.974 0.924
1408 1 1  0.97 0.956
1409 1 1  0.986 0.986
1410 1 1  0.955 0.965
1411 1 1  0.981 0.968
1412 1 1  0.982 0.908
1413 1 1  0.912 0.902
1414 1 1  0.963 0.99
1415 1 1  0.92 0.993
1416 1 1  0.921 0.932
1417 1 1  0.972 0.906
1418 1 1  0.977 0.977
1419 1 1  0.937 0.989
1420 1 1  0.937 0.904
1421 1 1  0.901 0.93
1422 1 1  0.954 0.95
1423 1 1  0.978 0.969
1424 1 1  0.994 0.927
1425 1 1  0.903 0.951
1426 1 1  0.91 0.917
1427 1 1  0.966 0.997
1428 1 1  0.906 0.993
1429 1 1  0.911 0.988
1430 1 1  0.918 0.995
1431 1 1  0.988 0.949
1432 1 1  0.905 0.998
1433 1 1  0.945 0.976
1434 1 1  0.966 0.972
1435 1 1  0.944 0.917
1436 1 1  0.974 0.912
1437 1 1  0.96 0.967
1438 1 1  0.991 0.94
1439 1 1  0.987 0.938
1440 1 1  0.907 0.945
1441 1 1  0.942 0.996
1442 1 1  0.938 0.988
1443 1 1  0.934 0.941
1444 1 1  0.901 0.966
1445 1 1  0.983 0.998
1446 1 1  0.927 0.94
1447 1 1  0.929 0.918
1448 1 1  0.961 0.967
1449 1 1  0.939 0.981
1450 1 1  0.926 0.972
1451 1 1  0.991 0.973
1452 1 1  0.9 0.97
1453 0 0 0.0 0.0
1454 0 0 0.0 0.0
1455 0 0 0.0 0.0
1456 0 0 0.0 0.0
1457 0 0 0.0 0.0
1458 0 0 0.0 0.0
1459 0 0 0.0 0.0
1460 0 0 0.0 0.0
1461 1 1  0.959 0.985
1462 1 1  0.949 0.948
1463 1 1  0.987 0.908
1464 1 1  0.957 0.93
1465 1 1  0.936 0.97
1466 1 1  0.949 0.947
1467 1 1  0.902 0.936
1468 1 1  0.949 0.972
1469 1 1  0.923 0.936
1470 1 1  0.957 0.991
1471 1 1  0.994 0.951
1472 1 1  0.953 0.976
1473 1 1  0.906 0.952
1474 1 1  0.997 0.982
1475 1 1  0.964 0.978
1476 1 1  0.976 0.99
1477 1 1  0.932 0.94
1478 1 1  0.968 0.906
1479 1 1  0.972 0.986
1480 1 1  0.95 0.935
1481 1 1  0.941 0.968
1482 1 1  0.983 0.972
1483 1 1  0.995 0.945
1484 1 1  0.977 0.937
1485 1 1  0.93 0.927
1486 1 1  0.907 0.989
1487 1 1  0.986 0.952
1488 1 1  0.989 0.995
1489 1 1  0.973 0.989
1490 1 1  0.925 1
1491 1 1  0.982 0.956
1492 1 1  0.917 0.97
1493 1 1  0.959 0.993
1494 1 1  0.93 0.914
1495 1 1  0.997 0.972
1496 1 1  0.986 0.964
1497 1 1  0.917 0.999
1498 1 1  0.929 0.937
1499 1 1  0.968 0.936
1500 1 1  0.954 0.909
1501 1 1  0.966 0.999
1502 1 1  0.997 0.955
1503 1 1  0.944 0.973
1504 1 1  0.988 0.992
1505 1 1  0.979 0.969
1506 1 1  0.913 0.939
1507 1 1  0.96 0.957
1508 1 1  0.942 0.988
1509 1 1  0.963 0.93
1510 1 1  0.982 0.982
1511 1 1  0.907 0.989
1512 1 1  0.966 0.982
1513 1 1  1 0.928
1514 1 1  0.917 0.972
1515 1 1  0.901 0.936
1516 1 1  0.971 0.981
1517 1 1  0.983 0.945
1518 1 1  0.93 0.966
1519 1 1  0.917 0.989
1520 1 1  0.929 0.968
1521 1 1  0.963 0.925
1522 1 1  0.959 0.929
1523 1 1  0.939 0.942
1524 1 1  0.979 0.951
1525 1 1  0.98 0.965
1526 1 1  0.941 0.944
1527 1 1  0.938 0.998
1528 1 1  0.977 0.983
1529 1 1  0.932 0.995
1530 1 1  0.985 0.996
1531 1 1  0.974 0.957
1532 1 1  0.995 0.983
1533 0 0 0.0 0.0
1534 0 0 0.0 0.0
1535 0 0 0.0 0.0
1536 0 0 0.0 0.0
1537 0 0 0.0 0.0
1538 0 0 0.0 0.0
1539 0 0 0.0 0.0
1540 0 0 0.0 0.0
1541 1 1  0.934 0.965
1542 1 1  0.924 0.909
1543 1 1  0.999 0.94
1544 1 1  0.971 0.977
1545 1 1  0.95 0.903
1546 1 1  0.953 0.986
1547 1 1  0.999 0.95
1548 1 1  0.962 0.931
1549 1 1  0.999 0.909
1550 1 1  0.958 0.951
1551 1 1  0.998 0.975
1552 1 1  0.948 0.946
1553 1 1  0.978 0.908
1554 1 1  0.92 0.932
1555 1 1  0.914 1
1556 1 1  0.99 0.953
1557 1 1  0.951 0.974
1558 1 1  0.929 0.917
1559 1 1  0.95 0.955
1560 1 1  0.946 0.905
1561 1 1  0.993 0.992
1562 1 1  0.96 0.958
1563 1 1  0.943 0.937
1564 1 1  0.989 0.968
1565 1 1  0.985 0.926
1566 1 1  0.977 0.937
1567 1 1  0.918 0.975
1568 1 1  0.983 0.961
1569 1 1  0.915 0.913
1570 1 1  0.979 0.989
1571 1 1  0.915 0.93
1572 1 1  0.924 0.984
1573 1 1  0.906 0.988
1574 1 1  0.911 0.962
1575 1 1  0.981 0.947
1576 1 1  0.934 0.943
1577 1 1  0.904 0.928
1578 1 1  0.975 0.955
1579 1 1  0.955 0.993
1580 1 1  0.965 0.961
1581 1 1  0.973 0.953
1582 1 1  0.949 0.963
1583 1 1  0.983 0.963
1584 1 1  0.971 0.928
1585 1 1  0.988 0.933
1586 1 1  0.98 0.925
1587 1 1  0.936 0.934
1588 1 1  0.944 0.941
1589 1 1  0.937 0.99
1590 1 1  0.91 0.945
1591 1 1  0.925 0.986
1592 1 1  0.904 0.92
1593 1 1  0.951 0.978
1594 1 1  0.954 0.94
1595 1 1  0.939 0.93
1596 1 1  0.916 0.915
1597 1 1  0.932 0.901
1598 1 1  0.938 0.93
1599 1 1  0.935 0.924
1600 1 1  0.97 0.933
1601 1 1  0.955 0.993
1602 1 1  0.967 0.978
1603 1 1  0.975 0.942
1604 1 1  0.927 0.955
1605 1 1  0.958 0.965
1606 1 1  0.981 0.944
1607 1 1  0.977 0.942
1608 1 1  0.938 0.918
1609 1 1  0.934 0.996
1610 1 1  0.918 0.907
1611 1 1  0.922 0.95
1612 1 1  0.979 0.98
1613 0 0 0.0 0.0
1614 0 0 0.0 0.0
1615 0 0 0.0 0.0
1616 0 0 0.0 0.0
1617 0 0 0.0 0.0
1618 0 0 0.0 0.0
1619 0 0 0.0 0.0
1620 0 0 0.0 0.0
1621 0 0 0.0 0.0
1622 0 0 0.0 0.0
1623 0 0 0.0 0.0
1624 0 0 0.0 0.0
1625 0 0 0.0 0.0
1626 0 0 0.0 0.0
1627 0 0 0.0 0.0
1628 0 0 0.0 0.0
1629 0 0 0.0 0.0
1630 0 0 0.0 0.0
1631 0 0 0.0 0.0
1632 0 0 0.0 0.0
1633 0 0 0.0 0.0
1634 0 0 0.0 0.0
1635 0 0 0.0 0.0
1636 0 0 0.0 0.0
1637 0 0 0.0 0.0
1638 0 0 0.0 0.0
1639 0 0 0.0 0.0
1640 0 0 0.0 0.0
1641 0 0 0.0 0.0
1642 0 0 0.0 0.0
1643 0 0 0.0 0.0
1644 0 0 0.0 0.0
1645 0 0 0.0 0.0
1646 0 0 0.0 0.0
1647 0 0 0.0 0.0
1648 0 0 0.0 0.0
1649 0 0 0.0 0.0
1650 0 0 0.0 0.0
1651 0 0 0.0 0.0
1652 0 0 0.0 0.0
1653 0 0 0.0 0.0
1654 0 0 0.0 0.0
1655 0 0 0.0 0.0
1656 0 0 0.0 0.0
1657 0 0 0.0 0.0
1658 0 0 0.0 0.0
1659 0 0 0.0 0.0
1660 0 0 0.0 0.0
1661 1 1  0.916 0.931
1662 1 1  0.993 0.976
1663 1 1  0.948 0.947
1664 1 1  0.959 0.901
1665 1 1  0.999 0.907
1666 1 1  0.956 0.983
1667 1 1  0.914 0.936
1668 1 1  0.909 0.996
1669 1 1  0.94 0.91
1670 1 1  0.902 0.945
1671 1 1  0.907 0.913
1672 1 1  0.926 0.962
1673 1 1  0.937 0.948
1674 1 1  0.932 0.926
1675 1 1  0.946 0.982
1676 1 1  0.962 0.959
1677 1 1  0.978 0.9
1678 1 1  0.994 0.936
1679 1 1  0.987 0.984
1680 1 1  0.98 0.921
1681 1 1  0.911 0.949
1682 1 1  0.952 0.95
1683 1 1  0.94 0.921
1684 1 1  0.983 0.918
1685 1 1  0.967 0.923
1686 1 1  0.962 0.945
1687 1 1  0.953 0.913
1688 1 1  0.934 0.979
1689 1 1  0.95 0.927
1690 1 1  0.962 0.966
1691 1 1  0.921 0.998
1692 1 1  0.991 0.984
1693 1 1  0.965 0.99
1694 1 1  0.978 0.989
1695 1 1  0.932 0.981
1696 1 1  0.937 0.948
1697 1 1  0.955 0.994
1698 1 1  0.937 0.933
1699 1 1  0.948 0.985
1700 1 1  0.983 0.973
1701 1 1  0.97 0.968
1702 1 1  0.922 0.932
1703 1 1  0.989 0.95
1704 1 1  0.953 0.944
1705 1 1  0.975 0.924
1706 1 1  0.902 0.994
1707 1 1  0.965 0.906
1708 1 1  0.916 0.978
1709 1 1  0.992 0.901
1710 1 1  0.939 0.973
1711 1 1  0.982 0.994
1712 1 1  0.987 0.976
1713 1 1  0.911 0.942
1714 1 1  0.946 0.956
1715 1 1  0.906 0.92
1716 1 1  0.925 0.914
1717 1 1  0.927 0.906
1718 1 1  0.95 0.943
1719 1 1  0.961 0.969
1720 1 1  0.919 0.987
1721 1 1  0.993 0.991
1722 1 1  0.983 0.949
1723 1 1  0.911 0.909
1724 1 1  0.907 0.99
1725 1 1  0.976 0.934
1726 1 1  0.997 0.975
1727 1 1  0.937 0.963
1728 1 1  0.993 0.994
1729 1 1  0.978 0.905
1730 1 1  1 0.932
1731 1 1  0.906 0.928
1732 1 1  0.947 0.958
1733 0 0 0.0 0.0
1734 0 0 0.0 0.0
1735 0 0 0.0 0.0
1736 0 0 0.0 0.0
1737 0 0 0.0 0.0
1738 0 0 0.0 0.0
1739 0 0 0.0 0.0
1740 0 0 0.0 0.0
1741 1 1  0.954 0.91
1742 1 1  0.934 0.984
1743 1 1  0.907 0.975
1744 1 1  0.906 0.984
1745 1 1  0.922 0.968
1746 1 1  0.949 0.985
1747 1 1  0.991 0.953
1748 1 1  0.915 0.993
1749 1 1  0.964 0.933
1750 1 1  0.954 0.903
1751 1 1  0.946 0.98
1752 1 1  0.959 0.907
1753 1 1  0.972 0.978
1754 1 1  0.931 0.942
1755 1 1  0.987 0.999
1756 1 1  0.999 0.936
1757 1 1  0.954 0.954
1758 1 1  0.967 0.944
1759 1 1  0.946 0.928
1760 1 1  0.9 0.921
1761 1 1  0.937 0.991
1762 1 1  0.917 0.902
1763 1 1  0.998 0.935
1764 1 1  0.911 0.978
1765 1 1  0.925 0.914
1766 1 1  0.909 0.918
1767 1 1  0.939 0.918
1768 1 1  0.937 0.94
1769 1 1  0.979 0.982
1770 1 1  0.969 0.999
1771 1 1  0.929 0.962
1772 1 1  0.926 0.909
1773 1 1  0.949 0.97
1774 1 1  0.907 0.968
1775 1 1  0.946 0.915
1776 1 1  0.942 0.932
1777 1 1  0.974 0.972
1778 1 1  0.999 0.937
1779 1 1  0.918 0.998
1780 1 1  0.902 0.901
1781 1 1  0.916 0.964
1782 1 1  0.965 0.963
1783 1 1  0.93 0.94
1784 1 1  0.914 0.916
1785 1 1  0.902 0.982
1786 1 1  0.915 0.984
1787 1 1  0.927 0.914
1788 1 1  0.921 0.963
1789 1 1  0.994 0.991
1790 1 1  0.917 0.914
1791 1 1  0.962 0.998
1792 1 1  0.95 0.914
1793 1 1  0.904 0.951
1794 1 1  0.916 0.94
1795 1 1  0.943 0.992
1796 1 1  0.921 0.923
1797 1 1  0.929 0.912
1798 1 1  0.997 0.944
1799 1 1  0.995 0.985
1800 1 1  0.963 0.901
1801 1 1  0.967 0.98
1802 1 1  0.977 0.953
1803 1 1  0.939 0.922
1804 1 1  0.946 0.984
1805 1 1  0.948 0.958
1806 1 1  0.974 0.98
1807 1 1  0.953 0.932
1808 1 1  0.914 0.911
1809 1 1  0.981 0.935
1810 1 1  0.973 0.92
1811 1 1  0.952 0.921
1812 1 1  0.988 0.912
1813 0 0 0.0 0.0
1814 0 0 0.0 0.0
1815 0 0 0.0 0.0
1816 0 0 0.0 0.0
1817 0 0 0.0 0.0
1818 0 0 0.0 0.0
1819 0 0 0.0 0.0
1820 0 0 0.0 0.0
1821 0 0 0.0 0.0
1822 0 0 0.0 0.0
1823 0 0 0.0 0.0
1824 0 0 0.0 0.0
1825 0 0 0.0 0.0
1826 0 0 0.0 0.0
1827 0 0 0.0 0.0
1828 0 0 0.0 0.0
1829 0 0 0.0 0.0
1830 0 0 0.0 0.0
1831 0 0 0.0 0.0
1832 0 0 0.0 0.0
1833 0 0 0.0 0.0
1834 0 0 0.0 0.0
1835 0 0 0.0 0.0
1836 0 0 0.0 0.0
1837 0 0 0.0 0.0
1838 0 0 0.0 0.0
1839 0 0 0.0 0.0
1840 0 0 0.0 0.0
1841 0 0 0.0 0.0
1842 0 0 0.0 0.0
1843 0 0 0.0 0.0
1844 0 0 0.0 0.0
1845 0 0 0.0 0.0
1846 0 0 0.0 0.0
1847 0 0 0.0 0.0
1848 1 1  0.908 0.983
1849 1 1  0.904 0.903
1850 1 1  0.924 0.925
1851 1 1  0.984 0.937
1852 1 1  0.915 0.985
1853 1 1  0.994 0.925
1854 1 1  0.908 1
1855 1 1  0.941 0.994
1856 1 1  0.939 0.91
1857 1 1  0.953 0.912
1858 1 1  0.974 0.965
1859 1 1  0.967 0.985
1860 1 1  0.971 0.996
1861 1 1  0.912 0.971
1862 1 1  0.974 0.948
1863 1 1  0.953 0.928
1864 1 1  0.944 0.92
1865 1 1  0.93 0.957
1866 1 1  0.954 0.9
1867 1 1  0.905 0.936
1868 1 1  0.961 0.955
1869 1 1  0.924 0.943
1870 1 1  0.956 0.962
1871 1 1  0.994 0.98
1872 1 1  0.99 0.943
1873 1 1  0.992 0.978
1874 1 1  0.942 0.905
1875 1 1  0.931 0.947
1876 1 1  0.95 0.956
1877 1 1  0.948 0.968
1878 1 1  0.919 0.994
1879 1 1  0.909 0.98
1880 1 1  0.947 0.985
1881 1 1  0.965 0.916
1882 1 1  0.966 0.927
1883 1 1  0.97 0.963
1884 1 1  0.935 0.913
1885 1 1  0.911 0.908
1886 1 1  0.96 0.95
1887 1 1  0.998 0.983
1888 1 1  0.929 0.953
1889 1 1  0.928 0.928
1890 1 1  0.973 0.973
1891 1 1  0.937 0.976
1892 1 1  0.98 0.94
1893 1 1  0.97 0.941
1894 1 1  0.992 1
1895 1 1  0.98 0.959
1896 1 1  0.983 0.931
1897 1 1  0.918 0.974
1898 1 1  0.968 0.981
1899 1 1  0.996 0.984
1900 1 1  0.994 0.946
1901 1 1  0.933 0.988
1902 1 1  0.997 0.939
1903 1 1  0.977 0.968
1904 1 1  0.97 0.941
1905 1 1  0.904 0.916
1906 1 1  0.904 0.917
1907 1 1  0.919 0.905
1908 1 1  0.96 0.909
1909 1 1  0.92 0.919
1910 1 1  0.975 0.965
1911 1 1  0.987 0.944
1912 1 1  0.901 0.955
1913 1 1  0.967 0.976
1914 1 1  0.947 0.959
1915 1 1  0.904 0.989
1916 1 1  0.909 0.966
1917 1 1  0.913 0.907
1918 1 1  0.968 0.908
1919 1 1  0.983 0.972
1920 0 0 0.0 0.0
1921 0 0 0.0 0.0
1922 0 0 0.0 0.0
1923 0 0 0.0 0.0
1924 0 0 0.0 0.0
1925 0 0 0.0 0.0
1926 0 0 0.0 0.0
1927 0 0 0.0 0.0
1928 1 1  0.968 0.902
1929 1 1  0.96 0.912
1930 1 1  0.981 0.913
1931 1 1  0.989 0.984
1932 1 1  0.948 0.967
1933 1 1  0.952 0.96
1934 1 1  0.985 0.966
1935 1 1  0.988 0.982
1936 1 1  0.921 0.919
1937 1 1  0.978 0.959
1938 1 1  0.997 0.91
1939 1 1  0.931 0.999
1940 1 1  0.928 0.96
1941 1 1  0.917 0.904
1942 1 1  0.993 0.901
1943 1 1  0.982 0.922
1944 1 1  0.95 0.992
1945 1 1  0.993 0.977
1946 1 1  0.922 0.936
1947 1 1  0.978 0.923
1948 1 1  0.967 0.936
1949 1 1  0.958 0.943
1950 1 1  0.914 0.943
1951 1 1  0.989 0.953
1952 1 1  0.905 0.952
1953 1 1  0.91 0.97
1954 1 1  0.924 0.945
1955 1 1  0.908 0.938
1956 1 1  0.915 0.903
1957 1 1  0.915 0.967
1958 1 1  0.985 0.947
1959 1 1  0.995 0.928
1960 1 1  0.925 0.958
1961 1 1  0.99 0.916
1962 1 1  0.963 0.904
1963 1 1  0.959 0.997
1964 1 1  0.975 0.919
1965 1 1  0.975 0.943
1966 1 1  0.932 0.966
1967 1 1  0.938 0.993
1968 1 1  0.904 0.925
1969 1 1  0.985 0.957
1970 1 1  0.922 0.92
1971 1 1  0.923 0.985
1972 1 1  0.961 0.956
1973 1 1  0.93 0.945
1974 1 1  0.997 0.969
1975 1 1  0.935 0.958
1976 1 1  0.964 0.953
1977 1 1  0.945 0.91
1978 1 1  0.972 0.902
1979 1 1  0.942 0.946
1980 1 1  0.918 0.925
1981 1 1  0.966 0.979
1982 1 1  0.979 0.978
1983 1 1  0.985 0.908
1984 1 1  0.971 0.997
1985 1 1  0.938 0.934
1986 1 1  0.928 0.999
1987 1 1  0.952 0.901
1988 1 1  0.972 0.93
1989 1 1  0.952 0.934
1990 1 1  0.941 0.956
1991 1 1  0.902 0.977
1992 1 1  0.953 0.926
1993 1 1  0.94 0.919
1994 1 1  0.937 0.978
1995 1 1  0.944 0.927
1996 1 1  0.953 0.979
1997 1 1  0.971 0.938
1998 1 1  0.917 0.905
1999 1 1  0.925 0.954
2000 0 0 0.0 0.0
2001 0 0 0.0 0.0
2002 0 0 0.0 0.0
2003 0 0 0.0 0.0
2004 0 0 0.0 0.0
2005 0 0 0.0 0.0
2006 0 0 0.0 0.0
2007 0 0 0.0 0.0
2008 1 1  0.961 0.942
2009 1 1  0.94 0.928
2010 1 1  0.951 0.98
2011 1 1  0.966 0.928
2012 1 1  0.935 0.931
2013 1 1  0.933 0.936
2014 1 1  0.989 0.92
2015 1 1  0.962 0.969
2016 1 1  0.932 0.977
2017 1 1  0.91 0.962
2018 1 1  0.938 0.912
2019 1 1  0.937 0.962
2020 1 1  0.954 0.998
2021 1 1  0.942 0.971
2022 1 1  0.97 0.951
2023 1 1  0.909 0.994
2024 1 1  0.997 0.949
2025 1 1  0.996 0.988
2026 1 1  0.975 0.913
2027 1 1  0.915 0.968
2028 1 1  0.95 0.979
2029 1 1  0.949 0.993
2030 1 1  0.947 0.923
2031 1 1  0.9 0.934
2032 1 1  0.992 0.902
2033 1 1  0.975 0.97
2034 1 1  0.982 0.966
2035 1 1  0.966 0.946
2036 1 1  0.979 0.953
2037 1 1  0.944 0.966
2038 1 1  0.934 0.96
2039 1 1  0.937 0.931
2040 1 1  0.913 0.997
2041 1 1  0.922 0.982
2042 1 1  0.935 0.977
2043 1 1  0.989 0.932
2044 1 1  0.948 0.901
2045 1 1  0.949 0.903
2046 1 1  0.993 0.976
2047 1 1  0.946 0.955
2048 1 1  0.967 0.998
2049 1 1  0.956 0.916
2050 1 1  0.922 0.902
2051 1 1  0.945 0.936
2052 1 1  0.927 0.994
2053 1 1  0.939 0.999
2054 1 1  0.956 0.957
2055 1 1  0.918 0.914
2056 1 1  0.976 0.9
2057 1 1  0.99 0.965
2058 1 1  0.974 0.941
2059 1 1  0.944 0.966
2060 1 1  0.977 0.998
2061 1 1  0.969 0.998
2062 1 1  0.911 0.921
2063 1 1  0.975 0.943
2064 1 1  0.98 0.955
2065 1 1  0.958 0.918
2066 1 1  0.946 0.98
2067 1 1  0.929 0.917
2068 1 1  0.959 0.958
2069 1 1  0.934 0.952
2070 1 1  0.901 0.964
2071 1 1  0.914 0.922
2072 1 1  0.979 0.938
2073 1 1  0.953 0.915
2074 1 1  0.969 0.9
2075 1 1  0.919 0.953
2076 1 1  0.962 0.99
2077 1 1  0.925 0.912
2078 1 1  0.979 0.981
2079 1 1  0.987 0.96
2080 0 0 0.0 0.0
2081 0 0 0.0 0.0
2082 0 0 0.0 0.0
2083 0 0 0.0 0.0
2084 0 0 0.0 0.0
2085 0 0 0.0 0.0
2086 0 0 0.0 0.0
2087 0 0 0.0 0.0
2088 1 1  0.984 0.915
2089 1 1  0.933 0.92
2090 1 1  0.947 0.931
2091 1 1  0.958 0.941
2092 1 1  0.903 0.952
2093 1 1  0.92 0.916
2094 1 1  0.98 0.987
2095 1 1  0.951 0.921
2096 1 1  0.909 0.951
2097 1 1  0.945 0.955
2098 1 1  0.936 0.981
2099 1 1  0.913 0.989
2100 1 1  0.949 0.932
2101 1 1  0.98 0.91
2102 1 1  0.945 0.991
2103 1 1  0.957 0.91
2104 1 1  0.962 0.913
2105 1 1  0.914 0.946
2106 1 1  0.959 0.9
2107 1 1  0.979 0.935
2108 1 1  0.923 0.905
2109 1 1  0.971 0.961
2110 1 1  0.965 0.987
2111 1 1  0.91 0.996
2112 1 1  0.99 0.918
2113 1 1  0.953 0.94
2114 1 1  0.907 0.928
2115 1 1  0.943 0.934
2116 1 1  0.912 0.91
2117 1 1  0.989 0.903
2118 1 1  0.976 0.995
2119 1 1  0.962 0.909
2120 1 1  0.912 0.981
2121 1 1  0.93 0.926
2122 1 1  0.975 0.97
2123 1 1  0.941 0.997
2124 1 1  0.974 1
2125 1 1  0.924 0.983
2126 1 1  0.972 0.914
2127 1 1  0.989 0.958
2128 1 1  0.907 0.902
2129 1 1  0.967 0.929
2130 1 1  0.984 0.961
2131 1 1  0.981 0.936
2132 1 1  0.944 0.907
2133 1 1  0.913 0.931
2134 1 1  0.974 0.928
2135 1 1  0.984 0.933
2136 1 1  0.901 0.946
2137 1 1  0.988 0.907
2138 1 1  0.938 0.957
2139 1 1  0.964 0.954
2140 1 1  0.928 0.981
2141 1 1  0.938 0.93
2142 1 1  0.917 0.926
2143 1 1  0.946 0.927
2144 1 1  0.995 0.977
2145 1 1  0.903 0.922
2146 1 1  0.968 0.911
2147 1 1  0.96 0.938
2148 1 1  0.916 0.947
2149 1 1  0.913 0.923
2150 1 1  0.981 0.969
2151 1 1  0.985 0.936
2152 1 1  1 0.981
2153 1 1  0.937 0.923
2154 1 1  0.908 0.981
2155 1 1  0.988 0.904
2156 1 1  0.969 0.933
2157 1 1  0.919 0.999
2158 1 1  0.956 0.977
2159 1 1  0.912 0.987
2160 0 0 0.0 0.0
2161 0 0 0.0 0.0
2162 0 0 0.0 0.0
2163 0 0 0.0 0.0
2164 0 0 0.0 0.0
2165 0 0 0.0 0.0
2166 0 0 0.0 0.0
2167 0 0 0.0 0.0
2168 0 0 0.0 0.0
2169 0 0 0.0 0.0
2170 0 0 0.0 0.0
2171 0 0 0.0 0.0
2172 0 0 0.0 0.0
2173 0 0 0.0 0.0
2174 0 0 0.0 0.0
2175 0 0 0.0 0.0
2176 0 0 0.0 0.0
2177 0 0 0.0 0.0
2178 0 0 0.0 0.0
2179 0 0 0.0 0.0
2180 0 0 0.0 0.0
2181 0 0 0.0 0.0
2182 0 0 0.0 0.0
2183 0 0 0.0 0.0
2184 0 0 0.0 0.0
2185 0 0 0.0 0.0
2186 0 0 0.0 0.0
2187 0 0 0.0 0.0
2188 0 0 0.0 0.0
2189 0 0 0.0 0.0
2190 0 0 0.0 0.0
2191 0 0 0.0 0.0
2192 0 0 0.0 0.0
2193 0 0 0.0 0.0
2194 0 0 0.0 0.0
2195 1 1  0.91 0.93
2196 1 1  0.901 0.981
2197 1 1  0.962 0.924
2198 1 1  0.955 0.945
2199 1 1  0.922 0.916
2200 1 1  0.919 0.935
2201 1 1  0.945 0.964
2202 1 1  0.96 0.943
2203 1 1  0.986 0.951
2204 1 1  0.903 0.957
2205 1 1  0.901 0.915
2206 1 1  0.991 0.926
2207 1 1  0.974 0.938
2208 1 1  0.928 0.908
2209 1 1  0.993 0.984
2210 1 1  0.978 0.925
2211 1 1  0.973 0.93
2212 1 1  0.901 0.917
2213 1 1  0.95 0.954
2214 1 1  0.946 0.983
2215 1 1  0.984 0.948
2216 1 1  0.969 0.959
2217 1 1  0.97 0.935
2218 1 1  0.964 0.923
2219 1 1  0.928 0.919
2220 1 1  0.901 0.968
2221 1 1  0.905 0.904
2222 1 1  0.986 0.973
2223 1 1  0.959 0.904
2224 1 1  0.963 0.942
2225 1 1  0.963 0.966
2226 1 1  0.963 0.928
2227 1 1  0.988 0.981
2228 1 1  0.989 0.959
2229 1 1  0.947 0.912
2230 1 1  0.947 0.923
2231 1 1  0.945 0.903
2232 1 1  0.929 0.908
2233 1 1  0.937 0.951
2234 1 1  0.913 0.933
2235 1 1  0.94 0.937
2236 1 1  0.92 0.993
2237 1 1  0.973 0.961
2238 1 1  0.99 0.933
2239 1 1  0.908 0.974
2240 1 1  0.908 0.981
2241 1 1  0.993 0.959
2242 1 1  0.95 0.975
2243 1 1  0.938 0.948
2244 1 1  0.925 0.998
2245 1 1  0.933 0.906
2246 1 1  0.914 0.978
2247 1 1  0.929 0.901
2248 1 1  0.988 0.976
2249 1 1  0.902 0.988
2250 1 1  0.962 0.936
2251 1 1  0.916 0.904
2252 1 1  0.986 0.927
2253 1 1  0.986 0.941
2254 1 1  0.97 0.966
2255 1 1  0.971 0.903
2256 1 1  0.968 0.995
2257 1 1  0.936 0.907
2258 1 1  0.904 0.988
2259 1 1  0.954 0.95
2260 1 1  0.934 0.9
2261 1 1  0.953 0.948
2262 1 1  0.931 0.987
2263 1 1  0.979 0.947
2264 1 1  0.918 0.976
2265 1 1  0.969 0.95
2266 1 1  0.956 0.997
2267 0 0 0.0 0.0
2268 0 0 0.0 0.0
2269 0 0 0.0 0.0
2270 0 0 0.0 0.0
2271 0 0 0.0 0.0
2272 0 0 0.0 0.0
2273 0 0 0.0 0.0
2274 0 0 0.0 0.0
2275 1 1  0.934 0.907
2276 1 1  0.998 0.98
2277 1 1  0.997 0.984
2278 1 1  0.966 0.923
2279 1 1  0.939 0.918
2280 1 1  0.972 0.917
2281 1 1  0.982 0.925
2282 1 1  0.956 0.968
2283 1 1  0.955 0.943
2284 1 1  0.989 0.999
2285 1 1  0.995 0.939
2286 1 1  0.968 0.956
2287 1 1  0.972 0.92
2288 1 1  0.923 0.949
2289 1 1  0.935 0.974
2290 1 1  0.958 0.954
2291 1 1  0.936 0.932
2292 1 1  0.936 0.904
2293 1 1  0.943 0.939
2294 1 1  0.984 0.927
2295 1 1  0.995 0.944
2296 1 1  0.953 0.99
2297 1 1  0.942 0.944
2298 1 1  0.974 0.9
2299 1 1  0.973 0.964
2300 1 1  0.952 0.965
2301 1 1  0.945 0.925
2302 1 1  0.909 0.993
2303 1 1  0.906 0.946
2304 1 1  0.955 0.946
2305 1 1  0.913 0.91
2306 1 1  0.947 0.96
2307 1 1  0.99 0.947
2308 1 1  0.953 0.995
2309 1 1  0.941 0.961
2310 1 1  0.968 0.943
2311 1 1  0.941 0.914
2312 1 1  0.903 0.992
2313 1 1  0.906 0.918
2314 1 1  0.998 0.937
2315 1 1  0.943 0.956
2316 1 1  0.904 0.942
2317 1 1  0.915 0.934
2318 1 1  0.967 0.906
2319 1 1  0.959 0.935
2320 1 1  0.906 0.997
2321 1 1  0.931 0.969
2322 1 1  0.902 0.906
2323 1 1  0.916 0.971
2324 1 1  0.93 0.978
2325 1 1  0.949 0.979
2326 1 1  0.943 0.915
2327 1 1  0.993 0.948
2328 1 1  0.906 0.934
2329 1 1  0.98 0.924
2330 1 1  0.954 0.956
2331 1 1  0.973 0.97
2332 1 1  0.939 0.97
2333 1 1  0.947 0.986
2334 1 1  0.963 0.975
2335 1 1  0.932 0.904
2336 1 1  0.973 0.935
2337 1 1  0.901 0.956
2338 1 1  0.947 0.914
2339 1 1  0.997 0.905
2340 1 1  0.917 0.953
2341 1 1  0.911 0.945
2342 1 1  0.939 0.977
2343 1 1  0.965 0.907
2344 1 1  0.936 0.93
2345 1 1  0.995 0.919
2346 1 1  0.946 0.991
2347 0 0 0.0 0.0
2348 0 0 0.0 0.0
2349 0 0 0.0 0.0
2350 0 0 0.0 0.0
2351 0 0 0.0 0.0
2352 0 0 0.0 0.0
2353 0 0 0.0 0.0
2354 0 0 0.0 0.0
2355 1 1  0.988 0.936
2356 1 1  0.939 0.973
2357 1 1  0.989 0.969
2358 1 1  0.985 0.911
2359 1 1  0.96 0.968
2360 1 1  0.906 0.919
2361 1 1  0.968 0.967
2362 1 1  0.98 0.907
2363 1 1  0.955 0.947
2364 1 1  0.942 0.935
2365 1 1  0.97 0.954
2366 1 1  0.986 0.943
2367 1 1  0.91 0.929
2368 1 1  0.945 0.948
2369 1 1  0.992 0.984
2370 1 1  0.919 0.94
2371 1 1  0.951 0.917
2372 1 1  0.924 0.926
2373 1 1  0.952 0.91
2374 1 1  0.92 0.975
2375 1 1  1 0.911
2376 1 1  0.921 0.907
2377 1 1  0.932 0.971
2378 1 1  0.978 0.954
2379 1 1  0.914 0.979
2380 1 1  0.998 0.946
2381 1 1  0.959 0.942
2382 1 1  0.983 0.973
2383 1 1  0.951 0.928
2384 1 1  0.912 0.932
2385 1 1  0.979 0.94
2386 1 1  0.999 0.949
2387 1 1  0.952 0.928
2388 1 1  0.975 0.999
2389 1 1  0.934 0.998
2390 1 1  0.966 0.983
2391 1 1  0.99 0.924
2392 1 1  0.993 0.928
2393 1 1  0.945 0.962
2394 1 1  0.968 0.99
2395 1 1  0.927 0.926
2396 1 1  0.904 0.905
2397 1 1  0.97 0.957
2398 1 1  0.943 0.907
2399 1 1  0.981 0.978
2400 1 1  0.975 0.999
2401 1 1  0.97 0.933
2402 1 1  0.904 0.965
2403 1 1  0.984 0.942
2404 1 1  0.934 0.97
2405 1 1  0.928 0.998
2406 1 1  0.908 0.979
2407 1 1  0.994 0.93
2408 1 1  0.926 0.907
2409 1 1  0.985 0.984
2410 1 1  0.985 0.91
2411 1 1  0.985 0.999
2412 1 1  0.94 0.975
2413 1 1  0.99 0.903
2414 1 1  0.917 0.985
2415 1 1  0.935 0.972
2416 1 1  0.938 0.915
2417 1 1  0.992 0.907
2418 1 1  0.941 0.973
2419 1 1  0.982 0.957
2420 1 1  0.973 0.921
2421 1 1  0.998 0.937
2422 1 1  0.985 0.991
2423 1 1  0.908 0.971
2424 1 1  0.991 0.983
2425 1 1  0.999 0.936
2426 1 1  0.994 0.942
2427 0 0 0.0 0.0
2428 0 0 0.0 0.0
2429 0 0 0.0 0.0
2430 0 0 0.0 0.0
2431 0 0 0.0 0.0
2432 0 0 0.0 0.0
2433 0 0 0.0 0.0
2434 0 0 0.0 0.0
2435 1 1  0.996 0.999
2436 1 1  0.961 0.995
2437 1 1  0.923 0.966
2438 1 1  0.988 0.926
2439 1 1  0.944 0.947
2440 1 1  0.948 0.939
2441 1 1  0.969 0.937
2442 1 1  0.96 0.903
2443 1 1  0.941 0.953
2444 1 1  0.948 0.999
2445 1 1  0.932 0.956
2446 1 1  0.917 0.953
2447 1 1  0.953 0.982
2448 1 1  0.951 0.993
2449 1 1  0.928 0.95
2450 1 1  0.994 0.984
2451 1 1  0.944 0.913
2452 1 1  0.981 0.986
2453 1 1  0.976 0.904
2454 1 1  0.939 0.902
2455 1 1  0.957 0.993
2456 1 1  0.952 0.947
2457 1 1  0.984 0.947
2458 1 1  0.904 0.908
2459 1 1  0.917 0.91
2460 1 1  0.923 0.966
2461 1 1  0.973 0.951
2462 1 1  0.912 0.905
2463 1 1  0.934 0.928
2464 1 1  0.944 0.929
2465 1 1  0.906 0.94
2466 1 1  0.997 0.936
2467 1 1  0.921 0.969
2468 1 1  0.934 0.925
2469 1 1  0.925 0.926
2470 1 1  0.902 0.971
2471 1 1  0.944 0.932
2472 1 1  0.924 0.932
2473 1 1  0.913 0.901
2474 1 1  0.913 0.926
2475 1 1  0.987 0.914
2476 1 1  0.963 0.906
2477 1 1  0.918 0.977
2478 1 1  0.956 0.974
2479 1 1  0.978 0.929
2480 1 1  0.957 0.976
2481 1 1  0.926 0.935
2482 1 1  0.975 0.981
2483 1 1  0.929 0.974
2484 1 1  0.911 0.904
2485 1 1  0.959 0.931
2486 1 1  0.979 0.988
2487 1 1  0.972 0.978
2488 1 1  0.975 0.975
2489 1 1  0.931 0.967
2490 1 1  0.924 0.91
2491 1 1  0.902 0.924
2492 1 1  0.912 0.925
2493 1 1  0.9 0.935
2494 1 1  0.964 0.921
2495 1 1  0.952 0.947
2496 1 1  0.968 0.924
2497 1 1  0.996 0.979
2498 1 1  0.989 0.968
2499 1 1  0.967 0.929
2500 1 1  0.974 0.959
2501 1 1  0.995 0.935
2502 1 1  0.933 0.902
2503 1 1  0.95 0.96
2504 1 1  0.927 0.994
2505 1 1  0.904 0.958
2506 1 1  0.926 0.934
2507 0 0 0.0 0.0
2508 0 0 0.0 0.0
2509 0 0 0.0 0.0
2510 0 0 0.0 0.0
2511 0 0 0.0 0.0
2512 0 0 0.0 0.0
2513 0 0 0.0 0.0
2514 0 0 0.0 0.0
2515 0 0 0.0 0.0
2516 0 0 0.0 0.0
2517 0 0 0.0 0.0
2518 0 0 0.0 0.0
2519 0 0 0.0 0.0
2520 0 0 0.0 0.0
2521 0 0 0.0 0.0
2522 0 0 0.0 0.0
2523 0 0 0.0 0.0
2524 0 0 0.0 0.0
2525 0 0 0.0 0.0
2526 0 0 0.0 0.0
2527 0 0 0.0 0.0
2528 0 0 0.0 0.0
2529 0 0 0.0 0.0
2530 0 0 0.0 0.0
2531 0 0 0.0 0.0
2532 0 0 0.0 0.0
2533 0 0 0.0 0.0
2534 0 0 0.0 0.0
2535 0 0 0.0 0.0
2536 0 0 0.0 0.0
2537 0 0 0.0 0.0
2538 0 0 0.0 0.0
2539 0 0 0.0 0.0
2540 0 0 0.0 0.0
2541 0 0 0.0 0.0
2542 0 0 0.0 0.0
2543 1 1  0.997 0.929
2544 1 1  0.944 0.913
2545 1 1  0.943 0.93
2546 1 1  0.918 0.969
2547 1 1  0.943 0.959
2548 1 1  0.961 0.949
2549 1 1  0.951 0.906
2550 1 1  0.993 0.947
2551 1 1  0.984 0.916
2552 1 1  0.936 0.969
2553 1 1  0.968 0.964
2554 1 1  0.963 0.91
2555 1 1  0.961 0.937
2556 1 1  0.974 0.966
2557 1 1  0.942 0.946
2558 1 1  0.904 0.981
2559 1 1  0.993 0.966
2560 1 1  0.98 0.987
2561 1 1  0.984 0.902
2562 1 1  0.97 0.902
2563 1 1  0.926 0.997
2564 1 1  0.92 0.979
2565 1 1  0.96 0.998
2566 1 1  0.908 0.992
2567 1 1  0.914 0.955
2568 1 1  0.929 0.941
2569 1 1  0.995 0.928
2570 1 1  0.95 0.903
2571 1 1  0.957 0.972
2572 1 1  0.907 0.926
2573 1 1  0.936 0.952
2574 1 1  0.953 0.992
2575 1 1  0.963 0.926
2576 1 1  0.993 0.907
2577 1 1  0.982 0.94
2578 1 1  0.931 0.945
2579 1 1  0.901 0.97
2580 1 1  0.995 0.924
2581 1 1  0.99 0.907
2582 1 1  0.976 0.998
2583 1 1  0.978 0.948
2584 1 1  0.934 0.964
2585 1 1  0.921 0.964
2586 1 1  0.973 0.976
2587 1 1  0.937 0.989
2588 1 1  0.923 0.938
2589 1 1  0.969 0.912
2590 1 1  0.969 0.907
2591 1 1  0.972 0.922
2592 1 1  0.978 0.969
2593 1 1  0.995 0.962
2594 1 1  0.926 0.909
2595 1 1  0.904 0.951
2596 1 1  0.946 0.989
2597 1 1  0.96 0.964
2598 1 1  0.984 0.95
2599 1 1  0.969 0.984
2600 1 1  0.997 0.933
2601 1 1  0.931 0.962
2602 1 1  0.909 0.916
2603 1 1  0.998 0.906
2604 1 1  0.9 0.947
2605 1 1  1 0.917
2606 1 1  0.907 0.966
2607 1 1  0.903 0.944
2608 1 1  0.903 0.971
2609 1 1  0.933 0.976
2610 1 1  0.927 0.925
2611 1 1  0.997 0.953
2612 1 1  0.963 0.963
2613 1 1  0.957 0.949
2614 1 1  0.969 0.963
2615 0 0 0.0 0.0
2616 0 0 0.0 0.0
2617 0 0 0.0 0.0
2618 0 0 0.0 0.0
2619 0 0 0.0 0.0
2620 0 0 0.0 0.0
2621 0 0 0.0 0.0
2622 0 0 0.0 0.0
2623 1 1  0.906 0.932
2624 1 1  0.913 0.958
2625 1 1  0.941 0.955
2626 1 1  0.903 0.969
2627 1 1  0.958 0.939
2628 1 1  0.959 0.997
2629 1 1  0.92 0.93
2630 1 1  0.929 0.993
2631 1 1  0.947 0.979
2632 1 1  0.93 0.955
2633 1 1  0.986 0.913
2634 1 1  0.96 0.937
2635 1 1  0.93 0.967
2636 1 1  0.952 0.972
2637 1 1  0.939 0.952
2638 1 1  0.994 0.91
2639 1 1  0.969 0.999
2640 1 1  0.988 0.942
2641 1 1  0.967 0.997
2642 1 1  0.91 0.974
2643 1 1  0.956 0.984
2644 1 1  0.985 0.931
2645 1 1  0.993 0.971
2646 1 1  0.912 0.954
2647 1 1  0.974 0.914
2648 1 1  0.917 0.923
2649 1 1  0.928 0.934
2650 1 1  0.992 0.983
2651 1 1  0.978 0.982
2652 1 1  0.907 0.919
2653 1 1  0.902 0.994
2654 1 1  0.998 0.91
2655 1 1  0.903 0.97
2656 1 1  0.975 0.935
2657 1 1  0.96 0.907
2658 1 1  0.92 0.98
2659 1 1  0.931 0.971
2660 1 1  0.942 0.966
2661 1 1  0.961 0.987
2662 1 1  0.939 0.99
2663 1 1  0.973 0.908
2664 1 1  0.991 0.93
2665 1 1  0.995 0.918
2666 1 1  0.985 0.947
2667 1 1  0.953 0.976
2668 1 1  0.953 0.996
2669 1 1  0.929 0.931
2670 1 1  0.925 0.9
2671 1 1  0.999 0.917
2672 1 1  0.984 0.963
2673 1 1  0.931 0.987
2674 1 1  0.953 0.936
2675 1 1  0.968 0.996
2676 1 1  0.944 0.938
2677 1 1  0.931 0.99
2678 1 1  0.964 0.923
2679 1 1  0.976 0.944
2680 1 1  0.992 0.948
2681 1 1  0.942 0.919
2682 1 1  0.932 0.979
2683 1 1  0.996 0.989
2684 1 1  0.96 0.965
2685 1 1  0.916 0.935
2686 1 1  0.924 0.983
2687 1 1  0.952 0.988
2688 1 1  0.971 0.93
2689 1 1  0.931 0.924
2690 1 1  0.927 0.947
2691 1 1  0.928 0.926
2692 1 1  0.917 0.927
2693 1 1  0.933 0.974
2694 1 1  0.952 0.938
2695 0 0 0.0 0.0
2696 0 0 0.0 0.0
2697 0 0 0.0 0.0
2698 0 0 0.0 0.0
2699 0 0 0.0 0.0
2700 0 0 0.0 0.0
2701 0 0 0.0 0.0
2702 0 0 0.0 0.0
2703 0 0 0.0 0.0
2704 0 0 0.0 0.0
2705 0 0 0.0 0.0
2706 0 0 0.0 0.0
2707 0 0 0.0 0.0
2708 0 0 0.0 0.0
2709 0 0 0.0 0.0
2710 0 0 0.0 0.0
2711 0 0 0.0 0.0
2712 0 0 0.0 0.0
2713 0 0 0.0 0.0
2714 0 0 0.0 0.0
2715 0 0 0.0 0.0
2716 0 0 0.0 0.0
2717 0 0 0.0 0.0
2718 0 0 0.0 0.0
2719 0 0 0.0 0.0
2720 0 0 0.0 0.0
2721 0 0 0.0 0.0
2722 0 0 0.0 0.0
2723 0 0 0.0 0.0
2724 0 0 0.0 0.0
2725 0 0 0.0 0.0
2726 0 0 0.0 0.0
2727 0 0 0.0 0.0
2728 0 0 0.0 0.0
2729 0 0 0.0 0.0
2730 1 1  0.951 0.951
2731 1 1  0.905 0.912
2732 1 1  0.963 0.998
2733 1 1  0.963 0.904
2734 1 1  0.935 0.963
2735 1 1  0.939 0.921
2736 1 1  0.962 0.944
2737 1 1  0.928 0.942
2738 1 1  0.993 0.97
2739 1 1  0.996 0.904
2740 1 1  0.928 0.957
2741 1 1  0.904 0.922
2742 1 1  0.941 0.982
2743 1 1  0.923 0.952
2744 1 1  0.957 0.903
2745 1 1  0.993 0.942
2746 1 1  0.967 0.905
2747 1 1  0.953 0.932
2748 1 1  0.903 0.935
2749 1 1  0.93 0.991
2750 1 1  0.925 0.959
2751 1 1  0.907 0.928
2752 1 1  0.947 0.988
2753 1 1  0.906 0.94
2754 1 1  0.994 0.921
2755 1 1  0.962 0.963
2756 1 1  0.938 0.926
2757 1 1  0.914 0.981
2758 1 1  0.991 0.991
2759 1 1  0.971 0.948
2760 1 1  0.958 0.974
2761 1 1  0.988 0.994
2762 1 1  0.944 0.905
2763 1 1  0.97 0.988
2764 1 1  0.933 0.909
2765 1 1  0.962 0.908
2766 1 1  0.962 0.953
2767 1 1  0.933 0.928
2768 1 1  0.977 0.995
2769 1 1  0.985 0.986
2770 1 1  0.949 0.989
2771 1 1  0.926 0.929
2772 1 1  0.948 0.993
2773 1 1  0.947 0.947
2774 1 1  0.956 0.919
2775 1 1  0.99 0.912
2776 1 1  0.947 0.965
2777 1 1  0.918 0.917
2778 1 1  0.967 0.916
2779 1 1  0.954 0.996
2780 1 1  0.902 0.961
2781 1 1  0.904 0.949
2782 1 1  0.968 0.904
2783 1 1  0.948 0.927
2784 1 1  0.906 0.967
2785 1 1  0.959 0.982
2786 1 1  0.935 0.995
2787 1 1  0.981 0.972
2788 1 1  0.903 0.936
2789 1 1  0.926 0.909
2790 1 1  0.942 0.978
2791 1 1  0.992 0.924
2792 1 1  0.946 0.941
2793 1 1  0.983 0.972
2794 1 1  0.983 0.904
2795 1 1  0.988 0.949
2796 1 1  0.967 0.928
2797 1 1  0.918 0.932
2798 1 1  0.955 0.996
2799 1 1  0.948 0.956
2800 1 1  0.932 0.933
2801 1 1  0.96 0.944
2802 0 0 0.0 0.0
2803 0 0 0.0 0.0
2804 0 0 0.0 0.0
2805 0 0 0.0 0.0
2806 0 0 0.0 0.0
2807 0 0 0.0 0.0
2808 0 0 0.0 0.0
2809 0 0 0.0 0.0
2810 1 1  0.936 0.993
2811 1 1  0.924 0.987
2812 1 1  0.973 0.923
2813 1 1  0.95 0.957
2814 1 1  0.978 0.903
2815 1 1  0.994 0.949
2816 1 1  0.926 0.951
2817 1 1  0.913 0.925
2818 1 1  0.97 0.925
2819 1 1  0.94 0.933
2820 1 1  0.999 0.946
2821 1 1  0.971 0.975
2822 1 1  0.962 0.956
2823 1 1  0.952 0.906
2824 1 1  0.974 0.977
2825 1 1  0.914 0.992
2826 1 1  0.959 0.913
2827 1 1  0.987 0.951
2828 1 1  0.996 0.958
2829 1 1  0.918 0.902
2830 1 1  0.994 0.914
2831 1 1  0.929 0.906
2832 1 1  0.911 0.989
2833 1 1  0.959 0.972
2834 1 1  0.979 0.906
2835 1 1  0.935 0.921
2836 1 1  0.954 0.94
2837 1 1  0.99 0.951
2838 1 1  0.973 0.95
2839 1 1  0.95 0.936
2840 1 1  0.912 0.939
2841 1 1  0.966 0.925
2842 1 1  0.905 0.967
2843 1 1  0.951 0.949
2844 1 1  0.991 0.903
2845 1 1  0.92 0.96
2846 1 1  0.969 0.938
2847 1 1  0.925 0.918
2848 1 1  0.969 0.937
2849 1 1  0.958 0.949
2850 1 1  0.955 0.994
2851 1 1  0.904 0.938
2852 1 1  0.936 0.983
2853 1 1  0.999 0.911
2854 1 1  0.995 0.947
2855 1 1  0.919 0.965
2856 1 1  0.916 0.994
2857 1 1  0.979 0.964
2858 1 1  0.935 0.941
2859 1 1  0.929 0.981
2860 1 1  0.949 0.971
2861 1 1  0.913 0.914
2862 1 1  0.958 0.922
2863 1 1  0.955 0.937
2864 1 1  0.971 0.976
2865 1 1  0.974 0.917
2866 1 1  0.931 0.978
2867 1 1  0.91 0.904
2868 1 1  0.917 0.923
2869 1 1  0.924 0.983
2870 1 1  0.93 0.967
2871 1 1  0.914 0.925
2872 1 1  0.938 0.905
2873 1 1  0.917 0.971
2874 1 1  0.996 0.952
2875 1 1  0.932 0.94
2876 1 1  0.9 0.901
2877 1 1  0.963 0.961
2878 1 1  0.993 0.912
2879 1 1  0.974 0.936
2880 1 1  0.92 0.981
2881 1 1  0.907 0.913
2882 0 0 0.0 0.0
2883 0 0 0.0 0.0
2884 0 0 0.0 0.0
2885 0 0 0.0 0.0
2886 0 0 0.0 0.0
2887 0 0 0.0 0.0
2888 0 0 0.0 0.0
2889 0 0 0.0 0.0
2890 1 1  0.993 0.988
2891 1 1  0.946 0.949
2892 1 1  0.946 1
2893 1 1  0.975 0.954
2894 1 1  0.908 0.994
2895 1 1  0.939 0.901
2896 1 1  0.988 0.949
2897 1 1  0.993 0.944
2898 1 1  0.928 0.989
2899 1 1  0.902 0.966
2900 1 1  0.956 0.903
2901 1 1  0.966 0.914
2902 1 1  0.956 0.907
2903 1 1  0.919 0.988
2904 1 1  0.967 0.983
2905 1 1  0.987 0.988
2906 1 1  0.933 0.975
2907 1 1  0.904 0.904
2908 1 1  0.925 0.925
2909 1 1  0.908 0.917
2910 1 1  0.901 0.974
2911 1 1  0.986 0.94
2912 1 1  0.978 0.922
2913 1 1  0.995 0.987
2914 1 1  0.949 0.924
2915 1 1  0.923 0.976
2916 1 1  0.923 0.981
2917 1 1  0.945 0.9
2918 1 1  0.93 0.991
2919 1 1  0.991 0.911
2920 1 1  0.992 0.912
2921 1 1  0.938 0.913
2922 1 1  0.957 0.954
2923 1 1  0.933 0.973
2924 1 1  0.961 0.942
2925 1 1  0.956 0.996
2926 1 1  0.91 0.982
2927 1 1  0.954 0.937
2928 1 1  0.946 0.914
2929 1 1  0.992 0.958
2930 1 1  0.906 0.999
2931 1 1  0.91 0.966
2932 1 1  0.992 0.925
2933 1 1  0.92 0.919
2934 1 1  0.925 0.938
2935 1 1  0.911 0.992
2936 1 1  0.966 0.908
2937 1 1  0.915 0.958
2938 1 1  0.988 0.932
2939 1 1  0.953 0.967
2940 1 1  0.998 0.959
2941 1 1  0.937 0.952
2942 1 1  0.93 0.963
2943 1 1  0.941 0.993
2944 1 1  0.954 0.964
2945 1 1  0.904 0.982
2946 1 1  0.913 0.985
2947 1 1  0.966 0.996
2948 1 1  0.911 0.988
2949 1 1  0.952 0.984
2950 1 1  0.979 0.996
2951 1 1  0.946 0.983
2952 1 1  0.984 0.915
2953 1 1  0.922 0.954
2954 1 1  0.93 0.907
2955 1 1  0.96 0.927
2956 1 1  0.92 0.957
2957 1 1  0.936 0.953
2958 1 1  0.984 0.953
2959 1 1  0.912 0.956
2960 1 1  0.957 0.986
2961 1 1  0.963 0.951
2962 0 0 0.0 0.0
2963 0 0 0.0 0.0
2964 0 0 0.0 0.0
2965 0 0 0.0 0.0
2966 0 0 0.0 0.0
2967 0 0 0.0 0.0
2968 0 0 0.0 0.0
2969 0 0 0.0 0.0
2970 1 1  0.951 0.925
2971 1 1  0.921 0.935
2972 1 1  0.917 0.928
2973 1 1  0.966 0.933
2974 1 1  0.932 0.937
2975 1 1  0.92 0.976
2976 1 1  0.973 0.942
2977 1 1  0.995 0.924
2978 1 1  0.914 0.943
2979 1 1  0.997 0.913
2980 1 1  0.924 0.978
2981 1 1  0.965 0.929
2982 1 1  0.94 0.969
2983 1 1  0.942 0.926
2984 1 1  0.954 0.973
2985 1 1  0.931 0.995
2986 1 1  0.955 0.941
2987 1 1  0.946 0.999
2988 1 1  0.959 0.932
2989 1 1  0.945 0.919
2990 1 1  0.974 0.992
2991 1 1  0.988 0.951
2992 1 1  0.983 0.908
2993 1 1  0.975 0.987
2994 1 1  0.918 0.917
2995 1 1  0.906 0.97
2996 1 1  0.982 0.977
2997 1 1  0.998 0.998
2998 1 1  0.996 0.984
2999 1 1  0.932 0.941
3000 1 1  0.907 0.972
3001 1 1  0.907 0.92
3002 1 1  0.968 0.922
3003 1 1  0.932 0.949
3004 1 1  0.986 0.911
3005 1 1  0.902 0.975
3006 1 1  0.978 0.956
3007 1 1  0.993 0.998
3008 1 1  0.94 0.955
3009 1 1  0.939 0.944
3010 1 1  0.956 0.946
3011 1 1  0.946 0.973
3012 1 1  0.962 0.965
3013 1 1  0.973 0.966
3014 1 1  0.945 0.96
3015 1 1  0.901 0.943
3016 1 1  0.94 0.94
3017 1 1  0.904 0.937
3018 1 1  0.972 0.989
3019 1 1  0.957 0.976
3020 1 1  0.911 0.972
3021 1 1  0.924 0.948
3022 1 1  0.99 0.969
3023 1 1  0.901 0.914
3024 1 1  0.983 0.936
3025 1 1  0.922 0.936
3026 1 1  0.955 0.987
3027 1 1  0.997 0.938
3028 1 1  0.934 0.907
3029 1 1  0.981 0.903
3030 1 1  0.909 0.977
3031 1 1  0.957 0.904
3032 1 1  0.91 0.97
3033 1 1  0.998 0.947
3034 1 1  0.996 0.927
3035 1 1  0.922 0.947
3036 1 1  0.958 0.964
3037 1 1  0.995 0.919
3038 1 1  0.913 0.97
3039 1 1  0.996 0.98
3040 1 1  0.974 0.984
3041 1 1  0.998 0.973
3042 0 0 0.0 0.0
3043 0 0 0.0 0.0
3044 0 0 0.0 0.0
3045 0 0 0.0 0.0
3046 0 0 0.0 0.0
3047 0 0 0.0 0.0
3048 0 0 0.0 0.0
3049 0 0 0.0 0.0
3050 0 0 0.0 0.0
3051 0 0 0.0 0.0
3052 0 0 0.0 0.0
3053 0 0 0.0 0.0
3054 0 0 0.0 0.0
3055 0 0 0.0 0.0
3056 0 0 0.0 0.0
3057 0 0 0.0 0.0
3058 0 0 0.0 0.0
3059 0 0 0.0 0.0
3060 0 0 0.0 0.0
3061 0 0 0.0 0.0
3062 0 0 0.0 0.0
3063 0 0 0.0 0.0
3064 0 0 0.0 0.0
3065 0 0 0.0 0.0
3066 0 0 0.0 0.0
3067 0 0 0.0 0.0
3068 0 0 0.0 0.0
3069 0 0 0.0 0.0
3070 0 0 0.0 0.0
3071 0 0 0.0 0.0
3072 0 0 0.0 0.0
3073 0 0 0.0 0.0
3074 0 0 0.0 0.0
3075 0 0 0.0 0.0
3076 0 0 0.0 0.0
3077 1 1  0.992 0.91
3078 1 1  0.932 0.921
3079 1 1  0.951 0.916
3080 1 1  0.92 0.994
3081 1 1  0.957 0.918
3082 1 1  0.936 0.947
3083 1 1  0.955 0.993
3084 1 1  0.956 0.921
3085 1 1  0.996 0.903
3086 1 1  0.957 0.944
3087 1 1  0.971 0.901
3088 1 1  0.987 0.985
3089 1 1  0.952 0.93
3090 1 1  0.969 0.902
3091 1 1  0.983 0.949
3092 1 1  0.953 0.942
3093 1 1  0.917 0.946
3094 1 1  0.963 0.977
3095 1 1  0.999 0.904
3096 1 1  0.932 0.965
3097 1 1  0.988 0.941
3098 1 1  0.921 0.922
3099 1 1  0.918 0.958
3100 1 1  0.939 0.935
3101 1 1  0.914 0.946
3102 1 1  0.915 0.961
3103 1 1  0.91 0.955
3104 1 1  0.936 0.927
3105 1 1  0.941 0.955
3106 1 1  0.968 0.942
3107 1 1  0.948 0.914
3108 1 1  0.918 0.991
3109 1 1  0.944 0.916
3110 1 1  0.971 0.908
3111 1 1  0.926 0.923
3112 1 1  0.908 0.987
3113 1 1  0.996 0.922
3114 1 1  0.934 0.974
3115 1 1  0.94 0.981
3116 1 1  0.977 0.998
3117 1 1  0.906 0.915
3118 1 1  0.928 0.985
3119 1 1  0.912 0.931
3120 1 1  0.984 0.946
3121 1 1  0.945 0.971
3122 1 1  0.932 0.91
3123 1 1  0.907 0.988
3124 1 1  0.986 0.987
3125 1 1  0.926 0.927
3126 1 1  0.998 0.977
3127 1 1  0.947 0.967
3128 1 1  0.972 0.947
3129 1 1  0.909 0.975
3130 1 1  0.902 0.972
3131 1 1  0.933 0.977
3132 1 1  0.925 0.941
3133 1 1  0.952 0.935
3134 1 1  0.942 0.952
3135 1 1  0.938 0.911
3136 1 1  0.902 0.98
3137 1 1  0.931 0.976
3138 1 1  0.989 0.939
3139 1 1  0.91 0.965
3140 1 1  0.9 0.944
3141 1 1  0.99 0.946
3142 1 1  0.924 1
3143 1 1  0.92 0.961
3144 1 1  0.939 0.902
3145 1 1  0.998 0.939
3146 1 1  0.905 0.925
3147 1 1  0.932 0.957
3148 1 1  0.982 0.991
3149 0 0 0.0 0.0
3150 0 0 0.0 0.0
3151 0 0 0.0 0.0
3152 0 0 0.0 0.0
3153 0 0 0.0 0.0
3154 0 0 0.0 0.0
3155 0 0 0.0 0.0
3156 0 0 0.0 0.0
3157 1 1  0.937 0.904
3158 1 1  0.933 0.974
3159 1 1  0.985 0.976
3160 1 1  0.984 0.989
3161 1 1  0.924 0.97
3162 1 1  0.945 0.934
3163 1 1  0.905 0.97
3164 1 1  0.921 0.937
3165 1 1  0.965 0.952
3166 1 1  0.918 0.91
3167 1 1  0.902 0.917
3168 1 1  0.949 0.906
3169 1 1  0.971 0.954
3170 1 1  0.986 0.964
3171 1 1  0.912 0.912
3172 1 1  0.901 0.913
3173 1 1  0.903 0.987
3174 1 1  0.992 0.945
3175 1 1  0.975 0.903
3176 1 1  0.918 0.918
3177 1 1  0.928 0.966
3178 1 1  0.931 0.992
3179 1 1  0.993 0.972
3180 1 1  0.963 0.976
3181 1 1  0.969 0.96
3182 1 1  0.956 0.906
3183 1 1  0.977 0.969
3184 1 1  0.975 0.908
3185 1 1  0.927 1
3186 1 1  0.948 0.904
3187 1 1  0.985 0.962
3188 1 1  0.962 0.93
3189 1 1  0.989 0.973
3190 1 1  0.983 0.918
3191 1 1  0.928 0.936
3192 1 1  0.93 0.941
3193 1 1  0.925 0.967
3194 1 1  0.939 0.904
3195 1 1  0.968 0.973
3196 1 1  0.907 0.972
3197 1 1  0.982 0.919
3198 1 1  0.925 0.962
3199 1 1  0.956 0.983
3200 1 1  0.903 0.933
3201 1 1  0.904 0.915
3202 1 1  0.921 0.977
3203 1 1  0.977 0.982
3204 1 1  0.923 0.92
3205 1 1  0.928 0.916
3206 1 1  0.982 0.961
3207 1 1  0.994 0.933
3208 1 1  0.909 0.969
3209 1 1  0.957 0.92
3210 1 1  0.924 0.925
3211 1 1  0.923 0.974
3212 1 1  0.996 0.962
3213 1 1  0.991 0.989
3214 1 1  0.993 0.921
3215 1 1  0.961 0.938
3216 1 1  0.997 0.926
3217 1 1  0.983 0.99
3218 1 1  0.903 0.948
3219 1 1  0.971 0.91
3220 1 1  0.949 0.983
3221 1 1  0.938 0.943
3222 1 1  0.987 0.987
3223 1 1  0.978 0.984
3224 1 1  0.998 0.941
3225 1 1  0.969 0.951
3226 1 1  0.981 0.921
3227 1 1  0.935 0.917
3228 1 1  0.993 0.921
3229 0 0 0.0 0.0
3230 0 0 0.0 0.0
3231 0 0 0.0 0.0
3232 0 0 0.0 0.0
3233 0 0 0.0 0.0
3234 0 0 0.0 0.0
3235 0 0 0.0 0.0
3236 0 0 0.0 0.0
3237 1 1  0.905 0.986
3238 1 1  0.96 0.965
3239 1 1  0.973 0.987
3240 1 1  0.923 0.985
3241 1 1  0.981 0.938
3242 1 1  0.982 0.994
3243 1 1  0.929 0.92
3244 1 1  0.913 0.99
3245 1 1  0.968 0.942
3246 1 1  0.907 0.955
3247 1 1  0.922 0.914
3248 1 1  0.967 0.987
3249 1 1  0.939 0.969
3250 1 1  0.909 0.996
3251 1 1  0.928 0.996
3252 1 1  0.925 0.943
3253 1 1  0.952 0.912
3254 1 1  0.982 0.951
3255 1 1  0.966 0.992
3256 1 1  0.966 0.957
3257 1 1  0.911 0.932
3258 1 1  0.919 0.967
3259 1 1  0.992 0.975
3260 1 1  0.973 0.997
3261 1 1  0.942 0.928
3262 1 1  0.918 0.952
3263 1 1  0.977 0.948
3264 1 1  0.959 0.967
3265 1 1  0.977 0.945
3266 1 1  0.931 0.987
3267 1 1  0.902 0.953
3268 1 1  0.995 0.997
3269 1 1  0.946 0.952
3270 1 1  0.967 0.935
3271 1 1  0.903 0.929
3272 1 1  0.905 0.919
3273 1 1  0.922 0.931
3274 1 1  0.927 0.932
3275 1 1  0.951 0.958
3276 1 1  0.924 0.945
3277 1 1  0.953 0.974
3278 1 1  0.905 0.946
3279 1 1  0.944 0.959
3280 1 1  0.907 0.984
3281 1 1  0.998 0.971
3282 1 1  0.904 0.936
3283 1 1  0.949 0.935
3284 1 1  0.969 0.962
3285 1 1  0.935 0.947
3286 1 1  0.953 0.955
3287 1 1  0.922 0.975
3288 1 1  0.979 0.923
3289 1 1  0.91 0.968
3290 1 1  0.905 0.974
3291 1 1  0.992 0.971
3292 1 1  0.923 0.926
3293 1 1  0.954 0.926
3294 1 1  0.969 0.917
3295 1 1  0.985 0.994
3296 1 1  0.935 0.973
3297 1 1  0.976 0.988
3298 1 1  0.9 0.943
3299 1 1  0.933 0.943
3300 1 1  0.948 0.932
3301 1 1  0.914 0.946
3302 1 1  0.952 0.905
3303 1 1  0.986 0.967
3304 1 1  0.914 0.927
3305 1 1  0.907 0.918
3306 1 1  0.959 0.983
3307 1 1  0.922 0.915
3308 1 1  0.995 0.931
3309 0 0 0.0 0.0
3310 0 0 0.0 0.0
3311 0 0 0.0 0.0
3312 0 0 0.0 0.0
3313 0 0 0.0 0.0
3314 0 0 0.0 0.0
3315 0 0 0.0 0.0
3316 0 0 0.0 0.0
3317 1 1  0.91 0.993
3318 1 1  0.915 0.956
3319 1 1  0.918 0.963
3320 1 1  0.925 0.966
3321 1 1  0.967 0.994
3322 1 1  0.959 0.981
3323 1 1  0.95 0.942
3324 1 1  0.999 0.998
3325 1 1  0.925 0.929
3326 1 1  0.976 0.974
3327 1 1  0.911 0.935
3328 1 1  0.933 0.995
3329 1 1  0.944 0.946
3330 1 1  0.994 0.918
3331 1 1  0.962 0.939
3332 1 1  0.905 0.968
3333 1 1  0.93 0.902
3334 1 1  0.913 0.953
3335 1 1  0.983 0.916
3336 1 1  0.962 0.927
3337 1 1  0.909 0.921
3338 1 1  0.917 0.902
3339 1 1  0.967 0.95
3340 1 1  0.973 0.908
3341 1 1  0.922 0.907
3342 1 1  0.938 0.961
3343 1 1  0.969 0.908
3344 1 1  0.941 0.97
3345 1 1  0.987 0.919
3346 1 1  0.981 0.941
3347 1 1  0.923 0.974
3348 1 1  0.913 0.958
3349 1 1  0.974 0.94
3350 1 1  0.936 0.941
3351 1 1  0.982 0.987
3352 1 1  0.959 0.968
3353 1 1  0.901 0.998
3354 1 1  0.916 0.904
3355 1 1  0.925 0.907
3356 1 1  0.996 0.998
3357 1 1  0.918 0.997
3358 1 1  0.921 0.969
3359 1 1  0.968 0.905
3360 1 1  0.98 0.932
3361 1 1  0.95 0.904
3362 1 1  0.901 0.925
3363 1 1  0.952 0.93
3364 1 1  1 0.901
3365 1 1  0.936 0.967
3366 1 1  0.965 0.934
3367 1 1  0.992 0.915
3368 1 1  0.948 0.938
3369 1 1  0.948 0.972
3370 1 1  0.979 0.984
3371 1 1  0.93 0.914
3372 1 1  0.93 0.997
3373 1 1  0.999 0.972
3374 1 1  0.931 0.972
3375 1 1  0.907 0.986
3376 1 1  0.964 0.914
3377 1 1  0.988 0.935
3378 1 1  0.96 0.942
3379 1 1  0.952 0.976
3380 1 1  0.97 0.927
3381 1 1  0.998 0.999
3382 1 1  0.985 0.926
3383 1 1  0.962 0.943
3384 1 1  0.951 0.985
3385 1 1  0.988 0.922
3386 1 1  0.969 0.955
3387 1 1  0.909 0.947
3388 1 1  0.915 0.914
3389 0 0 0.0 0.0
3390 0 0 0.0 0.0
3391 0 0 0.0 0.0
3392 0 0 0.0 0.0
3393 0 0 0.0 0.0
3394 0 0 0.0 0.0
3395 0 0 0.0 0.0
3396 0 0 0.0 0.0
3397 0 0 0.0 0.0
3398 0 0 0.0 0.0
3399 0 0 0.0 0.0
3400 0 0 0.0 0.0
3401 0 0 0.0 0.0
3402 0 0 0.0 0.0
3403 0 0 0.0 0.0
3404 0 0 0.0 0.0
3405 0 0 0.0 0.0
3406 0 0 0.0 0.0
3407 0 0 0.0 0.0
3408 0 0 0.0 0.0
3409 0 0 0.0 0.0
3410 0 0 0.0 0.0
3411 0 0 0.0 0.0
3412 0 0 0.0 0.0
3413 0 0 0.0 0.0
3414 0 0 0.0 0.0
3415 0 0 0.0 0.0
3416 0 0 0.0 0.0
3417 0 0 0.0 0.0
3418 0 0 0.0 0.0
3419 0 0 0.0 0.0
3420 0 0 0.0 0.0
3421 0 0 0.0 0.0
3422 0 0 0.0 0.0
3423 0 0 0.0 0.0
3424 0 0 0.0 0.0
3425 0 0 0.0 0.0
3426 0 0 0.0 0.0
3427 0 0 0.0 0.0
3428 0 0 0.0 0.0
3429 0 0 0.0 0.0
3430 0 0 0.0 0.0
3431 0 0 0.0 0.0
3432 0 0 0.0 0.0
3433 0 0 0.0 0.0
3434 0 0 0.0 0.0
3435 0 0 0.0 0.0
3436 0 0 0.0 0.0
3437 0 0 0.0 0.0
3438 0 0 0.0 0.0
3439 0 0 0.0 0.0
3440 0 0 0.0 0.0
3441 0 0 0.0 0.0
3442 0 0 0.0 0.0
3443 0 0 0.0 0.0
3444 0 0 0.0 0.0
3445 0 0 0.0 0.0
3446 0 0 0.0 0.0
3447 0 0 0.0 0.0
3448 0 0 0.0 0.0
3449 0 0 0.0 0.0
3450 0 0 0.0 0.0
3451 0 0 0.0 0.0
3452 0 0 0.0 0.0
3453 0 0 0.0 0.0
3454 0 0 0.0 0.0
3455 0 0 0.0 0.0
3456 0 0 0.0 0.0
3457 0 0 0.0 0.0
3458 0 0 0.0 0.0
3459 0 0 0.0 0.0
3460 0 0 0.0 0.0
3461 0 0 0.0 0.0
3462 0 0 0.0 0.0
3463 0 0 0.0 0.0
3464 0 0 0.0 0.0
3465 0 0 0.0 0.0
3466 0 0 0.0 0.0
3467 0 0 0.0 0.0
3468 0 0 0.0 0.0
3469 0 0 0.0 0.0
3470 0 0 0.0 0.0
3471 0 0 0.0 0.0
3472 0 0 0.0 0.0
3473 0 0 0.0 0.0
3474 0 0 0.0 0.0
3475 0 0 0.0 0.0
3476 0 0 0.0 0.0
3477 0 0 0.0 0.0
3478 0 0 0.0 0.0
3479 0 0 0.0 0.0
3480 0 0 0.0 0.0
3481 0 0 0.0 0.0
3482 0 0 0.0 0.0
3483 0 0 0.0 0.0
3484 0 0 0.0 0.0
3485 0 0 0.0 0.0
3486 0 0 0.0 0.0
3487 0 0 0.0 0.0
3488 0 0 0.0 0.0
3489 0 0 0.0 0.0
3490 0 0 0.0 0.0
3491 0 0 0.0 0.0
3492 0 0 0.0 0.0
3493 0 0 0.0 0.0
3494 0 0 0.0 0.0
3495 0 0 0.0 0.0
3496 0 0 0.0 0.0
3497 0 0 0.0 0.0
3498 0 0 0.0 0.0
3499 0 0 0.0 0.0
3500 0 0 0.0 0.0
3501 0 0 0.0 0.0
3502 0 0 0.0 0.0
3503 0 0 0.0 0.0
3504 0 0 0.0 0.0
3505 0 0 0.0 0.0
3506 0 0 0.0 0.0
3507 0 0 0.0 0.0
3508 0 0 0.0 0.0
3509 0 0 0.0 0.0
3510 0 0 0.0 0.0
3511 0 0 0.0 0.0
3512 0 0 0.0 0.0
3513 0 0 0.0 0.0
3514 0 0 0.0 0.0
3515 0 0 0.0 0.0
3516 0 0 0.0 0.0
3517 0 0 0.0 0.0
3518 0 0 0.0 0.0
3519 0 0 0.0 0.0
3520 0 0 0.0 0.0
3521 0 0 0.0 0.0
3522 0 0 0.0 0.0
3523 0 0 0.0 0.0
3524 0 0 0.0 0.0
3525 0 0 0.0 0.0
3526 0 0 0.0 0.0
3527 0 0 0.0 0.0
3528 0 0 0.0 0.0
3529 0 0 0.0 0.0
3530 0 0 0.0 0.0
3531 0 0 0.0 0.0
3532 0 0 0.0 0.0
3533 0 0 0.0 0.0
3534 0 0 0.0 0.0
3535 0 0 0.0 0.0
3536 0 0 0.0 0.0
3537 0 0 0.0 0.0
3538 0 0 0.0 0.0
3539 0 0 0.0 0.0
3540 0 0 0.0 0.0
3541 0 0 0.0 0.0
3542 0 0 0.0 0.0
3543 0 0 0.0 0.0
3544 0 0 0.0 0.0
3545 0 0 0.0 0.0
3546 0 0 0.0 0.0
3547 0 0 0.0 0.0
3548 0 0 0.0 0.0
3549 0 0 0.0 0.0
3550 0 0 0.0 0.0
3551 0 0 0.0 0.0
3552 0 0 0.0 0.0
3553 0 0 0.0 0.0
3554 0 0 0.0 0.0
3555 0 0 0.0 0.0
3556 0 0 0.0 0.0
3557 0 0 0.0 0.0
3558 0 0 0.0 0.0
3559 0 0 0.0 0.0
3560 0 0 0.0 0.0
3561 0 0 0.0 0.0
3562 0 0 0.0 0.0
3563 0 0 0.0 0.0
3564 0 0 0.0 0.0
