@ NAME             %05s "DYNAP"
@ TYPE             %05s "DYNAP"
@ TITLE            %08s "no-title"
@ ORIGIN           %22s "MAD-X 5.02.00 Linux 64"
@ DATE             %08s "15/04/16"
@ TIME             %08s "15.40.46"
*          DYNAPFRAC          DKTRTURNS               XEND              PXEND               YEND              PYEND               TEND              WXMIN              WXMAX              WYMIN              WYMAX             WXYMIN             WXYMAX              SMEAR            YAPUNOV 
$                %le                %le                %le                %le                %le                %le                %le                %le                %le                %le                %le                %le                %le                %le                %le 
                  0               1024                  0                  0                  0                  0                  0    1.081101696e-10    1.089419237e-10    1.080938461e-10    1.085362458e-10    2.162345725e-10    2.174363645e-10     0.004663905394                  0
                  0               1024                  0                  0                  0                  0                  0    1.081101696e-10    3.275473371e-10    1.079801562e-10    1.087301329e-10    2.162345725e-10    4.362076987e-10       0.6736295991                  0
                  0               1024                  0                  0                  0                  0                  0    1.081101696e-10    4.077045489e-10    2.892274111e-11    1.087301329e-10    2.162345725e-10    4.368343683e-10       0.6748228838                  0
                  0               1024                  0                  0                  0                  0                  0    1.081101696e-10    4.077045489e-10    2.892274111e-11    1.087301329e-10    2.162345725e-10    4.368343683e-10       0.6755788921                  0
                  0               1024                  0                  0                  0                  0                  0    1.081101696e-10    4.077045489e-10    2.892274111e-11    2.172839583e-10    2.162345725e-10    4.368343683e-10       0.6755788921                  0
                  0               1024                  0                  0                  0                  0                  0    1.078841887e-10    4.077045489e-10    2.892274111e-11    3.255925384e-10    2.162345725e-10    4.368343683e-10       0.6755788921                  0
                  0               1024                  0                  0                  0                  0                  0    2.875658379e-11    4.077045489e-10    2.892274111e-11    4.045657222e-10    2.162345725e-10    4.368343683e-10       0.6755788921                  0
                  0               1024                  0                  0                  0                  0                  0    2.875658379e-11    4.077045489e-10    2.892274111e-11    4.045657222e-10    2.162345725e-10    4.368343683e-10       0.6755788921                  0
                  0               1024                  0                  0                  0                  0                  0    2.875658379e-11    1.319462893e-09    2.892274111e-11    4.367365966e-10    2.162345725e-10    1.755666836e-09        1.561217657                  0
                  0               1024                  0                  0                  0                  0                  0    2.875658379e-11    1.643564664e-09    2.892274111e-11    4.367365966e-10    2.162345725e-10    1.760548496e-09        1.562283297                  0
                  0               1024                  0                  0                  0                  0                  0    2.875658379e-11    1.643564664e-09    2.892274111e-11    4.367365966e-10    2.162345725e-10    1.760548496e-09        1.562451589                  0
                  0               1024                  0                  0                  0                  0                  0    2.875658379e-11    1.643564664e-09    2.892274111e-11    8.720987322e-10    2.162345725e-10    1.760548496e-09        1.562451589                  0
                  0               1024                  0                  0                  0                  0                  0    2.875658379e-11    1.643564664e-09    2.892274111e-11    1.305496567e-09    2.162345725e-10    1.760548496e-09        1.562451589                  0
                  0               1024                  0                  0                  0                  0                  0    2.875658379e-11    1.643564664e-09    2.892274111e-11     1.62025658e-09    2.162345725e-10    1.760548496e-09        1.562451589                  0
                  0               1024                  0                  0                  0                  0                  0    2.875658379e-11    1.643564664e-09    2.892274111e-11     1.62025658e-09    2.162345725e-10    1.760548496e-09        1.562451589                  0
                  0               1024                  0                  0                  0                  0                  0    2.875658379e-11    2.990819596e-09    2.892274111e-11     1.62025658e-09    2.162345725e-10    3.975804241e-09        1.793620356                  0
                  0               1024                  0                  0                  0                  0                  0    2.875658379e-11    3.728143891e-09    2.892274111e-11     1.62025658e-09    2.162345725e-10    3.992418374e-09        1.794428922                  0
                  0               1024                  0                  0                  0                  0                  0    2.875658379e-11    3.728143891e-09    2.892274111e-11     1.62025658e-09    2.162345725e-10    3.992418374e-09        1.794485718                  0
                  0               1024                  0                  0                  0                  0                  0    2.875658379e-11    3.728143891e-09    2.892274111e-11    1.968984714e-09    2.162345725e-10    3.992418374e-09        1.794485718                  0
                  0               1024                  0                  0                  0                  0                  0    2.875658379e-11    3.728143891e-09    2.892274111e-11    2.944528517e-09    2.162345725e-10    3.992418374e-09        1.794485718                  0
                  0               1024                  0                  0                  0                  0                  0    2.875658379e-11    3.728143891e-09    2.892274111e-11    3.650190669e-09    2.162345725e-10    3.992418374e-09        1.794485718                  0
                  0               1024                  0                  0                  0                  0                  0    2.875658379e-11    3.728143891e-09    2.892274111e-11    3.650190669e-09    2.162345725e-10    3.992418374e-09        1.794485718                  0
                  0               1024                  0                  0                  0                  0                  0    2.875658379e-11    5.357066668e-09    2.892274111e-11    3.650190669e-09    2.162345725e-10    7.114435446e-09        1.881988495                  0
                  0               1024                  0                  0                  0                  0                  0    2.875658379e-11    6.682599415e-09    2.892274111e-11    3.650190669e-09    2.162345725e-10    7.154310584e-09        1.882624181                  0
                  0               1024                  0                  0                  0                  0                  0    2.875658379e-11    6.682599415e-09    2.892274111e-11    3.650190669e-09    2.162345725e-10    7.154310584e-09        1.882649347                  0
                  0               1024                  0                  0                  0                  0                  0    2.875658379e-11    6.682599415e-09    2.892274111e-11    3.650190669e-09    2.162345725e-10    7.154310584e-09        1.882649347                  0
                  0               1024                  0                  0                  0                  0                  0    2.875658379e-11    6.682599415e-09    2.892274111e-11    5.247936339e-09    2.162345725e-10    7.154310584e-09        1.882649347                  0
                  0               1024                  0                  0                  0                  0                  0    2.875658379e-11    6.682599415e-09    2.892274111e-11    6.497542322e-09    2.162345725e-10    7.154310584e-09        1.882649347                  0
                  0               1024                  0                  0                  0                  0                  0    2.875658379e-11    6.682599415e-09    2.892274111e-11    6.497542322e-09    2.162345725e-10    7.154310584e-09        1.882649347                  0
                  0               1024                  0                  0                  0                  0                  0    2.875658379e-11    8.434046014e-09    2.892274111e-11    6.497542322e-09    2.162345725e-10    1.118981694e-08        1.924156668                  0
                  0               1024                  0                  0                  0                  0                  0    2.875658379e-11    1.052926991e-08    2.892274111e-11    6.497542322e-09    2.162345725e-10    1.126870685e-08        1.924676132                  0
                  0               1024                  0                  0                  0                  0                  0    2.875658379e-11    1.052926991e-08    2.892274111e-11    6.497542322e-09    2.162345725e-10    1.126870685e-08         1.92468936                  0
                  0               1024                  0                  0                  0                  0                  0    2.875658379e-11    1.052926991e-08    2.892274111e-11    6.497542322e-09    2.162345725e-10    1.126870685e-08         1.92468936                  0
                  0               1024                  0                  0                  0                  0                  0    2.875658379e-11    1.052926991e-08    2.892274111e-11    8.220862666e-09    2.162345725e-10    1.126870685e-08         1.92468936                  0
                  0               1024                  0                  0                  0                  0                  0    2.875658379e-11    1.052926991e-08    2.892274111e-11    1.016555567e-08    2.162345725e-10    1.126870685e-08         1.92468936                  0
                  0               1024                  0                  0                  0                  0                  0    2.875658379e-11    1.052926991e-08    2.892274111e-11    1.016555567e-08    2.162345725e-10    1.126870685e-08         1.92468936                  0
                  0               1024                  0                  0                  0                  0                  0    2.875658379e-11    1.223911745e-08    2.892274111e-11    1.016555567e-08    2.162345725e-10     1.62206059e-08        1.947371129                  0
                  0               1024                  0                  0                  0                  0                  0    2.875658379e-11     1.52896271e-08    2.892274111e-11    1.016555567e-08    2.162345725e-10    1.635900617e-08        1.947809661                  0
                  0               1024                  0                  0                  0                  0                  0    2.875658379e-11     1.52896271e-08    2.892274111e-11    1.016555567e-08    2.162345725e-10    1.635900617e-08        1.947817452                  0
                  0               1024                  0                  0                  0                  0                  0    2.875658379e-11     1.52896271e-08    2.892274111e-11    1.016555567e-08    2.162345725e-10    1.635900617e-08        1.947817452                  0
                  0               1024                  0                  0                  0                  0                  0    2.875658379e-11     1.52896271e-08    2.892274111e-11    1.186846603e-08    2.162345725e-10    1.635900617e-08        1.947817452                  0
                  0               1024                  0                  0                  0                  0                  0    2.875658379e-11     1.52896271e-08    2.892274111e-11    1.465802354e-08    2.162345725e-10    1.635900617e-08        1.947817452                  0
                  0               1024                  0                  0                  0                  0                  0    2.875658379e-11     1.52896271e-08    2.892274111e-11    1.465802354e-08    2.162345725e-10    1.635900617e-08        1.947817452                  0
