@ NAME             %09s "DYNAPTUNE"
@ TYPE             %09s "DYNAPTUNE"
@ TITLE            %08s "no-title"
@ ORIGIN           %22s "MAD-X 5.02.00 Linux 64"
@ DATE             %08s "15/04/16"
@ TIME             %08s "15.40.46"
*                  X                  Y               TUNX               TUNY              DTUNE 
$                %le                %le                %le                %le                %le 
    0.0001147144248    0.0001538260493       0.3100037135       0.3200025709    1.072517141e-10
    0.0001986912121    0.0001538260493       0.3100042752       0.3200016444    1.633119501e-10
    0.0002216112511    7.962622237e-05       0.3100048194       0.3200011361    1.732485131e-10
    0.0001986912121    0.0001538260493       0.3100042752       0.3200016444    1.633113405e-10
    0.0001622306953    0.0002175428852       0.3100035323       0.3200023383    1.515517069e-10
    0.0001147144248    0.0002664345329       0.3100027899       0.3200030314    1.626408754e-10
    5.938055576e-05    0.0002971691076       0.3100022471       0.3200035381    2.866068686e-10
    0.0001147144248    0.0002664345329       0.3100027899       0.3200030314    1.626408754e-10
    0.0003973824241    0.0003076520986        0.310005425        0.319998152      3.2090479e-10
    0.0004432225021    0.0001592524447       0.3100076078       0.3199961104    3.409639397e-10
    0.0003973824241    0.0003076520986        0.310005425        0.319998152    3.209015853e-10
    0.0003244613906    0.0004350857703       0.3100024467       0.3200009369    2.990376737e-10
    0.0002294288495    0.0005328690658       0.3099994731       0.3200037162    3.226339568e-10
    0.0001187611115    0.0005943382151       0.3099973015        0.320005745    5.712400379e-10
    0.0002294288495    0.0005328690658       0.3099994731       0.3200037162    3.226314357e-10
    0.0005960736362    0.0004614781479       0.3100073574       0.3199922996    4.687162107e-10
    0.0006648337532    0.0002388786671       0.3100122826       0.3199876867    4.974371255e-10
    0.0005960736362    0.0004614781479       0.3100073574       0.3199922996    4.687162107e-10
    0.0004866920859    0.0006526286555       0.3100006408       0.3199985876    4.387071249e-10
    0.0003441432743    0.0007993035988       0.3099939411       0.3200048562    4.757391738e-10
    0.0001781416673    0.0008915073227       0.3099890542       0.3200094256     8.47524621e-10
    0.0003441432743    0.0007993035988       0.3099939411       0.3200048562    4.757395149e-10
    0.0007947648482    0.0006153041972       0.3100100852       0.3199840603    6.049513408e-10
    0.0008864450042    0.0003185048895       0.3100188672       0.3199758244    6.415585593e-10
    0.0007947648482    0.0006153041972       0.3100100852       0.3199840603    6.049525863e-10
    0.0006489227812    0.0008701715407       0.3099981169       0.3199952787      5.6758111e-10
    0.0004588576991     0.001065738132       0.3099861897       0.3200064502    6.180665446e-10
     0.000237522223      0.00118867643       0.3099775009       0.3200145819    1.110556399e-09
    0.0004588576991     0.001065738132       0.3099861897       0.3200064502    6.180664026e-10
    0.0009934560603    0.0007691302465       0.3100136214       0.3199734061    7.276946727e-10
     0.001108056255    0.0003981311119       0.3100273854        0.319960481    7.707244709e-10
    0.0009934560603    0.0007691302465       0.3100136214       0.3199734061    7.276946713e-10
    0.0008111534765     0.001087714426       0.3099948765       0.3199909979    6.821745826e-10
    0.0005735721238     0.001332172665       0.3099762143       0.3200084971    7.453434065e-10
    0.0002969027788     0.001485845538       0.3099626371       0.3200212158     1.35676324e-09
    0.0005735721238     0.001332172665       0.3099762143       0.3200084971    7.453434065e-10
     0.001192147272    0.0009229562958       0.3100179788       0.3199603078     8.34139432e-10
     0.001329667506    0.0004777573342       0.3100378617       0.3199416125    8.770709461e-10
     0.001192147272    0.0009229562958       0.3100179788       0.3199603078     8.34139432e-10
    0.0009733841718     0.001305257311       0.3099909206       0.3199857329    7.783953747e-10
    0.0006882865486     0.001598607198       0.3099640094       0.3200109954    8.535945518e-10
    0.0003562833346     0.001783014645       0.3099444574       0.3200293292    1.586277324e-09
    0.0006882865486     0.001598607198       0.3099640094       0.3200109954    8.535945518e-10
